Date,Low,Open,Volume,High,Close,Adjusted Close
18-06-2012,8.699999809265137,8.75,5158.0,8.84000015258789,8.84000015258789,8.84000015258789
19-06-2012,8.880000114440918,8.890000343322754,37.0,8.890000343322754,8.890000343322754,8.890000343322754
20-06-2012,9.100000381469727,9.100000381469727,5000.0,9.100000381469727,9.100000381469727,9.100000381469727
21-06-2012,8.829999923706055,8.899999618530273,55.0,8.899999618530273,8.829999923706055,8.829999923706055
22-06-2012,8.699999809265137,8.699999809265137,541.0,8.899999618530273,8.890000343322754,8.890000343322754
25-06-2012,8.890000343322754,8.949999809265137,31.0,8.949999809265137,8.899999618530273,8.899999618530273
26-06-2012,8.640000343322754,8.649999618530273,432.0,8.850000381469727,8.649999618530273,8.649999618530273
27-06-2012,8.600000381469727,8.619999885559082,2195.0,9.0,9.0,9.0
28-06-2012,8.600000381469727,8.729999542236328,726.0,8.989999771118164,8.800000190734863,8.800000190734863
29-06-2012,8.5600004196167,8.779999732971191,768.0,8.890000343322754,8.699999809265137,8.699999809265137
02-07-2012,8.960000038146973,8.960000038146973,10.0,8.960000038146973,8.960000038146973,8.960000038146973
03-07-2012,8.960000038146973,8.960000038146973,0.0,8.960000038146973,8.960000038146973,8.960000038146973
05-07-2012,8.699999809265137,8.699999809265137,579.0,8.890000343322754,8.800000190734863,8.800000190734863
06-07-2012,8.699999809265137,8.699999809265137,936.0,8.800000190734863,8.760000228881836,8.760000228881836
09-07-2012,8.800000190734863,8.800000190734863,20.0,8.800000190734863,8.800000190734863,8.800000190734863
10-07-2012,8.600000381469727,8.600000381469727,257.0,8.789999961853027,8.779999732971191,8.779999732971191
11-07-2012,8.550000190734863,8.550000190734863,476.0,8.779999732971191,8.779999732971191,8.779999732971191
12-07-2012,8.550000190734863,8.550000190734863,616.0,8.789999961853027,8.789999961853027,8.789999961853027
13-07-2012,8.550000190734863,8.5600004196167,2318.0,8.789999961853027,8.789999961853027,8.789999961853027
16-07-2012,8.5600004196167,8.5600004196167,969.0,8.779999732971191,8.770000457763672,8.770000457763672
17-07-2012,8.5600004196167,8.75,2005.0,8.75,8.729999542236328,8.729999542236328
18-07-2012,8.600000381469727,8.760000228881836,645.0,8.760000228881836,8.699999809265137,8.699999809265137
19-07-2012,8.600000381469727,8.600000381469727,1347.0,8.699999809265137,8.630000114440918,8.630000114440918
20-07-2012,8.5,8.5,1712.0,8.680000305175781,8.680000305175781,8.680000305175781
23-07-2012,8.5,8.649999618530273,1026.0,8.760000228881836,8.680000305175781,8.680000305175781
24-07-2012,8.569999694824219,8.569999694824219,959.0,8.800000190734863,8.800000190734863,8.800000190734863
25-07-2012,8.800000190734863,8.800000190734863,0.0,8.800000190734863,8.800000190734863,8.800000190734863
26-07-2012,8.600000381469727,8.600000381469727,678.0,8.800000190734863,8.75,8.75
27-07-2012,8.520000457763672,8.600000381469727,528.0,8.699999809265137,8.699999809265137,8.699999809265137
30-07-2012,8.6899995803833,8.6899995803833,952.0,8.770000457763672,8.770000457763672,8.770000457763672
31-07-2012,8.600000381469727,8.789999961853027,252.0,8.789999961853027,8.789999961853027,8.789999961853027
01-08-2012,8.699999809265137,8.699999809265137,811.0,8.789999961853027,8.779999732971191,8.779999732971191
02-08-2012,8.779999732971191,8.800000190734863,664.0,8.800000190734863,8.789999961853027,8.789999961853027
03-08-2012,8.600000381469727,8.619999885559082,430.0,8.729999542236328,8.729999542236328,8.729999542236328
06-08-2012,8.520000457763672,8.520000457763672,958.0,8.770000457763672,8.770000457763672,8.770000457763672
07-08-2012,8.5,8.760000228881836,722.0,8.760000228881836,8.699999809265137,8.699999809265137
08-08-2012,8.449999809265137,8.449999809265137,1952.0,8.859999656677246,8.800000190734863,8.800000190734863
09-08-2012,8.630000114440918,8.800000190734863,192.0,8.979999542236328,8.800000190734863,8.800000190734863
10-08-2012,8.539999961853027,8.539999961853027,1129.0,8.800000190734863,8.800000190734863,8.800000190734863
13-08-2012,8.800000190734863,8.800000190734863,0.0,8.800000190734863,8.800000190734863,8.800000190734863
14-08-2012,8.539999961853027,8.539999961853027,25.0,8.789999961853027,8.789999961853027,8.789999961853027
15-08-2012,8.550000190734863,8.550000190734863,8.0,8.550000190734863,8.550000190734863,8.550000190734863
16-08-2012,8.539999961853027,8.699999809265137,2927.0,8.800000190734863,8.800000190734863,8.800000190734863
17-08-2012,8.600000381469727,8.609999656677246,1180.0,8.899999618530273,8.899999618530273,8.899999618530273
20-08-2012,8.899999618530273,8.899999618530273,0.0,8.899999618530273,8.899999618530273,8.899999618530273
21-08-2012,8.640000343322754,8.640000343322754,32.0,8.779999732971191,8.779999732971191,8.779999732971191
22-08-2012,8.5600004196167,8.5600004196167,298.0,8.760000228881836,8.609999656677246,8.609999656677246
23-08-2012,8.699999809265137,8.779999732971191,47.0,8.779999732971191,8.770000457763672,8.770000457763672
24-08-2012,8.619999885559082,8.779999732971191,204.0,8.779999732971191,8.699999809265137,8.699999809265137
27-08-2012,8.630000114440918,8.770000457763672,62.0,8.770000457763672,8.630000114440918,8.630000114440918
28-08-2012,8.609999656677246,8.770000457763672,42.0,8.84000015258789,8.84000015258789,8.84000015258789
29-08-2012,8.8100004196167,8.819999694824219,120.0,8.819999694824219,8.8100004196167,8.8100004196167
30-08-2012,8.699999809265137,8.699999809265137,1058.0,8.880000114440918,8.880000114440918,8.880000114440918
31-08-2012,8.619999885559082,8.649999618530273,3195.0,8.880000114440918,8.850000381469727,8.850000381469727
04-09-2012,8.670000076293945,8.829999923706055,60.0,8.829999923706055,8.819999694824219,8.819999694824219
05-09-2012,8.670000076293945,8.800000190734863,456.0,8.800000190734863,8.779999732971191,8.779999732971191
06-09-2012,8.779999732971191,8.779999732971191,0.0,8.779999732971191,8.779999732971191,8.779999732971191
07-09-2012,8.670000076293945,8.670000076293945,60.0,8.779999732971191,8.779999732971191,8.779999732971191
10-09-2012,8.779999732971191,8.779999732971191,0.0,8.779999732971191,8.779999732971191,8.779999732971191
11-09-2012,8.520000457763672,8.520000457763672,6265.0,8.770000457763672,8.520000457763672,8.520000457763672
12-09-2012,8.5,8.520000457763672,1946.0,8.770000457763672,8.520000457763672,8.520000457763672
13-09-2012,8.270000457763672,8.520000457763672,106.0,8.520000457763672,8.5,8.5
14-09-2012,8.470000267028809,8.470000267028809,187.0,8.520000457763672,8.520000457763672,8.520000457763672
17-09-2012,8.369999885559082,8.619999885559082,294.0,8.619999885559082,8.569999694824219,8.569999694824219
18-09-2012,8.350000381469727,8.359999656677246,251.0,8.579999923706055,8.569999694824219,8.569999694824219
19-09-2012,8.350000381469727,8.350000381469727,25.0,8.350000381469727,8.350000381469727,8.350000381469727
20-09-2012,8.15999984741211,8.300000190734863,153.0,8.350000381469727,8.329999923706055,8.329999923706055
21-09-2012,8.350000381469727,8.350000381469727,1510.0,8.520000457763672,8.520000457763672,8.520000457763672
24-09-2012,8.3100004196167,8.5600004196167,1206.0,8.5600004196167,8.489999771118164,8.489999771118164
25-09-2012,8.399999618530273,8.399999618530273,905.0,8.489999771118164,8.399999618530273,8.399999618530273
26-09-2012,8.180000305175781,8.420000076293945,759.0,8.420000076293945,8.399999618530273,8.399999618530273
27-09-2012,8.149999618530273,8.149999618530273,926.0,8.399999618530273,8.399999618530273,8.399999618530273
28-09-2012,8.149999618530273,8.149999618530273,4085.0,8.390000343322754,8.390000343322754,8.390000343322754
01-10-2012,8.140000343322754,8.140000343322754,10.0,8.300000190734863,8.300000190734863,8.300000190734863
02-10-2012,8.279999732971191,8.289999961853027,173.0,8.289999961853027,8.289999961853027,8.289999961853027
03-10-2012,8.199999809265137,8.199999809265137,250.0,8.279999732971191,8.279999732971191,8.279999732971191
04-10-2012,8.039999961853027,8.100000381469727,1037.0,8.279999732971191,8.270000457763672,8.270000457763672
05-10-2012,8.029999732971191,8.029999732971191,266.0,8.270000457763672,8.270000457763672,8.270000457763672
08-10-2012,8.100000381469727,8.100000381469727,48.0,8.270000457763672,8.270000457763672,8.270000457763672
09-10-2012,8.109999656677246,8.109999656677246,111.0,8.25,8.25,8.25
10-10-2012,8.100000381469727,8.100000381469727,200.0,8.239999771118164,8.100000381469727,8.100000381469727
11-10-2012,7.860000133514404,8.0,1097.0,8.100000381469727,8.039999961853027,8.039999961853027
12-10-2012,7.800000190734863,7.800000190734863,335.0,8.0,8.0,8.0
15-10-2012,8.0,8.0,0.0,8.0,8.0,8.0
16-10-2012,8.100000381469727,8.100000381469727,1562.0,8.239999771118164,8.199999809265137,8.199999809265137
17-10-2012,8.0,8.239999771118164,256.0,8.239999771118164,8.199999809265137,8.199999809265137
18-10-2012,8.199999809265137,8.199999809265137,0.0,8.199999809265137,8.199999809265137,8.199999809265137
19-10-2012,8.0,8.0,1155.0,8.1899995803833,8.1899995803833,8.1899995803833
22-10-2012,8.0,8.0,1100.0,8.1899995803833,8.180000305175781,8.180000305175781
23-10-2012,8.0,8.199999809265137,1679.0,8.199999809265137,8.199999809265137,8.199999809265137
24-10-2012,8.0,8.100000381469727,2062.0,8.1899995803833,8.1899995803833,8.1899995803833
25-10-2012,8.0,8.0,504.0,8.15999984741211,8.15999984741211,8.15999984741211
26-10-2012,8.15999984741211,8.15999984741211,0.0,8.15999984741211,8.15999984741211,8.15999984741211
31-10-2012,7.900000095367432,7.909999847412109,1198.0,8.100000381469727,8.100000381469727,8.100000381469727
01-11-2012,7.840000152587891,7.869999885559082,7165.0,8.140000343322754,7.840000152587891,7.840000152587891
02-11-2012,8.069999694824219,8.069999694824219,27.0,8.140000343322754,8.109999656677246,8.109999656677246
05-11-2012,8.149999618530273,8.149999618530273,1.0,8.149999618530273,8.149999618530273,8.149999618530273
06-11-2012,8.149999618530273,8.149999618530273,0.0,8.149999618530273,8.149999618530273,8.149999618530273
07-11-2012,7.909999847412109,7.909999847412109,11.0,8.119999885559082,8.119999885559082,8.119999885559082
08-11-2012,8.119999885559082,8.119999885559082,0.0,8.119999885559082,8.119999885559082,8.119999885559082
09-11-2012,8.119999885559082,8.119999885559082,0.0,8.119999885559082,8.119999885559082,8.119999885559082
12-11-2012,8.100000381469727,8.100000381469727,1.0,8.100000381469727,8.100000381469727,8.100000381469727
13-11-2012,8.100000381469727,8.100000381469727,0.0,8.100000381469727,8.100000381469727,8.100000381469727
14-11-2012,7.800000190734863,7.860000133514404,940.0,8.029999732971191,8.0,8.0
15-11-2012,8.0,8.0,0.0,8.0,8.0,8.0
16-11-2012,8.0,8.0,0.0,8.0,8.0,8.0
19-11-2012,8.0,8.0,0.0,8.0,8.0,8.0
20-11-2012,8.0,8.0,0.0,8.0,8.0,8.0
21-11-2012,7.760000228881836,7.760000228881836,932.0,7.880000114440918,7.880000114440918,7.880000114440918
23-11-2012,7.550000190734863,7.650000095367432,841.0,7.78000020980835,7.769999980926514,7.769999980926514
26-11-2012,7.599999904632568,7.800000190734863,2901.0,7.900000095367432,7.900000095367432,7.900000095367432
27-11-2012,7.699999809265137,7.699999809265137,20.0,7.699999809265137,7.699999809265137,7.699999809265137
28-11-2012,7.46999979019165,7.5,5441.0,7.599999904632568,7.599999904632568,7.599999904632568
29-11-2012,7.570000171661377,7.800000190734863,148.0,7.800000190734863,7.570000171661377,7.570000171661377
30-11-2012,7.400000095367432,7.699999809265137,343.0,7.699999809265137,7.699999809265137,7.699999809265137
03-12-2012,7.46999979019165,7.46999979019165,10.0,7.699999809265137,7.699999809265137,7.699999809265137
04-12-2012,7.769999980926514,7.769999980926514,1.0,7.769999980926514,7.769999980926514,7.769999980926514
05-12-2012,7.429999828338623,7.5,148.0,7.769999980926514,7.699999809265137,7.699999809265137
06-12-2012,7.360000133514404,7.360000133514404,102.0,7.690000057220459,7.690000057220459,7.690000057220459
07-12-2012,7.460000038146973,7.460000038146973,69.0,7.610000133514404,7.610000133514404,7.610000133514404
10-12-2012,7.380000114440918,7.599999904632568,639.0,7.599999904632568,7.5,7.5
11-12-2012,7.28000020980835,7.300000190734863,915.0,7.5,7.28000020980835,7.28000020980835
12-12-2012,7.0,7.28000020980835,364.0,7.599999904632568,7.059999942779541,7.059999942779541
13-12-2012,7.070000171661377,7.269999980926514,815.0,7.480000019073486,7.46999979019165,7.46999979019165
14-12-2012,7.039999961853027,7.25,285.0,7.460000038146973,7.400000095367432,7.400000095367432
17-12-2012,7.179999828338623,7.179999828338623,763.0,7.179999828338623,7.179999828338623,7.179999828338623
18-12-2012,7.050000190734863,7.050000190734863,1041.0,7.179999828338623,7.179999828338623,7.179999828338623
19-12-2012,7.0,7.099999904632568,511.0,7.389999866485596,7.099999904632568,7.099999904632568
20-12-2012,7.050000190734863,7.289999961853027,322.0,7.289999961853027,7.199999809265137,7.199999809265137
21-12-2012,6.989999771118164,7.099999904632568,4438.0,7.199999809265137,7.199999809265137,7.199999809265137
24-12-2012,7.0,7.0,522.0,7.099999904632568,7.099999904632568,7.099999904632568
26-12-2012,6.769999980926514,6.96999979019165,1340.0,6.96999979019165,6.96999979019165,6.96999979019165
27-12-2012,7.0,7.0,16.0,7.099999904632568,7.099999904632568,7.099999904632568
28-12-2012,6.900000095367432,6.900000095367432,215.0,7.0,6.900000095367432,6.900000095367432
31-12-2012,6.579999923706055,6.579999923706055,1115.0,6.989999771118164,6.989999771118164,6.989999771118164
02-01-2013,7.050000190734863,7.050000190734863,325.0,7.050000190734863,7.050000190734863,7.050000190734863
03-01-2013,7.039999961853027,7.25,190.0,7.460000038146973,7.039999961853027,7.039999961853027
04-01-2013,7.039999961853027,7.25,22.0,7.25,7.190000057220459,7.190000057220459
07-01-2013,7.079999923706055,7.079999923706055,10.0,7.079999923706055,7.079999923706055,7.079999923706055
08-01-2013,6.989999771118164,7.0,910.0,7.0,7.0,7.0
09-01-2013,7.0,7.0,0.0,7.0,7.0,7.0
10-01-2013,6.699999809265137,6.699999809265137,2322.0,7.079999923706055,7.0,7.0
11-01-2013,6.789999961853027,6.989999771118164,1651.0,6.989999771118164,6.900000095367432,6.900000095367432
14-01-2013,6.900000095367432,6.900000095367432,0.0,6.900000095367432,6.900000095367432,6.900000095367432
15-01-2013,6.71999979019165,6.800000190734863,3384.0,6.900000095367432,6.800000190734863,6.800000190734863
16-01-2013,6.75,6.949999809265137,223.0,6.949999809265137,6.75,6.75
17-01-2013,6.650000095367432,6.849999904632568,2590.0,6.849999904632568,6.650000095367432,6.650000095367432
18-01-2013,6.460000038146973,6.5,5154.0,6.650000095367432,6.460000038146973,6.460000038146973
22-01-2013,6.260000228881836,6.389999866485596,2318.0,6.389999866485596,6.389999866485596,6.389999866485596
23-01-2013,6.019999980926514,6.199999809265137,3497.0,6.380000114440918,6.179999828338623,6.179999828338623
24-01-2013,6.179999828338623,6.179999828338623,0.0,6.179999828338623,6.179999828338623,6.179999828338623
25-01-2013,6.019999980926514,6.050000190734863,483.0,6.170000076293945,6.170000076293945,6.170000076293945
28-01-2013,6.039999961853027,6.039999961853027,580.0,6.170000076293945,6.139999866485596,6.139999866485596
29-01-2013,6.099999904632568,6.119999885559082,4204.0,6.199999809265137,6.170000076293945,6.170000076293945
30-01-2013,6.170000076293945,6.170000076293945,3728.0,6.25,6.239999771118164,6.239999771118164
31-01-2013,6.25,6.25,3727.0,6.400000095367432,6.309999942779541,6.309999942779541
01-02-2013,6.400000095367432,6.400000095367432,7001.0,6.690000057220459,6.690000057220459,6.690000057220459
04-02-2013,6.889999866485596,6.889999866485596,4475.0,7.090000152587891,7.090000152587891,7.090000152587891
05-02-2013,6.889999866485596,7.099999904632568,8499.0,7.289999961853027,6.989999771118164,6.989999771118164
06-02-2013,6.679999828338623,6.679999828338623,1136.0,6.949999809265137,6.679999828338623,6.679999828338623
07-02-2013,6.400000095367432,6.400000095367432,4183.0,6.940000057220459,6.650000095367432,6.650000095367432
08-02-2013,6.840000152587891,6.840000152587891,40.0,6.840000152587891,6.840000152587891,6.840000152587891
11-02-2013,6.639999866485596,6.980000019073486,487.0,6.980000019073486,6.949999809265137,6.949999809265137
12-02-2013,6.96999979019165,6.96999979019165,7.0,6.96999979019165,6.96999979019165,6.96999979019165
13-02-2013,6.769999980926514,6.900000095367432,3451.0,6.900000095367432,6.800000190734863,6.800000190734863
14-02-2013,6.599999904632568,6.849999904632568,267.0,6.949999809265137,6.599999904632568,6.599999904632568
15-02-2013,6.590000152587891,6.789999961853027,811.0,6.789999961853027,6.699999809265137,6.699999809265137
19-02-2013,6.650000095367432,6.800000190734863,62.0,6.800000190734863,6.78000020980835,6.78000020980835
20-02-2013,6.579999923706055,6.579999923706055,3473.0,6.769999980926514,6.590000152587891,6.590000152587891
21-02-2013,6.400000095367432,6.420000076293945,420.0,6.590000152587891,6.590000152587891,6.590000152587891
22-02-2013,6.400000095367432,6.400000095367432,223.0,6.590000152587891,6.590000152587891,6.590000152587891
25-02-2013,6.590000152587891,6.590000152587891,0.0,6.590000152587891,6.590000152587891,6.590000152587891
26-02-2013,6.400000095367432,6.400000095367432,2274.0,6.579999923706055,6.400000095367432,6.400000095367432
27-02-2013,6.300000190734863,6.300000190734863,29.0,6.389999866485596,6.389999866485596,6.389999866485596
28-02-2013,6.449999809265137,6.579999923706055,423.0,6.670000076293945,6.650000095367432,6.650000095367432
01-03-2013,6.650000095367432,6.650000095367432,200.0,6.650000095367432,6.650000095367432,6.650000095367432
04-03-2013,6.460000038146973,6.650000095367432,3135.0,6.650000095367432,6.460000038146973,6.460000038146973
05-03-2013,6.420000076293945,6.610000133514404,70.0,6.610000133514404,6.599999904632568,6.599999904632568
06-03-2013,6.420000076293945,6.599999904632568,6868.0,6.599999904632568,6.420000076293945,6.420000076293945
07-03-2013,6.420000076293945,6.610000133514404,1809.0,6.610000133514404,6.599999904632568,6.599999904632568
08-03-2013,6.420000076293945,6.420000076293945,1070.0,6.590000152587891,6.590000152587891,6.590000152587891
11-03-2013,6.460000038146973,6.46999979019165,518.0,6.46999979019165,6.460000038146973,6.460000038146973
12-03-2013,6.300000190734863,6.309999942779541,6808.0,6.579999923706055,6.349999904632568,6.349999904632568
13-03-2013,6.300000190734863,6.300000190734863,211.0,6.480000019073486,6.480000019073486,6.480000019073486
14-03-2013,6.400000095367432,6.590000152587891,50.0,6.590000152587891,6.570000171661377,6.570000171661377
15-03-2013,6.550000190734863,6.550000190734863,497.0,6.590000152587891,6.590000152587891,6.590000152587891
18-03-2013,6.590000152587891,6.590000152587891,1133.0,6.75,6.75,6.75
19-03-2013,6.559999942779541,6.75,1610.0,6.800000190734863,6.789999961853027,6.789999961853027
20-03-2013,6.789999961853027,6.789999961853027,0.0,6.789999961853027,6.789999961853027,6.789999961853027
21-03-2013,6.789999961853027,6.789999961853027,0.0,6.789999961853027,6.789999961853027,6.789999961853027
22-03-2013,6.789999961853027,6.789999961853027,0.0,6.789999961853027,6.789999961853027,6.789999961853027
25-03-2013,6.590000152587891,6.75,1123.0,6.75,6.739999771118164,6.739999771118164
26-03-2013,6.739999771118164,6.739999771118164,0.0,6.739999771118164,6.739999771118164,6.739999771118164
27-03-2013,6.539999961853027,6.539999961853027,907.0,6.699999809265137,6.639999866485596,6.639999866485596
28-03-2013,6.639999866485596,6.639999866485596,9.0,6.639999866485596,6.639999866485596,6.639999866485596
01-04-2013,6.639999866485596,6.639999866485596,0.0,6.639999866485596,6.639999866485596,6.639999866485596
02-04-2013,6.210000038146973,6.400000095367432,2048.0,6.590000152587891,6.590000152587891,6.590000152587891
03-04-2013,6.400000095367432,6.590000152587891,153.0,6.590000152587891,6.5,6.5
04-04-2013,6.440000057220459,6.579999923706055,126.0,6.579999923706055,6.550000190734863,6.550000190734863
05-04-2013,6.349999904632568,6.349999904632568,363.0,6.599999904632568,6.360000133514404,6.360000133514404
08-04-2013,6.260000228881836,6.550000190734863,112.0,6.550000190734863,6.260000228881836,6.260000228881836
09-04-2013,6.260000228881836,6.260000228881836,0.0,6.260000228881836,6.260000228881836,6.260000228881836
10-04-2013,6.150000095367432,6.25,3692.0,6.429999828338623,6.429999828338623,6.429999828338623
11-04-2013,6.5,6.5,18.0,6.5,6.5,6.5
12-04-2013,6.309999942779541,6.449999809265137,156.0,6.449999809265137,6.449999809265137,6.449999809265137
15-04-2013,6.449999809265137,6.449999809265137,0.0,6.449999809265137,6.449999809265137,6.449999809265137
16-04-2013,6.260000228881836,6.260000228881836,526.0,6.400000095367432,6.400000095367432,6.400000095367432
17-04-2013,6.119999885559082,6.119999885559082,545.0,6.349999904632568,6.329999923706055,6.329999923706055
18-04-2013,6.099999904632568,6.099999904632568,715.0,6.329999923706055,6.300000190734863,6.300000190734863
19-04-2013,6.300000190734863,6.300000190734863,0.0,6.300000190734863,6.300000190734863,6.300000190734863
22-04-2013,6.119999885559082,6.119999885559082,86.0,6.25,6.199999809265137,6.199999809265137
23-04-2013,6.019999980926514,6.070000171661377,595.0,6.199999809265137,6.139999866485596,6.139999866485596
24-04-2013,6.0,6.010000228881836,972.0,6.099999904632568,6.0,6.0
25-04-2013,5.800000190734863,5.900000095367432,2883.0,5.900000095367432,5.800000190734863,5.800000190734863
26-04-2013,5.639999866485596,5.699999809265137,276.0,5.710000038146973,5.699999809265137,5.699999809265137
29-04-2013,5.53000020980835,5.599999904632568,452.0,5.599999904632568,5.599999904632568,5.599999904632568
30-04-2013,5.5,5.5,385.0,5.739999771118164,5.739999771118164,5.739999771118164
01-05-2013,5.739999771118164,5.739999771118164,0.0,5.739999771118164,5.739999771118164,5.739999771118164
02-05-2013,5.800000190734863,5.800000190734863,80.0,5.96999979019165,5.96999979019165,5.96999979019165
03-05-2013,5.960000038146973,5.960000038146973,145.0,5.960000038146973,5.960000038146973,5.960000038146973
06-05-2013,5.789999961853027,5.789999961853027,70.0,5.900000095367432,5.900000095367432,5.900000095367432
07-05-2013,5.949999809265137,5.949999809265137,10.0,5.949999809265137,5.949999809265137,5.949999809265137
08-05-2013,5.78000020980835,5.949999809265137,50.0,5.949999809265137,5.78000020980835,5.78000020980835
09-05-2013,5.78000020980835,5.78000020980835,0.0,5.78000020980835,5.78000020980835,5.78000020980835
10-05-2013,5.78000020980835,5.78000020980835,0.0,5.78000020980835,5.78000020980835,5.78000020980835
13-05-2013,5.78000020980835,5.78000020980835,0.0,5.78000020980835,5.78000020980835,5.78000020980835
14-05-2013,5.519999980926514,5.579999923706055,313.0,5.579999923706055,5.570000171661377,5.570000171661377
15-05-2013,5.699999809265137,5.699999809265137,18.0,5.699999809265137,5.699999809265137,5.699999809265137
16-05-2013,5.53000020980835,5.699999809265137,2405.0,5.78000020980835,5.78000020980835,5.78000020980835
17-05-2013,5.949999809265137,5.949999809265137,3765.0,6.0,6.0,6.0
20-05-2013,6.119999885559082,6.119999885559082,25.0,6.119999885559082,6.119999885559082,6.119999885559082
21-05-2013,5.940000057220459,5.940000057220459,388.0,5.940000057220459,5.940000057220459,5.940000057220459
22-05-2013,5.769999980926514,5.769999980926514,897.0,6.0,6.0,6.0
23-05-2013,5.849999904632568,5.949999809265137,3754.0,6.099999904632568,6.0,6.0
24-05-2013,5.849999904632568,6.0,4013.0,6.170000076293945,5.989999771118164,5.989999771118164
28-05-2013,5.960000038146973,6.139999866485596,180.0,6.139999866485596,6.070000171661377,6.070000171661377
29-05-2013,5.889999866485596,6.099999904632568,1172.0,6.099999904632568,6.099999904632568,6.099999904632568
30-05-2013,5.849999904632568,5.849999904632568,1480.0,6.099999904632568,6.079999923706055,6.079999923706055
31-05-2013,6.079999923706055,6.079999923706055,0.0,6.079999923706055,6.079999923706055,6.079999923706055
03-06-2013,5.800000190734863,6.260000228881836,1135.0,6.260000228881836,5.800000190734863,5.800000190734863
04-06-2013,5.539999961853027,5.989999771118164,1291.0,5.989999771118164,5.699999809265137,5.699999809265137
05-06-2013,5.699999809265137,5.869999885559082,1234.0,6.039999961853027,6.03000020980835,6.03000020980835
06-06-2013,5.900000095367432,6.0,63.0,6.0,5.900000095367432,5.900000095367432
07-06-2013,5.900000095367432,5.900000095367432,0.0,5.900000095367432,5.900000095367432,5.900000095367432
10-06-2013,5.900000095367432,5.900000095367432,0.0,5.900000095367432,5.900000095367432,5.900000095367432
11-06-2013,5.900000095367432,5.900000095367432,0.0,5.900000095367432,5.900000095367432,5.900000095367432
12-06-2013,5.900000095367432,5.900000095367432,0.0,5.900000095367432,5.900000095367432,5.900000095367432
13-06-2013,5.900000095367432,5.900000095367432,0.0,5.900000095367432,5.900000095367432,5.900000095367432
14-06-2013,5.900000095367432,5.900000095367432,0.0,5.900000095367432,5.900000095367432,5.900000095367432
17-06-2013,5.900000095367432,5.900000095367432,0.0,5.900000095367432,5.900000095367432,5.900000095367432
18-06-2013,5.900000095367432,5.900000095367432,0.0,5.900000095367432,5.900000095367432,5.900000095367432
19-06-2013,5.639999866485596,5.639999866485596,2334.0,5.889999866485596,5.889999866485596,5.889999866485596
20-06-2013,5.71999979019165,5.71999979019165,3318.0,5.880000114440918,5.880000114440918,5.880000114440918
21-06-2013,5.75,5.75,3084.0,5.75,5.75,5.75
24-06-2013,5.849999904632568,5.849999904632568,5.0,5.849999904632568,5.849999904632568,5.849999904632568
25-06-2013,5.800000190734863,5.800000190734863,15.0,5.800000190734863,5.800000190734863,5.800000190734863
26-06-2013,5.880000114440918,5.880000114440918,13.0,5.880000114440918,5.880000114440918,5.880000114440918
27-06-2013,5.710000038146973,5.710000038146973,108.0,5.849999904632568,5.849999904632568,5.849999904632568
28-06-2013,5.699999809265137,5.699999809265137,8.0,5.849999904632568,5.849999904632568,5.849999904632568
01-07-2013,6.0,6.0,60.0,6.0,6.0,6.0
02-07-2013,5.730000019073486,5.730000019073486,693.0,5.980000019073486,5.739999771118164,5.739999771118164
03-07-2013,5.699999809265137,5.699999809265137,235.0,5.739999771118164,5.739999771118164,5.739999771118164
05-07-2013,5.739999771118164,5.739999771118164,0.0,5.739999771118164,5.739999771118164,5.739999771118164
08-07-2013,5.5,5.5,23.0,5.739999771118164,5.739999771118164,5.739999771118164
09-07-2013,5.579999923706055,5.650000095367432,227.0,5.650000095367432,5.650000095367432,5.650000095367432
10-07-2013,5.489999771118164,5.730000019073486,181.0,5.730000019073486,5.730000019073486,5.730000019073486
11-07-2013,5.489999771118164,5.489999771118164,308.0,5.730000019073486,5.730000019073486,5.730000019073486
12-07-2013,5.559999942779541,5.559999942779541,325.0,5.599999904632568,5.599999904632568,5.599999904632568
15-07-2013,5.5,5.5,10.0,5.730000019073486,5.730000019073486,5.730000019073486
16-07-2013,5.730000019073486,5.730000019073486,0.0,5.730000019073486,5.730000019073486,5.730000019073486
17-07-2013,5.559999942779541,5.559999942779541,79.0,5.730000019073486,5.71999979019165,5.71999979019165
18-07-2013,5.730000019073486,5.730000019073486,10.0,5.730000019073486,5.730000019073486,5.730000019073486
19-07-2013,5.730000019073486,5.730000019073486,0.0,5.730000019073486,5.730000019073486,5.730000019073486
22-07-2013,5.400000095367432,5.400000095367432,29.0,5.559999942779541,5.559999942779541,5.559999942779541
23-07-2013,5.309999942779541,5.309999942779541,1134.0,5.320000171661377,5.320000171661377,5.320000171661377
24-07-2013,5.159999847412109,5.309999942779541,431.0,5.460000038146973,5.159999847412109,5.159999847412109
25-07-2013,5.159999847412109,5.159999847412109,0.0,5.159999847412109,5.159999847412109,5.159999847412109
26-07-2013,5.110000133514404,5.110000133514404,17.0,5.159999847412109,5.159999847412109,5.159999847412109
29-07-2013,4.929999828338623,5.309999942779541,291.0,5.389999866485596,5.289999961853027,5.289999961853027
30-07-2013,5.289999961853027,5.289999961853027,0.0,5.289999961853027,5.289999961853027,5.289999961853027
31-07-2013,5.28000020980835,5.28000020980835,10414.0,5.440000057220459,5.440000057220459,5.440000057220459
01-08-2013,5.440000057220459,5.440000057220459,99.0,5.599999904632568,5.599999904632568,5.599999904632568
02-08-2013,5.440000057220459,5.730000019073486,80.0,5.730000019073486,5.730000019073486,5.730000019073486
05-08-2013,5.730000019073486,5.730000019073486,0.0,5.730000019073486,5.730000019073486,5.730000019073486
06-08-2013,5.730000019073486,5.730000019073486,0.0,5.730000019073486,5.730000019073486,5.730000019073486
07-08-2013,5.730000019073486,5.730000019073486,0.0,5.730000019073486,5.730000019073486,5.730000019073486
08-08-2013,5.730000019073486,5.730000019073486,0.0,5.730000019073486,5.730000019073486,5.730000019073486
09-08-2013,5.730000019073486,5.730000019073486,0.0,5.730000019073486,5.730000019073486,5.730000019073486
12-08-2013,5.71999979019165,5.71999979019165,105.0,5.71999979019165,5.71999979019165,5.71999979019165
13-08-2013,5.71999979019165,5.71999979019165,0.0,5.71999979019165,5.71999979019165,5.71999979019165
14-08-2013,5.71999979019165,5.71999979019165,0.0,5.71999979019165,5.71999979019165,5.71999979019165
15-08-2013,5.46999979019165,5.699999809265137,852.0,5.699999809265137,5.46999979019165,5.46999979019165
16-08-2013,5.46999979019165,5.46999979019165,48.0,5.630000114440918,5.630000114440918,5.630000114440918
19-08-2013,5.699999809265137,5.699999809265137,15.0,5.699999809265137,5.699999809265137,5.699999809265137
20-08-2013,5.599999904632568,5.690000057220459,288.0,5.699999809265137,5.690000057220459,5.690000057220459
21-08-2013,5.599999904632568,5.599999904632568,415.0,5.730000019073486,5.730000019073486,5.730000019073486
22-08-2013,5.730000019073486,5.730000019073486,0.0,5.730000019073486,5.730000019073486,5.730000019073486
23-08-2013,5.730000019073486,5.730000019073486,0.0,5.730000019073486,5.730000019073486,5.730000019073486
26-08-2013,5.480000019073486,5.480000019073486,663.0,5.730000019073486,5.599999904632568,5.599999904632568
27-08-2013,5.489999771118164,5.489999771118164,62.0,5.599999904632568,5.599999904632568,5.599999904632568
28-08-2013,5.409999847412109,5.639999866485596,30.0,5.639999866485596,5.409999847412109,5.409999847412109
29-08-2013,5.409999847412109,5.570000171661377,217.0,5.570000171661377,5.409999847412109,5.409999847412109
30-08-2013,5.400000095367432,5.53000020980835,2520.0,5.53000020980835,5.53000020980835,5.53000020980835
03-09-2013,5.690000057220459,5.690000057220459,0.0,5.690000057220459,5.690000057220459,5.690000057220459
04-09-2013,5.690000057220459,5.690000057220459,0.0,5.690000057220459,5.690000057220459,5.690000057220459
05-09-2013,5.690000057220459,5.690000057220459,0.0,5.690000057220459,5.690000057220459,5.690000057220459
06-09-2013,5.690000057220459,5.690000057220459,0.0,5.690000057220459,5.690000057220459,5.690000057220459
09-09-2013,5.440000057220459,5.5,383.0,5.639999866485596,5.639999866485596,5.639999866485596
10-09-2013,5.480000019073486,5.480000019073486,2554.0,5.650000095367432,5.650000095367432,5.650000095367432
11-09-2013,5.650000095367432,5.650000095367432,0.0,5.650000095367432,5.650000095367432,5.650000095367432
12-09-2013,5.489999771118164,5.489999771118164,4061.0,5.639999866485596,5.630000114440918,5.630000114440918
13-09-2013,5.630000114440918,5.630000114440918,0.0,5.630000114440918,5.630000114440918,5.630000114440918
16-09-2013,5.630000114440918,5.630000114440918,0.0,5.630000114440918,5.630000114440918,5.630000114440918
17-09-2013,5.380000114440918,5.400000095367432,14730.0,5.570000171661377,5.380000114440918,5.380000114440918
18-09-2013,5.21999979019165,5.300000190734863,7021.0,5.300000190734863,5.300000190734863,5.300000190734863
19-09-2013,5.179999828338623,5.449999809265137,50.0,5.449999809265137,5.400000095367432,5.400000095367432
20-09-2013,5.400000095367432,5.559999942779541,2050.0,5.559999942779541,5.449999809265137,5.449999809265137
23-09-2013,5.449999809265137,5.449999809265137,0.0,5.449999809265137,5.449999809265137,5.449999809265137
24-09-2013,5.28000020980835,5.28000020980835,131.0,5.400000095367432,5.28000020980835,5.28000020980835
25-09-2013,5.130000114440918,5.28000020980835,100.0,5.28000020980835,5.130000114440918,5.130000114440918
26-09-2013,4.980000019073486,4.980000019073486,338.0,5.119999885559082,5.119999885559082,5.119999885559082
27-09-2013,5.239999771118164,5.25,805.0,5.25,5.239999771118164,5.239999771118164
30-09-2013,5.21999979019165,5.21999979019165,200.0,5.21999979019165,5.21999979019165,5.21999979019165
01-10-2013,5.199999809265137,5.239999771118164,148.0,5.300000190734863,5.300000190734863,5.300000190734863
02-10-2013,5.449999809265137,5.449999809265137,12.0,5.449999809265137,5.449999809265137,5.449999809265137
03-10-2013,5.389999866485596,5.389999866485596,5030.0,5.5,5.5,5.5
04-10-2013,5.5,5.5,0.0,5.5,5.5,5.5
07-10-2013,5.5,5.5,0.0,5.5,5.5,5.5
08-10-2013,5.449999809265137,5.449999809265137,4.0,5.449999809265137,5.449999809265137,5.449999809265137
09-10-2013,5.179999828338623,5.199999809265137,683.0,5.199999809265137,5.179999828338623,5.179999828338623
10-10-2013,5.03000020980835,5.03000020980835,1375.0,5.329999923706055,5.320000171661377,5.320000171661377
11-10-2013,5.440000057220459,5.440000057220459,10.0,5.440000057220459,5.440000057220459,5.440000057220459
14-10-2013,5.440000057220459,5.440000057220459,6048.0,5.449999809265137,5.449999809265137,5.449999809265137
15-10-2013,5.449999809265137,5.449999809265137,0.0,5.449999809265137,5.449999809265137,5.449999809265137
16-10-2013,5.449999809265137,5.449999809265137,0.0,5.449999809265137,5.449999809265137,5.449999809265137
17-10-2013,5.449999809265137,5.449999809265137,0.0,5.449999809265137,5.449999809265137,5.449999809265137
18-10-2013,5.289999961853027,5.289999961853027,146.0,5.400000095367432,5.400000095367432,5.400000095367432
21-10-2013,5.119999885559082,5.239999771118164,237.0,5.389999866485596,5.389999866485596,5.389999866485596
22-10-2013,5.389999866485596,5.389999866485596,28.0,5.429999828338623,5.429999828338623,5.429999828338623
23-10-2013,5.400000095367432,5.400000095367432,50.0,5.400000095367432,5.400000095367432,5.400000095367432
24-10-2013,5.239999771118164,5.239999771118164,862.0,5.389999866485596,5.389999866485596,5.389999866485596
25-10-2013,5.389999866485596,5.389999866485596,0.0,5.389999866485596,5.389999866485596,5.389999866485596
28-10-2013,5.389999866485596,5.389999866485596,0.0,5.389999866485596,5.389999866485596,5.389999866485596
29-10-2013,5.230000019073486,5.230000019073486,85.0,5.389999866485596,5.389999866485596,5.389999866485596
30-10-2013,5.389999866485596,5.389999866485596,0.0,5.389999866485596,5.389999866485596,5.389999866485596
31-10-2013,5.159999847412109,5.159999847412109,93.0,5.400000095367432,5.300000190734863,5.300000190734863
01-11-2013,5.380000114440918,5.389999866485596,105.0,5.389999866485596,5.380000114440918,5.380000114440918
04-11-2013,5.380000114440918,5.380000114440918,0.0,5.380000114440918,5.380000114440918,5.380000114440918
05-11-2013,5.380000114440918,5.380000114440918,0.0,5.380000114440918,5.380000114440918,5.380000114440918
06-11-2013,5.21999979019165,5.21999979019165,95.0,5.389999866485596,5.389999866485596,5.389999866485596
07-11-2013,5.239999771118164,5.239999771118164,220.0,5.300000190734863,5.300000190734863,5.300000190734863
08-11-2013,5.170000076293945,5.170000076293945,568.0,5.400000095367432,5.400000095367432,5.400000095367432
11-11-2013,5.28000020980835,5.28000020980835,467.0,5.28000020980835,5.28000020980835,5.28000020980835
12-11-2013,5.21999979019165,5.380000114440918,3431.0,5.380000114440918,5.21999979019165,5.21999979019165
13-11-2013,5.070000171661377,5.21999979019165,11072.0,5.369999885559082,5.369999885559082,5.369999885559082
14-11-2013,5.210000038146973,5.25,287.0,5.25,5.210000038146973,5.210000038146973
15-11-2013,5.079999923706055,5.079999923706055,567.0,5.269999980926514,5.269999980926514,5.269999980926514
18-11-2013,5.119999885559082,5.119999885559082,764.0,5.119999885559082,5.119999885559082,5.119999885559082
19-11-2013,5.0,5.119999885559082,1785.0,5.119999885559082,5.099999904632568,5.099999904632568
20-11-2013,4.96999979019165,4.96999979019165,290.0,5.119999885559082,5.119999885559082,5.119999885559082
21-11-2013,4.960000038146973,4.96999979019165,737.0,5.039999961853027,5.039999961853027,5.039999961853027
22-11-2013,4.96999979019165,4.96999979019165,1261.0,5.039999961853027,5.039999961853027,5.039999961853027
25-11-2013,5.190000057220459,5.190000057220459,20.0,5.190000057220459,5.190000057220459,5.190000057220459
26-11-2013,5.039999961853027,5.039999961853027,268.0,5.150000095367432,5.150000095367432,5.150000095367432
27-11-2013,5.0,5.0,130.0,5.179999828338623,5.179999828338623,5.179999828338623
29-11-2013,4.949999809265137,4.949999809265137,494.0,5.050000190734863,5.050000190734863,5.050000190734863
02-12-2013,4.900000095367432,4.900000095367432,140.0,5.199999809265137,5.199999809265137,5.199999809265137
03-12-2013,5.199999809265137,5.199999809265137,0.0,5.199999809265137,5.199999809265137,5.199999809265137
04-12-2013,4.96999979019165,4.96999979019165,49.0,4.96999979019165,4.96999979019165,4.96999979019165
05-12-2013,4.949999809265137,5.099999904632568,188.0,5.099999904632568,5.099999904632568,5.099999904632568
06-12-2013,5.099999904632568,5.099999904632568,0.0,5.099999904632568,5.099999904632568,5.099999904632568
09-12-2013,5.099999904632568,5.099999904632568,0.0,5.099999904632568,5.099999904632568,5.099999904632568
10-12-2013,5.099999904632568,5.099999904632568,0.0,5.099999904632568,5.099999904632568,5.099999904632568
11-12-2013,4.880000114440918,4.900000095367432,1844.0,5.099999904632568,5.099999904632568,5.099999904632568
12-12-2013,4.880000114440918,4.880000114440918,18.0,5.0,5.0,5.0
13-12-2013,5.0,5.0,0.0,5.0,5.0,5.0
16-12-2013,4.78000020980835,4.78000020980835,13.0,5.0,5.0,5.0
17-12-2013,5.0,5.0,0.0,5.0,5.0,5.0
18-12-2013,4.849999904632568,4.869999885559082,10651.0,5.099999904632568,5.0,5.0
19-12-2013,5.0,5.0,854.0,5.099999904632568,5.099999904632568,5.099999904632568
20-12-2013,5.079999923706055,5.090000152587891,600.0,5.090000152587891,5.090000152587891,5.090000152587891
23-12-2013,5.050000190734863,5.090000152587891,790.0,5.090000152587891,5.050000190734863,5.050000190734863
24-12-2013,4.960000038146973,5.0,1248.0,5.0,4.960000038146973,4.960000038146973
26-12-2013,5.0,5.079999923706055,6864.0,5.079999923706055,5.0,5.0
27-12-2013,4.849999904632568,5.079999923706055,1516.0,5.079999923706055,5.079999923706055,5.079999923706055
30-12-2013,5.090000152587891,5.090000152587891,42000.0,5.090000152587891,5.090000152587891,5.090000152587891
31-12-2013,4.940000057220459,4.940000057220459,2233.0,5.050000190734863,5.050000190734863,5.050000190734863
02-01-2014,5.050000190734863,5.050000190734863,0.0,5.050000190734863,5.050000190734863,5.050000190734863
03-01-2014,4.889999866485596,5.039999961853027,36.0,5.090000152587891,5.090000152587891,5.090000152587891
06-01-2014,5.090000152587891,5.090000152587891,0.0,5.090000152587891,5.090000152587891,5.090000152587891
07-01-2014,4.989999771118164,4.989999771118164,5400.0,4.989999771118164,4.989999771118164,4.989999771118164
08-01-2014,4.849999904632568,4.989999771118164,240.0,5.0,5.0,5.0
09-01-2014,5.0,5.0,1.0,5.0,5.0,5.0
10-01-2014,4.849999904632568,4.849999904632568,3987.0,5.0,5.0,5.0
13-01-2014,5.0,5.0,0.0,5.0,5.0,5.0
14-01-2014,5.0,5.0,0.0,5.0,5.0,5.0
15-01-2014,5.0,5.0,0.0,5.0,5.0,5.0
16-01-2014,4.800000190734863,4.800000190734863,1563.0,5.0,5.0,5.0
17-01-2014,4.710000038146973,4.849999904632568,86.0,4.989999771118164,4.989999771118164,4.989999771118164
21-01-2014,4.849999904632568,4.849999904632568,410.0,5.0,5.0,5.0
22-01-2014,4.849999904632568,4.989999771118164,750.0,4.989999771118164,4.849999904632568,4.849999904632568
23-01-2014,4.989999771118164,4.989999771118164,78.0,4.989999771118164,4.989999771118164,4.989999771118164
24-01-2014,4.989999771118164,4.989999771118164,0.0,4.989999771118164,4.989999771118164,4.989999771118164
27-01-2014,4.949999809265137,4.949999809265137,322.0,5.0,5.0,5.0
28-01-2014,4.78000020980835,4.78000020980835,1097.0,5.21999979019165,5.199999809265137,5.199999809265137
29-01-2014,4.900000095367432,5.050000190734863,405.0,5.199999809265137,5.090000152587891,5.090000152587891
30-01-2014,4.869999885559082,5.099999904632568,746.0,5.199999809265137,5.0,5.0
31-01-2014,5.150000095367432,5.150000095367432,3100.0,5.199999809265137,5.199999809265137,5.199999809265137
03-02-2014,5.0,5.150000095367432,1215.0,5.150000095367432,5.0,5.0
04-02-2014,4.929999828338623,4.989999771118164,470.0,4.989999771118164,4.96999979019165,4.96999979019165
05-02-2014,4.849999904632568,5.0,1836.0,5.0,4.96999979019165,4.96999979019165
06-02-2014,4.829999923706055,4.96999979019165,1930.0,4.96999979019165,4.940000057220459,4.940000057220459
07-02-2014,4.860000133514404,4.860000133514404,166.0,4.940000057220459,4.900000095367432,4.900000095367432
10-02-2014,4.860000133514404,4.940000057220459,168.0,4.949999809265137,4.949999809265137,4.949999809265137
11-02-2014,4.909999847412109,4.909999847412109,2427.0,5.050000190734863,5.050000190734863,5.050000190734863
12-02-2014,5.0,5.139999866485596,11338.0,5.139999866485596,5.0,5.0
13-02-2014,4.880000114440918,4.949999809265137,3458.0,5.0,5.0,5.0
14-02-2014,5.119999885559082,5.119999885559082,15.0,5.119999885559082,5.119999885559082,5.119999885559082
18-02-2014,4.849999904632568,4.869999885559082,24243.0,5.0,4.989999771118164,4.989999771118164
19-02-2014,4.860000133514404,4.860000133514404,2496.0,4.869999885559082,4.860000133514404,4.860000133514404
20-02-2014,4.940000057220459,4.940000057220459,1601.0,4.960000038146973,4.960000038146973,4.960000038146973
21-02-2014,4.820000171661377,4.900000095367432,3707.0,4.900000095367432,4.889999866485596,4.889999866485596
24-02-2014,4.800000190734863,4.849999904632568,1300.0,4.96999979019165,4.96999979019165,4.96999979019165
25-02-2014,4.769999980926514,4.769999980926514,176.0,4.960000038146973,4.78000020980835,4.78000020980835
26-02-2014,4.75,4.800000190734863,2762.0,4.900000095367432,4.78000020980835,4.78000020980835
27-02-2014,4.699999809265137,4.75,5684.0,4.849999904632568,4.840000152587891,4.840000152587891
28-02-2014,4.699999809265137,4.840000152587891,2190.0,4.840000152587891,4.829999923706055,4.829999923706055
03-03-2014,4.650000095367432,4.650000095367432,200.0,4.849999904632568,4.849999904632568,4.849999904632568
04-03-2014,4.710000038146973,4.710000038146973,1063.0,4.710000038146973,4.710000038146973,4.710000038146973
05-03-2014,4.570000171661377,4.710000038146973,6408.0,4.710000038146973,4.699999809265137,4.699999809265137
06-03-2014,4.559999942779541,4.710000038146973,527.0,4.710000038146973,4.570000171661377,4.570000171661377
07-03-2014,4.570000171661377,4.570000171661377,0.0,4.570000171661377,4.570000171661377,4.570000171661377
10-03-2014,4.289999961853027,4.539999961853027,615.0,4.539999961853027,4.539999961853027,4.539999961853027
11-03-2014,4.309999942779541,4.409999847412109,67.0,4.539999961853027,4.539999961853027,4.539999961853027
12-03-2014,4.420000076293945,4.420000076293945,342.0,4.5,4.5,4.5
13-03-2014,4.420000076293945,4.5,2849.0,4.539999961853027,4.539999961853027,4.539999961853027
14-03-2014,4.519999980926514,4.650000095367432,8661.0,4.650000095367432,4.519999980926514,4.519999980926514
17-03-2014,4.460000038146973,4.519999980926514,291.0,4.519999980926514,4.519999980926514,4.519999980926514
18-03-2014,4.46999979019165,4.599999904632568,950.0,4.599999904632568,4.46999979019165,4.46999979019165
19-03-2014,4.46999979019165,4.46999979019165,7.0,4.46999979019165,4.46999979019165,4.46999979019165
20-03-2014,4.46999979019165,4.46999979019165,0.0,4.46999979019165,4.46999979019165,4.46999979019165
21-03-2014,4.590000152587891,4.590000152587891,30.0,4.590000152587891,4.590000152587891,4.590000152587891
24-03-2014,4.5,4.510000228881836,97.0,4.510000228881836,4.5,4.5
25-03-2014,4.590000152587891,4.590000152587891,20.0,4.590000152587891,4.590000152587891,4.590000152587891
26-03-2014,4.460000038146973,4.460000038146973,21.0,4.5,4.5,4.5
27-03-2014,4.5,4.5,0.0,4.5,4.5,4.5
28-03-2014,4.429999828338623,4.429999828338623,36.0,4.550000190734863,4.550000190734863,4.550000190734863
31-03-2014,4.510000228881836,4.590000152587891,42.0,4.590000152587891,4.510000228881836,4.510000228881836
01-04-2014,4.429999828338623,4.429999828338623,105.0,4.510000228881836,4.510000228881836,4.510000228881836
02-04-2014,4.429999828338623,4.429999828338623,33.0,4.489999771118164,4.489999771118164,4.489999771118164
03-04-2014,4.489999771118164,4.489999771118164,0.0,4.489999771118164,4.489999771118164,4.489999771118164
04-04-2014,4.489999771118164,4.489999771118164,0.0,4.489999771118164,4.489999771118164,4.489999771118164
07-04-2014,4.590000152587891,4.590000152587891,18.0,4.590000152587891,4.590000152587891,4.590000152587891
08-04-2014,4.590000152587891,4.590000152587891,0.0,4.590000152587891,4.590000152587891,4.590000152587891
09-04-2014,4.590000152587891,4.590000152587891,0.0,4.590000152587891,4.590000152587891,4.590000152587891
10-04-2014,4.5,4.5,100.0,4.5,4.5,4.5
11-04-2014,4.5,4.5,0.0,4.5,4.5,4.5
14-04-2014,4.380000114440918,4.380000114440918,132.0,4.489999771118164,4.489999771118164,4.489999771118164
15-04-2014,4.489999771118164,4.489999771118164,0.0,4.489999771118164,4.489999771118164,4.489999771118164
16-04-2014,4.380000114440918,4.400000095367432,66.0,4.489999771118164,4.489999771118164,4.489999771118164
17-04-2014,4.380000114440918,4.380000114440918,50.0,4.489999771118164,4.489999771118164,4.489999771118164
21-04-2014,4.480000019073486,4.480000019073486,215.0,4.619999885559082,4.610000133514404,4.610000133514404
22-04-2014,4.610000133514404,4.610000133514404,10.0,4.610000133514404,4.610000133514404,4.610000133514404
23-04-2014,4.610000133514404,4.610000133514404,4578.0,4.739999771118164,4.739999771118164,4.739999771118164
24-04-2014,4.739999771118164,4.739999771118164,0.0,4.739999771118164,4.739999771118164,4.739999771118164
25-04-2014,4.739999771118164,4.739999771118164,0.0,4.739999771118164,4.739999771118164,4.739999771118164
28-04-2014,4.599999904632568,4.599999904632568,505.0,4.71999979019165,4.599999904632568,4.599999904632568
29-04-2014,4.340000152587891,4.46999979019165,1742.0,4.46999979019165,4.46999979019165,4.46999979019165
30-04-2014,4.460000038146973,4.460000038146973,140.0,4.599999904632568,4.599999904632568,4.599999904632568
01-05-2014,4.599999904632568,4.599999904632568,0.0,4.599999904632568,4.599999904632568,4.599999904632568
02-05-2014,4.590000152587891,4.730000019073486,105.0,4.849999904632568,4.590000152587891,4.590000152587891
05-05-2014,4.389999866485596,4.389999866485596,527.0,4.789999961853027,4.789999961853027,4.789999961853027
06-05-2014,4.650000095367432,4.840000152587891,187.0,4.840000152587891,4.75,4.75
07-05-2014,4.550000190734863,4.550000190734863,95.0,4.739999771118164,4.739999771118164,4.739999771118164
08-05-2014,4.599999904632568,4.599999904632568,4343.0,4.739999771118164,4.739999771118164,4.739999771118164
09-05-2014,4.739999771118164,4.739999771118164,0.0,4.739999771118164,4.739999771118164,4.739999771118164
12-05-2014,4.739999771118164,4.739999771118164,2.0,4.739999771118164,4.739999771118164,4.739999771118164
13-05-2014,4.809999942779541,4.809999942779541,1.0,4.809999942779541,4.809999942779541,4.809999942779541
14-05-2014,4.809999942779541,4.809999942779541,0.0,4.809999942779541,4.809999942779541,4.809999942779541
15-05-2014,4.809999942779541,4.809999942779541,0.0,4.809999942779541,4.809999942779541,4.809999942779541
16-05-2014,4.599999904632568,4.599999904632568,58.0,4.699999809265137,4.699999809265137,4.699999809265137
19-05-2014,4.699999809265137,4.699999809265137,0.0,4.699999809265137,4.699999809265137,4.699999809265137
20-05-2014,4.699999809265137,4.699999809265137,0.0,4.699999809265137,4.699999809265137,4.699999809265137
21-05-2014,4.699999809265137,4.699999809265137,0.0,4.699999809265137,4.699999809265137,4.699999809265137
22-05-2014,4.699999809265137,4.699999809265137,0.0,4.699999809265137,4.699999809265137,4.699999809265137
23-05-2014,4.699999809265137,4.699999809265137,0.0,4.699999809265137,4.699999809265137,4.699999809265137
27-05-2014,4.699999809265137,4.699999809265137,0.0,4.699999809265137,4.699999809265137,4.699999809265137
28-05-2014,4.699999809265137,4.699999809265137,0.0,4.699999809265137,4.699999809265137,4.699999809265137
29-05-2014,4.699999809265137,4.699999809265137,0.0,4.699999809265137,4.699999809265137,4.699999809265137
30-05-2014,4.699999809265137,4.699999809265137,0.0,4.699999809265137,4.699999809265137,4.699999809265137
02-06-2014,4.699999809265137,4.699999809265137,0.0,4.699999809265137,4.699999809265137,4.699999809265137
03-06-2014,4.699999809265137,4.699999809265137,0.0,4.699999809265137,4.699999809265137,4.699999809265137
04-06-2014,4.699999809265137,4.699999809265137,0.0,4.699999809265137,4.699999809265137,4.699999809265137
05-06-2014,4.699999809265137,4.699999809265137,0.0,4.699999809265137,4.699999809265137,4.699999809265137
06-06-2014,4.699999809265137,4.699999809265137,0.0,4.699999809265137,4.699999809265137,4.699999809265137
09-06-2014,4.699999809265137,4.699999809265137,0.0,4.699999809265137,4.699999809265137,4.699999809265137
10-06-2014,4.699999809265137,4.699999809265137,0.0,4.699999809265137,4.699999809265137,4.699999809265137
11-06-2014,4.699999809265137,4.699999809265137,0.0,4.699999809265137,4.699999809265137,4.699999809265137
12-06-2014,4.699999809265137,4.699999809265137,0.0,4.699999809265137,4.699999809265137,4.699999809265137
13-06-2014,4.699999809265137,4.699999809265137,0.0,4.699999809265137,4.699999809265137,4.699999809265137
16-06-2014,4.699999809265137,4.699999809265137,0.0,4.699999809265137,4.699999809265137,4.699999809265137
17-06-2014,4.699999809265137,4.699999809265137,0.0,4.699999809265137,4.699999809265137,4.699999809265137
18-06-2014,4.699999809265137,4.699999809265137,0.0,4.699999809265137,4.699999809265137,4.699999809265137
19-06-2014,4.699999809265137,4.699999809265137,0.0,4.699999809265137,4.699999809265137,4.699999809265137
20-06-2014,4.699999809265137,4.699999809265137,0.0,4.699999809265137,4.699999809265137,4.699999809265137
23-06-2014,4.699999809265137,4.699999809265137,0.0,4.699999809265137,4.699999809265137,4.699999809265137
24-06-2014,4.699999809265137,4.699999809265137,0.0,4.699999809265137,4.699999809265137,4.699999809265137
25-06-2014,4.699999809265137,4.699999809265137,0.0,4.699999809265137,4.699999809265137,4.699999809265137
26-06-2014,3.950000047683716,4.190000057220459,75.0,4.190000057220459,3.950000047683716,3.950000047683716
27-06-2014,4.090000152587891,4.099999904632568,7188.0,4.099999904632568,4.099999904632568,4.099999904632568
30-06-2014,4.090000152587891,4.099999904632568,7188.0,4.099999904632568,4.099999904632568,4.099999904632568
01-07-2014,4.090000152587891,4.099999904632568,7188.0,4.099999904632568,4.099999904632568,4.099999904632568
02-07-2014,4.090000152587891,4.099999904632568,7188.0,4.099999904632568,4.099999904632568,4.099999904632568
03-07-2014,4.090000152587891,4.099999904632568,7188.0,4.099999904632568,4.099999904632568,4.099999904632568
07-07-2014,4.010000228881836,4.010000228881836,9414.0,4.099999904632568,4.070000171661377,4.070000171661377
08-07-2014,4.099999904632568,4.099999904632568,467.0,4.190000057220459,4.190000057220459,4.190000057220459
09-07-2014,4.190000057220459,4.190000057220459,178.0,4.289999961853027,4.289999961853027,4.289999961853027
10-07-2014,4.099999904632568,4.170000076293945,24651.0,4.289999961853027,4.289999961853027,4.289999961853027
11-07-2014,4.099999904632568,4.170000076293945,24651.0,4.289999961853027,4.289999961853027,4.289999961853027
14-07-2014,4.380000114440918,4.380000114440918,50.0,4.380000114440918,4.380000114440918,4.380000114440918
15-07-2014,4.380000114440918,4.380000114440918,50.0,4.380000114440918,4.380000114440918,4.380000114440918
16-07-2014,4.380000114440918,4.380000114440918,50.0,4.380000114440918,4.380000114440918,4.380000114440918
17-07-2014,4.25,4.25,167.0,4.25,4.25,4.25
18-07-2014,4.360000133514404,4.360000133514404,100.0,4.369999885559082,4.369999885559082,4.369999885559082
21-07-2014,4.360000133514404,4.360000133514404,100.0,4.369999885559082,4.369999885559082,4.369999885559082
22-07-2014,4.239999771118164,4.239999771118164,361.0,4.300000190734863,4.300000190734863,4.300000190734863
23-07-2014,4.199999809265137,4.199999809265137,2684.0,4.300000190734863,4.300000190734863,4.300000190734863
24-07-2014,4.199999809265137,4.199999809265137,2684.0,4.300000190734863,4.300000190734863,4.300000190734863
25-07-2014,4.300000190734863,4.300000190734863,0.0,4.300000190734863,4.300000190734863,4.300000190734863
28-07-2014,4.300000190734863,4.300000190734863,0.0,4.300000190734863,4.300000190734863,4.300000190734863
29-07-2014,4.300000190734863,4.300000190734863,0.0,4.300000190734863,4.300000190734863,4.300000190734863
30-07-2014,4.300000190734863,4.300000190734863,0.0,4.300000190734863,4.300000190734863,4.300000190734863
31-07-2014,4.199999809265137,4.199999809265137,1000.0,4.199999809265137,4.199999809265137,4.199999809265137
01-08-2014,4.099999904632568,4.099999904632568,1008.0,4.289999961853027,4.289999961853027,4.289999961853027
04-08-2014,4.099999904632568,4.099999904632568,748.0,4.099999904632568,4.099999904632568,4.099999904632568
05-08-2014,4.099999904632568,4.099999904632568,748.0,4.099999904632568,4.099999904632568,4.099999904632568
06-08-2014,4.0,4.0,9.0,4.119999885559082,4.119999885559082,4.119999885559082
07-08-2014,4.0,4.0,9.0,4.119999885559082,4.119999885559082,4.119999885559082
08-08-2014,4.0,4.0,20.0,4.119999885559082,4.119999885559082,4.119999885559082
11-08-2014,4.050000190734863,4.050000190734863,24.0,4.050000190734863,4.050000190734863,4.050000190734863
12-08-2014,4.230000019073486,4.230000019073486,8.0,4.230000019073486,4.230000019073486,4.230000019073486
13-08-2014,4.230000019073486,4.230000019073486,0.0,4.230000019073486,4.230000019073486,4.230000019073486
14-08-2014,4.230000019073486,4.230000019073486,8.0,4.230000019073486,4.230000019073486,4.230000019073486
15-08-2014,4.230000019073486,4.230000019073486,8.0,4.230000019073486,4.230000019073486,4.230000019073486
18-08-2014,4.230000019073486,4.230000019073486,0.0,4.230000019073486,4.230000019073486,4.230000019073486
19-08-2014,4.28000020980835,4.300000190734863,257.0,4.300000190734863,4.28000020980835,4.28000020980835
20-08-2014,4.300000190734863,4.300000190734863,1.0,4.300000190734863,4.300000190734863,4.300000190734863
21-08-2014,4.300000190734863,4.300000190734863,0.0,4.300000190734863,4.300000190734863,4.300000190734863
22-08-2014,4.300000190734863,4.300000190734863,0.0,4.300000190734863,4.300000190734863,4.300000190734863
25-08-2014,4.300000190734863,4.300000190734863,0.0,4.300000190734863,4.300000190734863,4.300000190734863
26-08-2014,4.300000190734863,4.300000190734863,0.0,4.300000190734863,4.300000190734863,4.300000190734863
27-08-2014,4.300000190734863,4.300000190734863,0.0,4.300000190734863,4.300000190734863,4.300000190734863
28-08-2014,4.300000190734863,4.300000190734863,0.0,4.300000190734863,4.300000190734863,4.300000190734863
29-08-2014,4.0,4.050000190734863,534.0,4.300000190734863,4.300000190734863,4.300000190734863
02-09-2014,4.300000190734863,4.300000190734863,0.0,4.300000190734863,4.300000190734863,4.300000190734863
03-09-2014,4.300000190734863,4.300000190734863,0.0,4.300000190734863,4.300000190734863,4.300000190734863
04-09-2014,4.300000190734863,4.300000190734863,0.0,4.300000190734863,4.300000190734863,4.300000190734863
05-09-2014,4.300000190734863,4.300000190734863,0.0,4.300000190734863,4.300000190734863,4.300000190734863
08-09-2014,4.300000190734863,4.300000190734863,0.0,4.300000190734863,4.300000190734863,4.300000190734863
09-09-2014,4.300000190734863,4.300000190734863,0.0,4.300000190734863,4.300000190734863,4.300000190734863
10-09-2014,4.300000190734863,4.300000190734863,0.0,4.300000190734863,4.300000190734863,4.300000190734863
11-09-2014,4.110000133514404,4.110000133514404,1010.0,4.300000190734863,4.300000190734863,4.300000190734863
12-09-2014,4.300000190734863,4.300000190734863,0.0,4.300000190734863,4.300000190734863,4.300000190734863
15-09-2014,4.179999828338623,4.179999828338623,1550.0,4.179999828338623,4.179999828338623,4.179999828338623
16-09-2014,4.179999828338623,4.179999828338623,0.0,4.179999828338623,4.179999828338623,4.179999828338623
17-09-2014,4.0,4.0,26.0,4.150000095367432,4.150000095367432,4.150000095367432
18-09-2014,4.03000020980835,4.03000020980835,170.0,4.03000020980835,4.03000020980835,4.03000020980835
19-09-2014,4.039999961853027,4.150000095367432,3040.0,4.150000095367432,4.039999961853027,4.039999961853027
22-09-2014,4.0,4.0,5202.0,4.099999904632568,4.099999904632568,4.099999904632568
23-09-2014,3.9800000190734863,4.010000228881836,13506.0,4.150000095367432,4.150000095367432,4.150000095367432
24-09-2014,3.9700000286102295,3.9700000286102295,2817.0,4.0,4.0,4.0
25-09-2014,3.880000114440918,4.0,124.0,4.0,4.0,4.0
26-09-2014,3.9000000953674316,3.990000009536743,1021.0,3.990000009536743,3.990000009536743,3.990000009536743
29-09-2014,3.880000114440918,3.990000009536743,4850.0,4.0,3.880000114440918,3.880000114440918
30-09-2014,3.7699999809265137,3.9800000190734863,29.0,3.9800000190734863,3.9800000190734863,3.9800000190734863
01-10-2014,3.9000000953674316,3.9000000953674316,21.0,4.090000152587891,4.090000152587891,4.090000152587891
02-10-2014,4.090000152587891,4.090000152587891,0.0,4.090000152587891,4.090000152587891,4.090000152587891
03-10-2014,3.9700000286102295,3.990000009536743,4311.0,4.090000152587891,4.090000152587891,4.090000152587891
06-10-2014,4.090000152587891,4.090000152587891,1000.0,4.090000152587891,4.090000152587891,4.090000152587891
07-10-2014,4.079999923706055,4.199999809265137,1010.0,4.199999809265137,4.079999923706055,4.079999923706055
08-10-2014,4.0,4.199999809265137,2055.0,4.25,4.050000190734863,4.050000190734863
09-10-2014,4.050000190734863,4.050000190734863,931.0,4.050000190734863,4.050000190734863,4.050000190734863
10-10-2014,4.099999904632568,4.099999904632568,11.0,4.099999904632568,4.099999904632568,4.099999904632568
13-10-2014,4.0,4.099999904632568,111.0,4.099999904632568,4.099999904632568,4.099999904632568
14-10-2014,3.9800000190734863,3.9800000190734863,280.0,4.099999904632568,4.099999904632568,4.099999904632568
15-10-2014,4.099999904632568,4.099999904632568,0.0,4.099999904632568,4.099999904632568,4.099999904632568
16-10-2014,4.099999904632568,4.099999904632568,50.0,4.099999904632568,4.099999904632568,4.099999904632568
17-10-2014,3.9200000762939453,3.9200000762939453,651.0,4.099999904632568,3.9200000762939453,3.9200000762939453
20-10-2014,4.0,4.090000152587891,50.0,4.090000152587891,4.0,4.0
21-10-2014,3.950000047683716,4.0,33050.0,4.0,4.0,4.0
22-10-2014,4.099999904632568,4.099999904632568,1.0,4.099999904632568,4.099999904632568,4.099999904632568
23-10-2014,3.990000009536743,4.0,10490.0,4.0,3.990000009536743,3.990000009536743
24-10-2014,3.990000009536743,3.990000009536743,0.0,3.990000009536743,3.990000009536743,3.990000009536743
27-10-2014,4.099999904632568,4.099999904632568,25.0,4.099999904632568,4.099999904632568,4.099999904632568
28-10-2014,4.119999885559082,4.119999885559082,100.0,4.119999885559082,4.119999885559082,4.119999885559082
29-10-2014,4.150000095367432,4.28000020980835,455.0,4.28000020980835,4.150000095367432,4.150000095367432
30-10-2014,4.150000095367432,4.199999809265137,4635.0,4.269999980926514,4.269999980926514,4.269999980926514
31-10-2014,4.150000095367432,4.150000095367432,2339.0,4.269999980926514,4.269999980926514,4.269999980926514
03-11-2014,4.179999828338623,4.300000190734863,1490.0,4.300000190734863,4.199999809265137,4.199999809265137
04-11-2014,4.130000114440918,4.25,77.0,4.25,4.239999771118164,4.239999771118164
05-11-2014,4.150000095367432,4.150000095367432,303.0,4.25,4.25,4.25
06-11-2014,4.199999809265137,4.289999961853027,984.0,4.289999961853027,4.199999809265137,4.199999809265137
07-11-2014,4.199999809265137,4.289999961853027,5336.0,4.289999961853027,4.199999809265137,4.199999809265137
10-11-2014,4.199999809265137,4.199999809265137,3690.0,4.289999961853027,4.289999961853027,4.289999961853027
11-11-2014,4.289999961853027,4.289999961853027,0.0,4.289999961853027,4.289999961853027,4.289999961853027
12-11-2014,4.179999828338623,4.179999828338623,144.0,4.25,4.25,4.25
13-11-2014,4.150000095367432,4.150000095367432,415.0,4.25,4.25,4.25
14-11-2014,4.25,4.25,0.0,4.25,4.25,4.25
17-11-2014,4.25,4.25,0.0,4.25,4.25,4.25
18-11-2014,4.150000095367432,4.150000095367432,101.0,4.239999771118164,4.239999771118164,4.239999771118164
19-11-2014,4.239999771118164,4.239999771118164,0.0,4.239999771118164,4.239999771118164,4.239999771118164
20-11-2014,4.199999809265137,4.199999809265137,122.0,4.199999809265137,4.199999809265137,4.199999809265137
21-11-2014,4.199999809265137,4.199999809265137,2.0,4.199999809265137,4.199999809265137,4.199999809265137
24-11-2014,4.019999980926514,4.019999980926514,9.0,4.190000057220459,4.190000057220459,4.190000057220459
25-11-2014,4.190000057220459,4.190000057220459,0.0,4.190000057220459,4.190000057220459,4.190000057220459
26-11-2014,4.190000057220459,4.190000057220459,0.0,4.190000057220459,4.190000057220459,4.190000057220459
28-11-2014,4.400000095367432,4.400000095367432,9662.0,4.559999942779541,4.559999942779541,4.559999942779541
01-12-2014,4.829999923706055,4.829999923706055,16698.0,4.829999923706055,4.829999923706055,4.829999923706055
02-12-2014,5.119999885559082,5.119999885559082,11830.0,5.119999885559082,5.119999885559082,5.119999885559082
03-12-2014,5.119999885559082,5.119999885559082,0.0,5.119999885559082,5.119999885559082,5.119999885559082
04-12-2014,5.119999885559082,5.119999885559082,0.0,5.119999885559082,5.119999885559082,5.119999885559082
05-12-2014,5.340000152587891,5.550000190734863,17697.0,5.550000190734863,5.340000152587891,5.340000152587891
08-12-2014,5.179999828338623,5.329999923706055,9355.0,5.329999923706055,5.239999771118164,5.239999771118164
09-12-2014,5.239999771118164,5.239999771118164,0.0,5.239999771118164,5.239999771118164,5.239999771118164
10-12-2014,5.039999961853027,5.190000057220459,19367.0,5.199999809265137,5.170000076293945,5.170000076293945
11-12-2014,5.190000057220459,5.190000057220459,12953.0,5.480000019073486,5.369999885559082,5.369999885559082
12-12-2014,5.369999885559082,5.369999885559082,10143.0,5.449999809265137,5.400000095367432,5.400000095367432
15-12-2014,5.239999771118164,5.400000095367432,966.0,5.400000095367432,5.349999904632568,5.349999904632568
16-12-2014,5.260000228881836,5.5,3913.0,5.5,5.340000152587891,5.340000152587891
17-12-2014,5.349999904632568,5.449999809265137,23621.0,5.659999847412109,5.659999847412109,5.659999847412109
18-12-2014,5.659999847412109,5.659999847412109,0.0,5.659999847412109,5.659999847412109,5.659999847412109
19-12-2014,5.699999809265137,5.730000019073486,9910.0,5.829999923706055,5.809999942779541,5.809999942779541
22-12-2014,5.809999942779541,5.96999979019165,5871.0,5.980000019073486,5.809999942779541,5.809999942779541
23-12-2014,5.809999942779541,5.949999809265137,126.0,5.949999809265137,5.809999942779541,5.809999942779541
24-12-2014,5.809999942779541,5.809999942779541,0.0,5.809999942779541,5.809999942779541,5.809999942779541
26-12-2014,5.460000038146973,5.460000038146973,1320.0,5.619999885559082,5.610000133514404,5.610000133514404
29-12-2014,5.460000038146973,5.610000133514404,1094.0,5.610000133514404,5.599999904632568,5.599999904632568
30-12-2014,5.440000057220459,5.440000057220459,2875.0,5.440000057220459,5.440000057220459,5.440000057220459
31-12-2014,5.440000057220459,5.440000057220459,0.0,5.440000057220459,5.440000057220459,5.440000057220459
02-01-2015,5.25,5.420000076293945,21.0,5.420000076293945,5.420000076293945,5.420000076293945
05-01-2015,5.159999847412109,5.309999942779541,4850.0,5.309999942779541,5.199999809265137,5.199999809265137
06-01-2015,5.349999904632568,5.349999904632568,28.0,5.349999904632568,5.349999904632568,5.349999904632568
07-01-2015,5.190000057220459,5.190000057220459,519.0,5.289999961853027,5.289999961853027,5.289999961853027
08-01-2015,5.139999866485596,5.150000095367432,242.0,5.300000190734863,5.300000190734863,5.300000190734863
09-01-2015,5.150000095367432,5.150000095367432,300.0,5.150000095367432,5.150000095367432,5.150000095367432
12-01-2015,5.0,5.139999866485596,1592.0,5.139999866485596,5.010000228881836,5.010000228881836
13-01-2015,5.159999847412109,5.159999847412109,214.0,5.300000190734863,5.300000190734863,5.300000190734863
14-01-2015,5.300000190734863,5.300000190734863,0.0,5.300000190734863,5.300000190734863,5.300000190734863
15-01-2015,5.150000095367432,5.199999809265137,674.0,5.25,5.25,5.25
16-01-2015,5.099999904632568,5.300000190734863,246.0,5.400000095367432,5.400000095367432,5.400000095367432
20-01-2015,5.5,5.5,0.0,5.5,5.5,5.5
21-01-2015,5.289999961853027,5.449999809265137,34.0,5.449999809265137,5.289999961853027,5.289999961853027
22-01-2015,5.199999809265137,5.440000057220459,965.0,5.480000019073486,5.480000019073486,5.480000019073486
23-01-2015,5.480000019073486,5.480000019073486,0.0,5.480000019073486,5.480000019073486,5.480000019073486
26-01-2015,5.170000076293945,5.170000076293945,613.0,5.320000171661377,5.320000171661377,5.320000171661377
27-01-2015,5.170000076293945,5.170000076293945,55.0,5.300000190734863,5.300000190734863,5.300000190734863
28-01-2015,5.300000190734863,5.300000190734863,0.0,5.300000190734863,5.300000190734863,5.300000190734863
29-01-2015,5.099999904632568,5.099999904632568,505.0,5.239999771118164,5.239999771118164,5.239999771118164
30-01-2015,5.170000076293945,5.320000171661377,2113.0,5.400000095367432,5.300000190734863,5.300000190734863
02-02-2015,5.150000095367432,5.300000190734863,550.0,5.300000190734863,5.150000095367432,5.150000095367432
03-02-2015,5.0,5.0,3500.0,5.0,5.0,5.0
04-02-2015,5.150000095367432,5.150000095367432,1165.0,5.199999809265137,5.179999828338623,5.179999828338623
05-02-2015,5.179999828338623,5.179999828338623,0.0,5.179999828338623,5.179999828338623,5.179999828338623
06-02-2015,5.300000190734863,5.300000190734863,5.0,5.300000190734863,5.300000190734863,5.300000190734863
09-02-2015,5.070000171661377,5.150000095367432,228.0,5.150000095367432,5.070000171661377,5.070000171661377
10-02-2015,5.070000171661377,5.070000171661377,0.0,5.070000171661377,5.070000171661377,5.070000171661377
11-02-2015,4.909999847412109,4.909999847412109,188.0,5.050000190734863,5.0,5.0
12-02-2015,5.0,5.0,0.0,5.0,5.0,5.0
13-02-2015,5.25,5.25,5.0,5.25,5.25,5.25
17-02-2015,5.0,5.0,0.0,5.0,5.0,5.0
18-02-2015,5.099999904632568,5.099999904632568,198.0,5.150000095367432,5.150000095367432,5.150000095367432
19-02-2015,5.150000095367432,5.150000095367432,8.0,5.199999809265137,5.199999809265137,5.199999809265137
20-02-2015,5.199999809265137,5.199999809265137,0.0,5.199999809265137,5.199999809265137,5.199999809265137
23-02-2015,5.0,5.0,709.0,5.150000095367432,5.150000095367432,5.150000095367432
24-02-2015,5.150000095367432,5.150000095367432,0.0,5.150000095367432,5.150000095367432,5.150000095367432
25-02-2015,5.150000095367432,5.150000095367432,0.0,5.150000095367432,5.150000095367432,5.150000095367432
26-02-2015,5.039999961853027,5.039999961853027,209.0,5.190000057220459,5.190000057220459,5.190000057220459
27-02-2015,5.170000076293945,5.179999828338623,2640.0,5.289999961853027,5.289999961853027,5.289999961853027
02-03-2015,5.260000228881836,5.260000228881836,500.0,5.260000228881836,5.260000228881836,5.260000228881836
03-03-2015,5.260000228881836,5.260000228881836,0.0,5.260000228881836,5.260000228881836,5.260000228881836
04-03-2015,5.260000228881836,5.260000228881836,0.0,5.260000228881836,5.260000228881836,5.260000228881836
05-03-2015,5.099999904632568,5.199999809265137,8471.0,5.199999809265137,5.099999904632568,5.099999904632568
06-03-2015,5.0,5.0,1078.0,5.25,5.25,5.25
09-03-2015,5.230000019073486,5.230000019073486,650.0,5.230000019073486,5.230000019073486,5.230000019073486
10-03-2015,5.21999979019165,5.21999979019165,3.0,5.21999979019165,5.21999979019165,5.21999979019165
11-03-2015,5.21999979019165,5.21999979019165,0.0,5.21999979019165,5.21999979019165,5.21999979019165
12-03-2015,5.070000171661377,5.21999979019165,1659.0,5.21999979019165,5.21999979019165,5.21999979019165
13-03-2015,5.21999979019165,5.21999979019165,0.0,5.21999979019165,5.21999979019165,5.21999979019165
16-03-2015,5.039999961853027,5.039999961853027,856.0,5.179999828338623,5.170000076293945,5.170000076293945
17-03-2015,5.019999980926514,5.050000190734863,171.0,5.170000076293945,5.170000076293945,5.170000076293945
18-03-2015,5.050000190734863,5.170000076293945,1116.0,5.199999809265137,5.190000057220459,5.190000057220459
19-03-2015,5.190000057220459,5.190000057220459,0.0,5.190000057220459,5.190000057220459,5.190000057220459
20-03-2015,5.190000057220459,5.190000057220459,0.0,5.190000057220459,5.190000057220459,5.190000057220459
23-03-2015,5.190000057220459,5.190000057220459,0.0,5.190000057220459,5.190000057220459,5.190000057220459
24-03-2015,5.190000057220459,5.190000057220459,0.0,5.190000057220459,5.190000057220459,5.190000057220459
25-03-2015,5.179999828338623,5.179999828338623,1000.0,5.199999809265137,5.199999809265137,5.199999809265137
26-03-2015,5.199999809265137,5.199999809265137,0.0,5.199999809265137,5.199999809265137,5.199999809265137
27-03-2015,5.199999809265137,5.199999809265137,0.0,5.199999809265137,5.199999809265137,5.199999809265137
30-03-2015,5.199999809265137,5.199999809265137,0.0,5.199999809265137,5.199999809265137,5.199999809265137
31-03-2015,5.199999809265137,5.199999809265137,0.0,5.199999809265137,5.199999809265137,5.199999809265137
01-04-2015,5.199999809265137,5.199999809265137,0.0,5.199999809265137,5.199999809265137,5.199999809265137
02-04-2015,5.199999809265137,5.199999809265137,0.0,5.199999809265137,5.199999809265137,5.199999809265137
06-04-2015,5.199999809265137,5.199999809265137,0.0,5.199999809265137,5.199999809265137,5.199999809265137
07-04-2015,5.199999809265137,5.199999809265137,0.0,5.199999809265137,5.199999809265137,5.199999809265137
08-04-2015,5.199999809265137,5.199999809265137,0.0,5.199999809265137,5.199999809265137,5.199999809265137
09-04-2015,5.199999809265137,5.199999809265137,0.0,5.199999809265137,5.199999809265137,5.199999809265137
10-04-2015,5.199999809265137,5.199999809265137,0.0,5.199999809265137,5.199999809265137,5.199999809265137
13-04-2015,6.5,6.5,5946.0,6.5,6.5,6.5
14-04-2015,6.5,6.5,0.0,6.5,6.5,6.5
15-04-2015,6.5,6.5,0.0,6.5,6.5,6.5
16-04-2015,6.5,6.5,0.0,6.5,6.5,6.5
17-04-2015,6.5,6.5,0.0,6.5,6.5,6.5
20-04-2015,6.5,6.5,0.0,6.5,6.5,6.5
21-04-2015,6.3125,6.3125,240.0,6.375,6.3125,6.3125
22-04-2015,6.3125,6.3125,0.0,6.3125,6.3125,6.3125
23-04-2015,6.3125,6.3125,0.0,6.3125,6.3125,6.3125
24-04-2015,6.3125,6.3125,0.0,6.3125,6.3125,6.3125
27-04-2015,6.3125,6.3125,0.0,6.3125,6.3125,6.3125
28-04-2015,6.3125,6.3125,0.0,6.3125,6.3125,6.3125
29-04-2015,6.3125,6.3125,0.0,6.3125,6.3125,6.3125
30-04-2015,6.3125,6.3125,0.0,6.3125,6.3125,6.3125
01-05-2015,6.3125,6.3125,0.0,6.3125,6.3125,6.3125
04-05-2015,6.3125,6.3125,0.0,6.3125,6.3125,6.3125
05-05-2015,6.3125,6.3125,0.0,6.3125,6.3125,6.3125
06-05-2015,6.3125,6.3125,0.0,6.3125,6.3125,6.3125
07-05-2015,6.3125,6.3125,0.0,6.3125,6.3125,6.3125
08-05-2015,6.3125,6.3125,0.0,6.3125,6.3125,6.3125
11-05-2015,6.3125,6.3125,0.0,6.3125,6.3125,6.3125
12-05-2015,6.3125,6.3125,0.0,6.3125,6.3125,6.3125
13-05-2015,6.3125,6.3125,0.0,6.3125,6.3125,6.3125
14-05-2015,6.3125,6.3125,0.0,6.3125,6.3125,6.3125
15-05-2015,6.3125,6.3125,0.0,6.3125,6.3125,6.3125
18-05-2015,6.3125,6.3125,0.0,6.3125,6.3125,6.3125
19-05-2015,6.3125,6.3125,0.0,6.3125,6.3125,6.3125
20-05-2015,6.3125,6.3125,0.0,6.3125,6.3125,6.3125
21-05-2015,6.3125,6.3125,0.0,6.3125,6.3125,6.3125
22-05-2015,6.3125,6.3125,0.0,6.3125,6.3125,6.3125
26-05-2015,6.3125,6.3125,0.0,6.3125,6.3125,6.3125
27-05-2015,6.3125,6.3125,0.0,6.3125,6.3125,6.3125
28-05-2015,6.3125,6.3125,0.0,6.3125,6.3125,6.3125
29-05-2015,6.3125,6.3125,0.0,6.3125,6.3125,6.3125
01-06-2015,4.75,4.760000228881836,700.0,4.800000190734863,4.800000190734863,4.800000190734863
02-06-2015,4.840000152587891,4.840000152587891,4.0,4.840000152587891,4.840000152587891,4.840000152587891
03-06-2015,4.75,4.75,100.0,4.75,4.75,4.75
04-06-2015,4.699999809265137,4.699999809265137,1601.0,4.789999961853027,4.75,4.75
05-06-2015,4.650000095367432,4.650000095367432,2000.0,4.650000095367432,4.650000095367432,4.650000095367432
08-06-2015,4.650000095367432,4.739999771118164,1190.0,4.739999771118164,4.650000095367432,4.650000095367432
09-06-2015,4.519999980926514,4.519999980926514,200.0,4.519999980926514,4.519999980926514,4.519999980926514
10-06-2015,4.389999866485596,4.630000114440918,64.0,4.630000114440918,4.630000114440918,4.630000114440918
11-06-2015,4.630000114440918,4.630000114440918,0.0,4.630000114440918,4.630000114440918,4.630000114440918
12-06-2015,4.630000114440918,4.630000114440918,0.0,4.630000114440918,4.630000114440918,4.630000114440918
15-06-2015,4.5,4.53000020980835,1705.0,4.539999961853027,4.5,4.5
16-06-2015,4.389999866485596,4.400000095367432,545.0,4.400000095367432,4.389999866485596,4.389999866485596
17-06-2015,4.260000228881836,4.300000190734863,3358.0,4.5,4.5,4.5
18-06-2015,4.5,4.630000114440918,55.0,4.630000114440918,4.5,4.5
19-06-2015,4.5,4.5,100.0,4.5,4.5,4.5
22-06-2015,4.5,4.5,0.0,4.5,4.5,4.5
23-06-2015,4.480000019073486,4.480000019073486,112.0,4.480000019073486,4.480000019073486,4.480000019073486
24-06-2015,4.400000095367432,4.5,737.0,4.5,4.480000019073486,4.480000019073486
25-06-2015,4.400000095367432,4.400000095367432,1135.0,4.489999771118164,4.489999771118164,4.489999771118164
26-06-2015,4.420000076293945,4.489999771118164,116.0,4.610000133514404,4.610000133514404,4.610000133514404
29-06-2015,4.440000057220459,4.480000019073486,33.0,4.599999904632568,4.599999904632568,4.599999904632568
30-06-2015,4.699999809265137,4.699999809265137,20.0,4.699999809265137,4.699999809265137,4.699999809265137
01-07-2015,4.789999961853027,4.789999961853027,1.0,4.789999961853027,4.789999961853027,4.789999961853027
02-07-2015,4.789999961853027,4.789999961853027,0.0,4.789999961853027,4.789999961853027,4.789999961853027
06-07-2015,4.789999961853027,4.789999961853027,0.0,4.789999961853027,4.789999961853027,4.789999961853027
07-07-2015,4.789999961853027,4.789999961853027,0.0,4.789999961853027,4.789999961853027,4.789999961853027
08-07-2015,4.449999809265137,4.5,169.0,4.710000038146973,4.650000095367432,4.650000095367432
09-07-2015,4.650000095367432,4.650000095367432,0.0,4.650000095367432,4.650000095367432,4.650000095367432
10-07-2015,4.519999980926514,4.519999980926514,520.0,4.519999980926514,4.519999980926514,4.519999980926514
13-07-2015,4.389999866485596,4.400000095367432,1848.0,4.599999904632568,4.599999904632568,4.599999904632568
14-07-2015,4.599999904632568,4.599999904632568,0.0,4.599999904632568,4.599999904632568,4.599999904632568
15-07-2015,4.400000095367432,4.400000095367432,520.0,4.53000020980835,4.53000020980835,4.53000020980835
16-07-2015,4.579999923706055,4.579999923706055,1026.0,4.650000095367432,4.639999866485596,4.639999866485596
17-07-2015,4.639999866485596,4.639999866485596,0.0,4.639999866485596,4.639999866485596,4.639999866485596
20-07-2015,4.639999866485596,4.639999866485596,0.0,4.639999866485596,4.639999866485596,4.639999866485596
21-07-2015,4.949999809265137,4.949999809265137,1.0,4.949999809265137,4.949999809265137,4.949999809265137
22-07-2015,4.949999809265137,4.949999809265137,0.0,4.949999809265137,4.949999809265137,4.949999809265137
23-07-2015,4.949999809265137,4.949999809265137,0.0,4.949999809265137,4.949999809265137,4.949999809265137
24-07-2015,4.949999809265137,4.949999809265137,0.0,4.949999809265137,4.949999809265137,4.949999809265137
27-07-2015,4.949999809265137,4.949999809265137,0.0,4.949999809265137,4.949999809265137,4.949999809265137
28-07-2015,5.090000152587891,5.090000152587891,15.0,5.090000152587891,5.090000152587891,5.090000152587891
29-07-2015,5.090000152587891,5.090000152587891,0.0,5.090000152587891,5.090000152587891,5.090000152587891
30-07-2015,5.090000152587891,5.090000152587891,0.0,5.090000152587891,5.090000152587891,5.090000152587891
31-07-2015,5.090000152587891,5.090000152587891,0.0,5.090000152587891,5.090000152587891,5.090000152587891
03-08-2015,5.090000152587891,5.090000152587891,0.0,5.090000152587891,5.090000152587891,5.090000152587891
04-08-2015,4.869999885559082,4.869999885559082,75.0,4.949999809265137,4.949999809265137,4.949999809265137
05-08-2015,4.949999809265137,4.949999809265137,0.0,4.949999809265137,4.949999809265137,4.949999809265137
06-08-2015,4.949999809265137,4.949999809265137,0.0,4.949999809265137,4.949999809265137,4.949999809265137
07-08-2015,4.949999809265137,4.949999809265137,0.0,4.949999809265137,4.949999809265137,4.949999809265137
10-08-2015,4.949999809265137,4.949999809265137,0.0,4.949999809265137,4.949999809265137,4.949999809265137
11-08-2015,4.670000076293945,4.940000057220459,1000.0,4.940000057220459,4.929999828338623,4.929999828338623
12-08-2015,4.889999866485596,4.889999866485596,100.0,4.889999866485596,4.889999866485596,4.889999866485596
13-08-2015,4.889999866485596,4.889999866485596,0.0,4.889999866485596,4.889999866485596,4.889999866485596
14-08-2015,4.889999866485596,4.889999866485596,0.0,4.889999866485596,4.889999866485596,4.889999866485596
17-08-2015,4.75,4.75,7.0,4.75,4.75,4.75
18-08-2015,4.699999809265137,4.699999809265137,50.0,4.699999809265137,4.699999809265137,4.699999809265137
19-08-2015,4.699999809265137,4.699999809265137,0.0,4.699999809265137,4.699999809265137,4.699999809265137
20-08-2015,4.699999809265137,4.699999809265137,0.0,4.699999809265137,4.699999809265137,4.699999809265137
21-08-2015,4.429999828338623,4.559999942779541,928.0,4.559999942779541,4.429999828338623,4.429999828338623
24-08-2015,4.349999904632568,4.349999904632568,149.0,4.400000095367432,4.400000095367432,4.400000095367432
25-08-2015,4.400000095367432,4.400000095367432,100.0,4.400000095367432,4.400000095367432,4.400000095367432
26-08-2015,4.300000190734863,4.380000114440918,155.0,4.389999866485596,4.389999866485596,4.389999866485596
27-08-2015,4.389999866485596,4.389999866485596,0.0,4.389999866485596,4.389999866485596,4.389999866485596
28-08-2015,4.389999866485596,4.389999866485596,0.0,4.389999866485596,4.389999866485596,4.389999866485596
31-08-2015,4.260000228881836,4.260000228881836,50.0,4.300000190734863,4.300000190734863,4.300000190734863
01-09-2015,4.179999828338623,4.300000190734863,1817.0,4.300000190734863,4.28000020980835,4.28000020980835
02-09-2015,4.28000020980835,4.28000020980835,0.0,4.28000020980835,4.28000020980835,4.28000020980835
03-09-2015,4.28000020980835,4.28000020980835,10.0,4.28000020980835,4.28000020980835,4.28000020980835
04-09-2015,4.28000020980835,4.28000020980835,0.0,4.28000020980835,4.28000020980835,4.28000020980835
08-09-2015,3.9800000190734863,3.9800000190734863,944.0,4.159999847412109,4.150000095367432,4.150000095367432
09-09-2015,4.150000095367432,4.150000095367432,0.0,4.150000095367432,4.150000095367432,4.150000095367432
10-09-2015,3.9200000762939453,4.0,585.0,4.150000095367432,4.150000095367432,4.150000095367432
11-09-2015,4.199999809265137,4.199999809265137,100.0,4.199999809265137,4.199999809265137,4.199999809265137
14-09-2015,4.199999809265137,4.199999809265137,10.0,4.199999809265137,4.199999809265137,4.199999809265137
15-09-2015,4.199999809265137,4.199999809265137,0.0,4.199999809265137,4.199999809265137,4.199999809265137
16-09-2015,4.199999809265137,4.199999809265137,0.0,4.199999809265137,4.199999809265137,4.199999809265137
17-09-2015,4.199999809265137,4.199999809265137,0.0,4.199999809265137,4.199999809265137,4.199999809265137
18-09-2015,4.199999809265137,4.199999809265137,0.0,4.199999809265137,4.199999809265137,4.199999809265137
21-09-2015,4.199999809265137,4.199999809265137,0.0,4.199999809265137,4.199999809265137,4.199999809265137
22-09-2015,4.199999809265137,4.199999809265137,0.0,4.199999809265137,4.199999809265137,4.199999809265137
23-09-2015,4.0,4.0,75.0,4.090000152587891,4.090000152587891,4.090000152587891
24-09-2015,4.090000152587891,4.090000152587891,0.0,4.090000152587891,4.090000152587891,4.090000152587891
25-09-2015,4.090000152587891,4.090000152587891,0.0,4.090000152587891,4.090000152587891,4.090000152587891
28-09-2015,4.199999809265137,4.199999809265137,25.0,4.199999809265137,4.199999809265137,4.199999809265137
29-09-2015,4.019999980926514,4.019999980926514,772.0,4.019999980926514,4.019999980926514,4.019999980926514
30-09-2015,4.019999980926514,4.019999980926514,30.0,4.019999980926514,4.019999980926514,4.019999980926514
01-10-2015,4.050000190734863,4.050000190734863,2.0,4.050000190734863,4.050000190734863,4.050000190734863
02-10-2015,4.050000190734863,4.050000190734863,0.0,4.050000190734863,4.050000190734863,4.050000190734863
05-10-2015,4.050000190734863,4.050000190734863,0.0,4.050000190734863,4.050000190734863,4.050000190734863
06-10-2015,4.050000190734863,4.050000190734863,0.0,4.050000190734863,4.050000190734863,4.050000190734863
07-10-2015,4.03000020980835,4.03000020980835,15.0,4.03000020980835,4.03000020980835,4.03000020980835
08-10-2015,3.9100000858306885,3.9100000858306885,9.0,4.019999980926514,4.019999980926514,4.019999980926514
09-10-2015,4.019999980926514,4.019999980926514,0.0,4.019999980926514,4.019999980926514,4.019999980926514
12-10-2015,3.9000000953674316,3.9000000953674316,48.0,4.0,4.0,4.0
13-10-2015,3.880000114440918,3.880000114440918,100.0,4.0,4.0,4.0
14-10-2015,4.0,4.0,0.0,4.0,4.0,4.0
15-10-2015,4.0,4.0,0.0,4.0,4.0,4.0
16-10-2015,3.880000114440918,3.880000114440918,151.0,4.0,3.880000114440918,3.880000114440918
19-10-2015,3.880000114440918,4.03000020980835,166.0,4.03000020980835,4.03000020980835,4.03000020980835
20-10-2015,3.9100000858306885,3.9100000858306885,610.0,4.019999980926514,3.9100000858306885,3.9100000858306885
21-10-2015,4.0,4.0,15.0,4.0,4.0,4.0
22-10-2015,3.9100000858306885,3.9100000858306885,2266.0,3.9100000858306885,3.9100000858306885,3.9100000858306885
23-10-2015,3.9800000190734863,3.9800000190734863,1.0,3.9800000190734863,3.9800000190734863,3.9800000190734863
26-10-2015,3.9800000190734863,3.9800000190734863,0.0,3.9800000190734863,3.9800000190734863,3.9800000190734863
27-10-2015,3.9800000190734863,3.9800000190734863,0.0,3.9800000190734863,3.9800000190734863,3.9800000190734863
28-10-2015,3.869999885559082,3.869999885559082,3679.0,3.9800000190734863,3.9800000190734863,3.9800000190734863
29-10-2015,4.0,4.0,1006.0,4.150000095367432,4.150000095367432,4.150000095367432
30-10-2015,4.190000057220459,4.190000057220459,678.0,4.260000228881836,4.260000228881836,4.260000228881836
02-11-2015,4.309999942779541,4.309999942779541,57.0,4.559999942779541,4.559999942779541,4.559999942779541
03-11-2015,4.579999923706055,4.579999923706055,171.0,4.690000057220459,4.690000057220459,4.690000057220459
04-11-2015,4.579999923706055,4.579999923706055,45.0,4.579999923706055,4.579999923706055,4.579999923706055
05-11-2015,4.570000171661377,4.570000171661377,20.0,4.570000171661377,4.570000171661377,4.570000171661377
06-11-2015,4.369999885559082,4.369999885559082,10.0,4.369999885559082,4.369999885559082,4.369999885559082
09-11-2015,4.369999885559082,4.5,35.0,4.5,4.369999885559082,4.369999885559082
10-11-2015,4.449999809265137,4.449999809265137,25.0,4.449999809265137,4.449999809265137,4.449999809265137
11-11-2015,4.320000171661377,4.320000171661377,302.0,4.440000057220459,4.440000057220459,4.440000057220459
12-11-2015,4.199999809265137,4.320000171661377,250.0,4.320000171661377,4.320000171661377,4.320000171661377
13-11-2015,4.199999809265137,4.199999809265137,69.0,4.320000171661377,4.320000171661377,4.320000171661377
16-11-2015,4.199999809265137,4.199999809265137,91.0,4.320000171661377,4.320000171661377,4.320000171661377
17-11-2015,4.199999809265137,4.199999809265137,12.0,4.309999942779541,4.309999942779541,4.309999942779541
18-11-2015,4.309999942779541,4.309999942779541,1479.0,4.320000171661377,4.320000171661377,4.320000171661377
19-11-2015,4.239999771118164,4.320000171661377,357.0,4.5,4.320000171661377,4.320000171661377
20-11-2015,4.199999809265137,4.210000038146973,390.0,4.510000228881836,4.510000228881836,4.510000228881836
23-11-2015,4.510000228881836,4.510000228881836,0.0,4.510000228881836,4.510000228881836,4.510000228881836
24-11-2015,4.5,4.5,19.0,4.5,4.5,4.5
25-11-2015,4.5,4.5,0.0,4.5,4.5,4.5
27-11-2015,4.5,4.5,0.0,4.5,4.5,4.5
30-11-2015,4.449999809265137,4.449999809265137,70.0,4.5,4.5,4.5
01-12-2015,4.369999885559082,4.369999885559082,228.0,4.369999885559082,4.369999885559082,4.369999885559082
02-12-2015,4.420000076293945,4.420000076293945,100.0,4.489999771118164,4.489999771118164,4.489999771118164
03-12-2015,4.449999809265137,4.449999809265137,410.0,4.5,4.5,4.5
04-12-2015,4.5,4.5,708.0,4.5,4.5,4.5
07-12-2015,4.369999885559082,4.369999885559082,230.0,4.369999885559082,4.369999885559082,4.369999885559082
08-12-2015,4.239999771118164,4.239999771118164,1149.0,4.5,4.5,4.5
09-12-2015,4.5,4.5,0.0,4.5,4.5,4.5
10-12-2015,4.5,4.5,0.0,4.5,4.5,4.5
11-12-2015,4.5,4.5,0.0,4.5,4.5,4.5
14-12-2015,4.550000190734863,4.559999942779541,210.0,4.559999942779541,4.550000190734863,4.550000190734863
15-12-2015,4.349999904632568,4.349999904632568,108.0,4.449999809265137,4.400000095367432,4.400000095367432
16-12-2015,4.400000095367432,4.400000095367432,149.0,4.5,4.5,4.5
17-12-2015,4.489999771118164,4.489999771118164,100.0,4.489999771118164,4.489999771118164,4.489999771118164
18-12-2015,4.480000019073486,4.550000190734863,120.0,4.550000190734863,4.539999961853027,4.539999961853027
21-12-2015,4.53000020980835,4.53000020980835,110.0,4.539999961853027,4.539999961853027,4.539999961853027
22-12-2015,4.539999961853027,4.539999961853027,10.0,4.539999961853027,4.539999961853027,4.539999961853027
23-12-2015,4.539999961853027,4.539999961853027,0.0,4.539999961853027,4.539999961853027,4.539999961853027
24-12-2015,4.539999961853027,4.539999961853027,0.0,4.539999961853027,4.539999961853027,4.539999961853027
28-12-2015,4.409999847412109,4.409999847412109,500.0,4.489999771118164,4.489999771118164,4.489999771118164
29-12-2015,4.489999771118164,4.489999771118164,0.0,4.489999771118164,4.489999771118164,4.489999771118164
30-12-2015,4.489999771118164,4.489999771118164,0.0,4.489999771118164,4.489999771118164,4.489999771118164
31-12-2015,4.300000190734863,4.300000190734863,310.0,4.5,4.5,4.5
04-01-2016,4.489999771118164,4.489999771118164,480.0,4.489999771118164,4.489999771118164,4.489999771118164
05-01-2016,4.360000133514404,4.360000133514404,982.0,4.5,4.5,4.5
06-01-2016,4.369999885559082,4.369999885559082,89.0,4.369999885559082,4.369999885559082,4.369999885559082
07-01-2016,4.239999771118164,4.239999771118164,460.0,4.300000190734863,4.300000190734863,4.300000190734863
08-01-2016,4.300000190734863,4.300000190734863,341.0,4.369999885559082,4.300000190734863,4.300000190734863
11-01-2016,4.179999828338623,4.179999828338623,416.0,4.300000190734863,4.300000190734863,4.300000190734863
12-01-2016,4.289999961853027,4.289999961853027,13.0,4.289999961853027,4.289999961853027,4.289999961853027
13-01-2016,4.190000057220459,4.190000057220459,93.0,4.289999961853027,4.289999961853027,4.289999961853027
14-01-2016,4.289999961853027,4.289999961853027,0.0,4.289999961853027,4.289999961853027,4.289999961853027
15-01-2016,4.190000057220459,4.210000038146973,99.0,4.289999961853027,4.289999961853027,4.289999961853027
19-01-2016,4.179999828338623,4.179999828338623,0.0,4.179999828338623,4.179999828338623,4.179999828338623
20-01-2016,4.170000076293945,4.289999961853027,562.0,4.289999961853027,4.179999828338623,4.179999828338623
21-01-2016,4.179999828338623,4.179999828338623,0.0,4.179999828338623,4.179999828338623,4.179999828338623
22-01-2016,4.059999942779541,4.179999828338623,310.0,4.179999828338623,4.179999828338623,4.179999828338623
25-01-2016,4.179999828338623,4.179999828338623,0.0,4.179999828338623,4.179999828338623,4.179999828338623
26-01-2016,4.179999828338623,4.179999828338623,0.0,4.179999828338623,4.179999828338623,4.179999828338623
27-01-2016,4.099999904632568,4.099999904632568,16.0,4.170000076293945,4.170000076293945,4.170000076293945
28-01-2016,4.050000190734863,4.050000190734863,51.0,4.150000095367432,4.150000095367432,4.150000095367432
29-01-2016,4.03000020980835,4.03000020980835,54.0,4.150000095367432,4.150000095367432,4.150000095367432
01-02-2016,4.150000095367432,4.150000095367432,350.0,4.150000095367432,4.150000095367432,4.150000095367432
02-02-2016,4.03000020980835,4.03000020980835,111.0,4.099999904632568,4.099999904632568,4.099999904632568
03-02-2016,4.090000152587891,4.090000152587891,406.0,4.099999904632568,4.099999904632568,4.099999904632568
04-02-2016,4.099999904632568,4.099999904632568,238.0,4.139999866485596,4.139999866485596,4.139999866485596
05-02-2016,4.099999904632568,4.099999904632568,1097.0,4.150000095367432,4.150000095367432,4.150000095367432
08-02-2016,4.039999961853027,4.039999961853027,1250.0,4.150000095367432,4.150000095367432,4.150000095367432
09-02-2016,4.03000020980835,4.03000020980835,1600.0,4.150000095367432,4.090000152587891,4.090000152587891
10-02-2016,4.03000020980835,4.090000152587891,1364.0,4.150000095367432,4.03000020980835,4.03000020980835
11-02-2016,4.110000133514404,4.110000133514404,20.0,4.110000133514404,4.110000133514404,4.110000133514404
12-02-2016,4.0,4.0,129.0,4.150000095367432,4.150000095367432,4.150000095367432
16-02-2016,4.0,4.0,31.0,4.130000114440918,4.130000114440918,4.130000114440918
17-02-2016,4.050000190734863,4.050000190734863,50.0,4.050000190734863,4.050000190734863,4.050000190734863
18-02-2016,3.930000066757202,3.990000009536743,6953.0,3.990000009536743,3.930000066757202,3.930000066757202
19-02-2016,3.940000057220459,4.039999961853027,5250.0,4.039999961853027,4.0,4.0
22-02-2016,4.039999961853027,4.050000190734863,350.0,4.050000190734863,4.050000190734863,4.050000190734863
23-02-2016,3.930000066757202,3.940000057220459,550.0,3.940000057220459,3.930000066757202,3.930000066757202
24-02-2016,3.9000000953674316,4.050000190734863,936.0,4.050000190734863,3.9000000953674316,3.9000000953674316
25-02-2016,3.9000000953674316,3.9000000953674316,186.0,4.050000190734863,3.9800000190734863,3.9800000190734863
26-02-2016,3.9000000953674316,3.9000000953674316,247.0,3.9000000953674316,3.9000000953674316,3.9000000953674316
29-02-2016,3.990000009536743,3.990000009536743,700.0,3.990000009536743,3.990000009536743,3.990000009536743
01-03-2016,3.880000114440918,3.880000114440918,151.0,3.9800000190734863,3.880000114440918,3.880000114440918
02-03-2016,3.799999952316284,4.0,40.0,4.0,3.990000009536743,3.990000009536743
03-03-2016,3.880000114440918,3.880000114440918,2899.0,3.880000114440918,3.880000114440918,3.880000114440918
04-03-2016,3.990000009536743,3.990000009536743,20.0,3.990000009536743,3.990000009536743,3.990000009536743
07-03-2016,3.990000009536743,3.990000009536743,0.0,3.990000009536743,3.990000009536743,3.990000009536743
08-03-2016,3.880000114440918,3.880000114440918,110.0,3.880000114440918,3.880000114440918,3.880000114440918
09-03-2016,3.7799999713897705,3.799999952316284,2513.0,3.799999952316284,3.799999952316284,3.799999952316284
10-03-2016,3.690000057220459,3.880000114440918,1629.0,3.880000114440918,3.690000057220459,3.690000057220459
11-03-2016,3.759999990463257,3.7799999713897705,1001.0,3.7799999713897705,3.759999990463257,3.759999990463257
14-03-2016,3.759999990463257,3.759999990463257,0.0,3.759999990463257,3.759999990463257,3.759999990463257
15-03-2016,3.6600000858306885,3.6600000858306885,25.0,3.6600000858306885,3.6600000858306885,3.6600000858306885
16-03-2016,3.5999999046325684,3.5999999046325684,374.0,3.700000047683716,3.700000047683716,3.700000047683716
17-03-2016,3.700000047683716,3.700000047683716,15368.0,3.7899999618530273,3.7899999618530273,3.7899999618530273
18-03-2016,3.7899999618530273,3.7899999618530273,1800.0,3.7899999618530273,3.7899999618530273,3.7899999618530273
21-03-2016,3.700000047683716,3.869999885559082,252.0,3.869999885559082,3.869999885559082,3.869999885559082
22-03-2016,3.869999885559082,3.869999885559082,0.0,3.869999885559082,3.869999885559082,3.869999885559082
23-03-2016,3.759999990463257,3.759999990463257,31.0,3.8499999046325684,3.8499999046325684,3.8499999046325684
24-03-2016,3.8499999046325684,3.8499999046325684,0.0,3.8499999046325684,3.8499999046325684,3.8499999046325684
28-03-2016,3.799999952316284,3.799999952316284,74.0,3.799999952316284,3.799999952316284,3.799999952316284
29-03-2016,3.700000047683716,3.700000047683716,472.0,3.809999942779541,3.799999952316284,3.799999952316284
30-03-2016,3.799999952316284,3.799999952316284,200.0,3.799999952316284,3.799999952316284,3.799999952316284
31-03-2016,3.75,3.75,430.0,3.859999895095825,3.859999895095825,3.859999895095825
01-04-2016,3.859999895095825,3.859999895095825,0.0,3.859999895095825,3.859999895095825,3.859999895095825
04-04-2016,3.859999895095825,3.859999895095825,0.0,3.859999895095825,3.859999895095825,3.859999895095825
05-04-2016,3.859999895095825,3.859999895095825,0.0,3.859999895095825,3.859999895095825,3.859999895095825
06-04-2016,3.9700000286102295,3.9700000286102295,625.0,3.9700000286102295,3.9700000286102295,3.9700000286102295
07-04-2016,3.859999895095825,3.859999895095825,422.0,3.859999895095825,3.859999895095825,3.859999895095825
08-04-2016,3.799999952316284,3.859999895095825,1610.0,3.9800000190734863,3.9800000190734863,3.9800000190734863
11-04-2016,4.0,4.0,5.0,4.0,4.0,4.0
12-04-2016,4.0,4.0,0.0,4.0,4.0,4.0
13-04-2016,3.9000000953674316,4.0,416.0,4.0,3.9000000953674316,3.9000000953674316
14-04-2016,3.990000009536743,3.990000009536743,1.0,3.990000009536743,3.990000009536743,3.990000009536743
15-04-2016,3.819999933242798,3.819999933242798,15.0,3.990000009536743,3.990000009536743,3.990000009536743
18-04-2016,3.990000009536743,3.990000009536743,0.0,3.990000009536743,3.990000009536743,3.990000009536743
19-04-2016,3.990000009536743,3.990000009536743,0.0,3.990000009536743,3.990000009536743,3.990000009536743
20-04-2016,3.880000114440918,3.880000114440918,573.0,3.880000114440918,3.880000114440918,3.880000114440918
21-04-2016,3.799999952316284,3.8499999046325684,3450.0,3.8499999046325684,3.799999952316284,3.799999952316284
22-04-2016,3.75,3.75,74.0,3.75,3.75,3.75
25-04-2016,3.75,3.75,283.0,3.75,3.75,3.75
26-04-2016,3.700000047683716,3.75,1158.0,3.75,3.75,3.75
27-04-2016,3.6500000953674316,3.700000047683716,600.0,3.700000047683716,3.6500000953674316,3.6500000953674316
28-04-2016,3.6500000953674316,3.6500000953674316,0.0,3.6500000953674316,3.6500000953674316,3.6500000953674316
29-04-2016,3.5999999046325684,3.75,149.0,3.75,3.5999999046325684,3.5999999046325684
02-05-2016,3.5999999046325684,3.609999895095825,603.0,3.75,3.740000009536743,3.740000009536743
03-05-2016,3.630000114440918,3.740000009536743,1806.0,3.740000009536743,3.7300000190734863,3.7300000190734863
04-05-2016,3.619999885559082,3.630000114440918,1013.0,3.75,3.75,3.75
05-05-2016,3.740000009536743,3.740000009536743,1125.0,3.740000009536743,3.740000009536743,3.740000009536743
06-05-2016,3.700000047683716,3.740000009536743,129.0,3.740000009536743,3.700000047683716,3.700000047683716
09-05-2016,3.619999885559082,3.700000047683716,679.0,3.75,3.75,3.75
10-05-2016,3.75,3.75,9948.0,3.9100000858306885,3.9100000858306885,3.9100000858306885
11-05-2016,3.9800000190734863,3.9800000190734863,8321.0,4.019999980926514,3.990000009536743,3.990000009536743
12-05-2016,3.990000009536743,4.0,6323.0,4.019999980926514,3.990000009536743,3.990000009536743
13-05-2016,4.0,4.0,12601.0,4.119999885559082,4.0,4.0
16-05-2016,4.079999923706055,4.099999904632568,152.0,4.119999885559082,4.079999923706055,4.079999923706055
17-05-2016,3.990000009536743,4.099999904632568,432.0,4.099999904632568,3.990000009536743,3.990000009536743
18-05-2016,3.890000104904175,3.890000104904175,22.0,3.9800000190734863,3.9700000286102295,3.9700000286102295
19-05-2016,3.859999895095825,3.890000104904175,937.0,3.890000104904175,3.890000104904175,3.890000104904175
20-05-2016,3.7799999713897705,3.880000114440918,6963.0,3.890000104904175,3.7799999713897705,3.7799999713897705
23-05-2016,3.6700000762939453,3.950000047683716,1623.0,3.950000047683716,3.950000047683716,3.950000047683716
24-05-2016,3.8399999141693115,3.8499999046325684,220.0,3.8499999046325684,3.8499999046325684,3.8499999046325684
25-05-2016,3.8499999046325684,3.9600000381469727,37.0,3.9600000381469727,3.8499999046325684,3.8499999046325684
26-05-2016,3.740000009536743,3.75,1279.0,3.9600000381469727,3.799999952316284,3.799999952316284
27-05-2016,3.740000009536743,3.740000009536743,1384.0,3.7899999618530273,3.7899999618530273,3.7899999618530273
31-05-2016,3.759999990463257,3.759999990463257,3413.0,3.890000104904175,3.890000104904175,3.890000104904175
01-06-2016,3.75,3.7699999809265137,2501.0,3.890000104904175,3.75,3.75
02-06-2016,3.799999952316284,3.890000104904175,1487.0,3.9000000953674316,3.799999952316284,3.799999952316284
03-06-2016,3.7799999713897705,3.9000000953674316,263.0,3.9000000953674316,3.9000000953674316,3.9000000953674316
06-06-2016,4.010000228881836,4.010000228881836,2.0,4.010000228881836,4.010000228881836,4.010000228881836
07-06-2016,3.8299999237060547,3.8299999237060547,172.0,4.070000171661377,4.070000171661377,4.070000171661377
08-06-2016,4.03000020980835,4.03000020980835,79.0,4.03000020980835,4.03000020980835,4.03000020980835
09-06-2016,4.019999980926514,4.019999980926514,4.0,4.019999980926514,4.019999980926514,4.019999980926514
10-06-2016,3.8399999141693115,3.8399999141693115,1190.0,4.0,3.950000047683716,3.950000047683716
13-06-2016,3.700000047683716,3.799999952316284,3908.0,3.799999952316284,3.7100000381469727,3.7100000381469727
14-06-2016,3.700000047683716,3.700000047683716,450.0,3.7100000381469727,3.700000047683716,3.700000047683716
15-06-2016,3.700000047683716,3.700000047683716,1020.0,3.799999952316284,3.7100000381469727,3.7100000381469727
16-06-2016,3.700000047683716,3.700000047683716,10.0,3.700000047683716,3.700000047683716,3.700000047683716
17-06-2016,3.700000047683716,3.700000047683716,4709.0,3.799999952316284,3.799999952316284,3.799999952316284
20-06-2016,3.880000114440918,3.9700000286102295,310.0,3.9700000286102295,3.880000114440918,3.880000114440918
21-06-2016,3.880000114440918,3.880000114440918,0.0,3.880000114440918,3.880000114440918,3.880000114440918
22-06-2016,3.869999885559082,3.869999885559082,500.0,3.880000114440918,3.880000114440918,3.880000114440918
23-06-2016,3.880000114440918,3.880000114440918,0.0,3.880000114440918,3.880000114440918,3.880000114440918
24-06-2016,3.7100000381469727,3.7100000381469727,130.0,3.859999895095825,3.859999895095825,3.859999895095825
27-06-2016,3.859999895095825,3.859999895095825,0.0,3.859999895095825,3.859999895095825,3.859999895095825
28-06-2016,3.859999895095825,3.859999895095825,0.0,3.859999895095825,3.859999895095825,3.859999895095825
29-06-2016,3.75,3.75,2.0,3.75,3.75,3.75
30-06-2016,3.700000047683716,3.700000047683716,100.0,3.700000047683716,3.700000047683716,3.700000047683716
01-07-2016,3.700000047683716,3.700000047683716,0.0,3.700000047683716,3.700000047683716,3.700000047683716
05-07-2016,3.700000047683716,3.700000047683716,0.0,3.700000047683716,3.700000047683716,3.700000047683716
06-07-2016,3.700000047683716,3.700000047683716,0.0,3.700000047683716,3.700000047683716,3.700000047683716
07-07-2016,3.700000047683716,3.700000047683716,0.0,3.700000047683716,3.700000047683716,3.700000047683716
08-07-2016,3.990000009536743,3.990000009536743,10.0,3.990000009536743,3.990000009536743,3.990000009536743
11-07-2016,3.990000009536743,3.990000009536743,0.0,3.990000009536743,3.990000009536743,3.990000009536743
12-07-2016,3.990000009536743,3.990000009536743,0.0,3.990000009536743,3.990000009536743,3.990000009536743
13-07-2016,3.880000114440918,3.880000114440918,1.0,3.880000114440918,3.880000114440918,3.880000114440918
14-07-2016,3.880000114440918,3.880000114440918,0.0,3.880000114440918,3.880000114440918,3.880000114440918
15-07-2016,3.700000047683716,3.700000047683716,2114.0,3.700000047683716,3.700000047683716,3.700000047683716
18-07-2016,3.700000047683716,3.700000047683716,0.0,3.700000047683716,3.700000047683716,3.700000047683716
19-07-2016,3.799999952316284,3.880000114440918,4002.0,3.990000009536743,3.9800000190734863,3.9800000190734863
20-07-2016,3.869999885559082,3.869999885559082,40.0,3.9700000286102295,3.9700000286102295,3.9700000286102295
21-07-2016,3.9700000286102295,3.9700000286102295,0.0,3.9700000286102295,3.9700000286102295,3.9700000286102295
22-07-2016,3.9700000286102295,3.9700000286102295,8.0,3.9700000286102295,3.9700000286102295,3.9700000286102295
25-07-2016,3.9700000286102295,3.9700000286102295,0.0,3.9700000286102295,3.9700000286102295,3.9700000286102295
26-07-2016,3.869999885559082,3.869999885559082,93.0,3.869999885559082,3.869999885559082,3.869999885559082
27-07-2016,3.9600000381469727,3.9600000381469727,1.0,3.9600000381469727,3.9600000381469727,3.9600000381469727
28-07-2016,3.869999885559082,3.869999885559082,75.0,3.869999885559082,3.869999885559082,3.869999885559082
29-07-2016,3.869999885559082,3.869999885559082,1286.0,3.869999885559082,3.869999885559082,3.869999885559082
01-08-2016,3.869999885559082,3.869999885559082,182.0,3.9600000381469727,3.9600000381469727,3.9600000381469727
02-08-2016,3.8499999046325684,3.869999885559082,63.0,3.869999885559082,3.8499999046325684,3.8499999046325684
03-08-2016,3.8499999046325684,3.9600000381469727,20.0,3.9600000381469727,3.9100000858306885,3.9100000858306885
04-08-2016,3.819999933242798,3.819999933242798,9.0,3.9800000190734863,3.9800000190734863,3.9800000190734863
05-08-2016,3.950000047683716,3.950000047683716,132.0,3.950000047683716,3.950000047683716,3.950000047683716
08-08-2016,3.799999952316284,3.799999952316284,101.0,3.9000000953674316,3.799999952316284,3.799999952316284
09-08-2016,3.799999952316284,3.799999952316284,62.0,3.799999952316284,3.799999952316284,3.799999952316284
10-08-2016,3.799999952316284,3.799999952316284,218.0,3.799999952316284,3.799999952316284,3.799999952316284
11-08-2016,3.799999952316284,3.799999952316284,2330.0,3.799999952316284,3.799999952316284,3.799999952316284
12-08-2016,3.799999952316284,3.799999952316284,726.0,3.9000000953674316,3.9000000953674316,3.9000000953674316
15-08-2016,3.880000114440918,3.9600000381469727,21.0,3.9600000381469727,3.880000114440918,3.880000114440918
16-08-2016,3.9600000381469727,3.9600000381469727,1.0,3.9600000381469727,3.9600000381469727,3.9600000381469727
17-08-2016,3.8499999046325684,3.8499999046325684,140.0,3.990000009536743,3.990000009536743,3.990000009536743
18-08-2016,3.990000009536743,3.990000009536743,0.0,3.990000009536743,3.990000009536743,3.990000009536743
19-08-2016,3.990000009536743,3.990000009536743,0.0,3.990000009536743,3.990000009536743,3.990000009536743
22-08-2016,3.990000009536743,3.990000009536743,0.0,3.990000009536743,3.990000009536743,3.990000009536743
23-08-2016,3.880000114440918,3.880000114440918,571.0,3.9800000190734863,3.880000114440918,3.880000114440918
24-08-2016,3.880000114440918,3.880000114440918,0.0,3.880000114440918,3.880000114440918,3.880000114440918
25-08-2016,3.880000114440918,3.880000114440918,0.0,3.880000114440918,3.880000114440918,3.880000114440918
26-08-2016,3.880000114440918,3.880000114440918,0.0,3.880000114440918,3.880000114440918,3.880000114440918
29-08-2016,3.859999895095825,3.859999895095825,100.0,3.9000000953674316,3.9000000953674316,3.9000000953674316
30-08-2016,3.9600000381469727,3.9600000381469727,10.0,3.9600000381469727,3.9600000381469727,3.9600000381469727
31-08-2016,3.9600000381469727,3.9600000381469727,0.0,3.9600000381469727,3.9600000381469727,3.9600000381469727
01-09-2016,3.9600000381469727,3.9600000381469727,0.0,3.9600000381469727,3.9600000381469727,3.9600000381469727
02-09-2016,3.799999952316284,3.799999952316284,156.0,3.9000000953674316,3.9000000953674316,3.9000000953674316
06-09-2016,3.9000000953674316,3.9000000953674316,0.0,3.9000000953674316,3.9000000953674316,3.9000000953674316
07-09-2016,3.799999952316284,3.799999952316284,30.0,3.890000104904175,3.890000104904175,3.890000104904175
08-09-2016,3.890000104904175,3.890000104904175,0.0,3.890000104904175,3.890000104904175,3.890000104904175
09-09-2016,3.890000104904175,3.890000104904175,0.0,3.890000104904175,3.890000104904175,3.890000104904175
12-09-2016,3.890000104904175,3.890000104904175,0.0,3.890000104904175,3.890000104904175,3.890000104904175
13-09-2016,3.890000104904175,3.890000104904175,0.0,3.890000104904175,3.890000104904175,3.890000104904175
14-09-2016,3.890000104904175,3.890000104904175,0.0,3.890000104904175,3.890000104904175,3.890000104904175
15-09-2016,3.9000000953674316,3.9000000953674316,50.0,3.9000000953674316,3.9000000953674316,3.9000000953674316
16-09-2016,3.799999952316284,3.799999952316284,1952.0,3.9000000953674316,3.9000000953674316,3.9000000953674316
19-09-2016,3.799999952316284,3.799999952316284,31.0,3.9000000953674316,3.9000000953674316,3.9000000953674316
20-09-2016,3.869999885559082,3.869999885559082,301.0,3.9000000953674316,3.9000000953674316,3.9000000953674316
21-09-2016,3.9000000953674316,3.9000000953674316,0.0,3.9000000953674316,3.9000000953674316,3.9000000953674316
22-09-2016,3.7899999618530273,3.799999952316284,311.0,3.9000000953674316,3.890000104904175,3.890000104904175
23-09-2016,3.7799999713897705,3.7799999713897705,584.0,3.890000104904175,3.890000104904175,3.890000104904175
26-09-2016,3.9800000190734863,3.9800000190734863,2.0,3.9800000190734863,3.9800000190734863,3.9800000190734863
27-09-2016,3.9800000190734863,3.9800000190734863,0.0,3.9800000190734863,3.9800000190734863,3.9800000190734863
28-09-2016,3.759999990463257,3.759999990463257,373.0,3.759999990463257,3.759999990463257,3.759999990463257
29-09-2016,3.75,3.759999990463257,147.0,3.759999990463257,3.75,3.75
30-09-2016,3.640000104904175,3.75,362.0,3.75,3.75,3.75
03-10-2016,3.75,3.75,0.0,3.75,3.75,3.75
04-10-2016,3.740000009536743,3.75,165.0,3.75,3.75,3.75
05-10-2016,3.9100000858306885,3.9100000858306885,14.0,3.9100000858306885,3.9100000858306885,3.9100000858306885
06-10-2016,3.880000114440918,3.880000114440918,10.0,3.880000114440918,3.880000114440918,3.880000114440918
07-10-2016,3.880000114440918,3.880000114440918,0.0,3.880000114440918,3.880000114440918,3.880000114440918
10-10-2016,3.880000114440918,3.880000114440918,0.0,3.880000114440918,3.880000114440918,3.880000114440918
11-10-2016,3.880000114440918,3.880000114440918,0.0,3.880000114440918,3.880000114440918,3.880000114440918
12-10-2016,3.880000114440918,3.880000114440918,0.0,3.880000114440918,3.880000114440918,3.880000114440918
13-10-2016,3.799999952316284,3.799999952316284,352.0,3.8399999141693115,3.8399999141693115,3.8399999141693115
14-10-2016,3.7799999713897705,3.7799999713897705,63.0,3.880000114440918,3.880000114440918,3.880000114440918
17-10-2016,3.7699999809265137,3.7699999809265137,35.0,3.7699999809265137,3.7699999809265137,3.7699999809265137
18-10-2016,3.880000114440918,3.880000114440918,20.0,3.880000114440918,3.880000114440918,3.880000114440918
19-10-2016,3.7699999809265137,3.7699999809265137,433.0,3.7699999809265137,3.7699999809265137,3.7699999809265137
20-10-2016,3.880000114440918,3.880000114440918,5.0,3.880000114440918,3.880000114440918,3.880000114440918
21-10-2016,3.880000114440918,3.880000114440918,0.0,3.880000114440918,3.880000114440918,3.880000114440918
24-10-2016,3.799999952316284,3.799999952316284,1186.0,3.869999885559082,3.869999885559082,3.869999885559082
25-10-2016,3.7799999713897705,3.7799999713897705,101.0,3.869999885559082,3.869999885559082,3.869999885559082
26-10-2016,3.7699999809265137,3.7699999809265137,126.0,3.869999885559082,3.869999885559082,3.869999885559082
27-10-2016,3.799999952316284,3.799999952316284,175.0,3.859999895095825,3.859999895095825,3.859999895095825
28-10-2016,3.7699999809265137,3.799999952316284,381.0,3.8499999046325684,3.8499999046325684,3.8499999046325684
31-10-2016,3.8499999046325684,3.859999895095825,140.0,3.859999895095825,3.859999895095825,3.859999895095825
01-11-2016,3.799999952316284,3.799999952316284,2870.0,3.880000114440918,3.880000114440918,3.880000114440918
02-11-2016,3.809999942779541,3.809999942779541,50.0,3.9100000858306885,3.9100000858306885,3.9100000858306885
03-11-2016,3.799999952316284,3.799999952316284,236.0,3.9000000953674316,3.9000000953674316,3.9000000953674316
04-11-2016,3.9000000953674316,3.9000000953674316,68.0,3.9000000953674316,3.9000000953674316,3.9000000953674316
07-11-2016,3.799999952316284,3.8299999237060547,425.0,3.9800000190734863,3.9800000190734863,3.9800000190734863
08-11-2016,3.9800000190734863,3.9800000190734863,32.0,3.9800000190734863,3.9800000190734863,3.9800000190734863
09-11-2016,3.9800000190734863,3.9800000190734863,10.0,3.9800000190734863,3.9800000190734863,3.9800000190734863
10-11-2016,3.869999885559082,3.869999885559082,75.0,3.940000057220459,3.940000057220459,3.940000057220459
11-11-2016,3.869999885559082,3.9800000190734863,213.0,3.9800000190734863,3.9000000953674316,3.9000000953674316
14-11-2016,3.799999952316284,3.9000000953674316,226.0,3.9000000953674316,3.799999952316284,3.799999952316284
15-11-2016,3.799999952316284,3.9000000953674316,201.0,3.9000000953674316,3.799999952316284,3.799999952316284
16-11-2016,3.799999952316284,3.799999952316284,301.0,3.9000000953674316,3.890000104904175,3.890000104904175
17-11-2016,3.890000104904175,3.9800000190734863,479.0,3.9800000190734863,3.890000104904175,3.890000104904175
18-11-2016,3.890000104904175,3.890000104904175,58.0,3.890000104904175,3.890000104904175,3.890000104904175
21-11-2016,3.890000104904175,3.890000104904175,20.0,3.890000104904175,3.890000104904175,3.890000104904175
22-11-2016,3.890000104904175,3.890000104904175,0.0,3.890000104904175,3.890000104904175,3.890000104904175
23-11-2016,3.890000104904175,3.890000104904175,10.0,3.890000104904175,3.890000104904175,3.890000104904175
25-11-2016,3.950000047683716,3.950000047683716,0.0,3.950000047683716,3.950000047683716,3.950000047683716
28-11-2016,3.890000104904175,3.890000104904175,275.0,3.890000104904175,3.890000104904175,3.890000104904175
29-11-2016,3.890000104904175,3.890000104904175,826.0,3.990000009536743,3.990000009536743,3.990000009536743
30-11-2016,3.880000114440918,3.880000114440918,167.0,3.880000114440918,3.880000114440918,3.880000114440918
01-12-2016,3.9000000953674316,3.9000000953674316,217.0,3.9000000953674316,3.9000000953674316,3.9000000953674316
02-12-2016,3.799999952316284,3.799999952316284,26.0,3.9000000953674316,3.9000000953674316,3.9000000953674316
05-12-2016,3.9000000953674316,3.9000000953674316,0.0,3.9000000953674316,3.9000000953674316,3.9000000953674316
06-12-2016,3.9000000953674316,3.9000000953674316,127.0,3.9000000953674316,3.9000000953674316,3.9000000953674316
07-12-2016,3.990000009536743,3.990000009536743,1.0,3.990000009536743,3.990000009536743,3.990000009536743
08-12-2016,3.990000009536743,3.990000009536743,0.0,3.990000009536743,3.990000009536743,3.990000009536743
09-12-2016,3.990000009536743,3.990000009536743,0.0,3.990000009536743,3.990000009536743,3.990000009536743
12-12-2016,3.990000009536743,3.990000009536743,0.0,3.990000009536743,3.990000009536743,3.990000009536743
13-12-2016,3.990000009536743,3.990000009536743,0.0,3.990000009536743,3.990000009536743,3.990000009536743
14-12-2016,3.9600000381469727,3.9600000381469727,705.0,3.9600000381469727,3.9600000381469727,3.9600000381469727
15-12-2016,3.940000057220459,3.950000047683716,1240.0,3.950000047683716,3.940000057220459,3.940000057220459
16-12-2016,3.8399999141693115,3.8399999141693115,980.0,3.8399999141693115,3.8399999141693115,3.8399999141693115
19-12-2016,3.8399999141693115,3.8399999141693115,1384.0,3.950000047683716,3.950000047683716,3.950000047683716
20-12-2016,3.8399999141693115,3.8399999141693115,121.0,3.950000047683716,3.950000047683716,3.950000047683716
21-12-2016,3.950000047683716,3.950000047683716,0.0,3.950000047683716,3.950000047683716,3.950000047683716
22-12-2016,3.950000047683716,3.950000047683716,124.0,3.990000009536743,3.950000047683716,3.950000047683716
23-12-2016,3.8399999141693115,3.8399999141693115,32.0,3.9700000286102295,3.9700000286102295,3.9700000286102295
27-12-2016,3.880000114440918,3.880000114440918,260.0,3.880000114440918,3.880000114440918,3.880000114440918
28-12-2016,3.8499999046325684,3.8499999046325684,375.0,3.880000114440918,3.880000114440918,3.880000114440918
29-12-2016,3.8499999046325684,3.8499999046325684,597.0,3.880000114440918,3.8499999046325684,3.8499999046325684
30-12-2016,3.8499999046325684,3.8499999046325684,1453.0,3.8499999046325684,3.8499999046325684,3.8499999046325684
03-01-2017,3.799999952316284,3.799999952316284,521.0,3.890000104904175,3.890000104904175,3.890000104904175
04-01-2017,3.890000104904175,3.890000104904175,0.0,3.890000104904175,3.890000104904175,3.890000104904175
05-01-2017,3.8499999046325684,3.8499999046325684,2101.0,3.9100000858306885,3.890000104904175,3.890000104904175
06-01-2017,3.890000104904175,3.890000104904175,0.0,3.890000104904175,3.890000104904175,3.890000104904175
09-01-2017,3.809999942779541,3.809999942779541,567.0,3.9000000953674316,3.9000000953674316,3.9000000953674316
10-01-2017,3.9000000953674316,4.0,116.0,4.0,3.950000047683716,3.950000047683716
11-01-2017,3.819999933242798,4.050000190734863,581.0,4.050000190734863,4.03000020980835,4.03000020980835
12-01-2017,4.03000020980835,4.03000020980835,0.0,4.03000020980835,4.03000020980835,4.03000020980835
13-01-2017,4.03000020980835,4.03000020980835,0.0,4.03000020980835,4.03000020980835,4.03000020980835
17-01-2017,3.9100000858306885,3.9100000858306885,221.0,3.9800000190734863,3.9800000190734863,3.9800000190734863
18-01-2017,3.9000000953674316,3.9000000953674316,62.0,4.03000020980835,3.9800000190734863,3.9800000190734863
19-01-2017,3.869999885559082,3.869999885559082,690.0,3.9800000190734863,3.9800000190734863,3.9800000190734863
20-01-2017,4.050000190734863,4.050000190734863,1.0,4.050000190734863,4.050000190734863,4.050000190734863
23-01-2017,4.099999904632568,4.099999904632568,1.0,4.099999904632568,4.099999904632568,4.099999904632568
24-01-2017,4.090000152587891,4.090000152587891,405.0,4.090000152587891,4.090000152587891,4.090000152587891
25-01-2017,3.9700000286102295,3.9700000286102295,317.0,3.9700000286102295,3.9700000286102295,3.9700000286102295
26-01-2017,4.0,4.079999923706055,198.0,4.079999923706055,4.0,4.0
27-01-2017,3.880000114440918,3.880000114440918,1179.0,4.079999923706055,3.880000114440918,3.880000114440918
30-01-2017,3.809999942779541,3.880000114440918,201.0,3.990000009536743,3.990000009536743,3.990000009536743
31-01-2017,3.990000009536743,3.990000009536743,0.0,3.990000009536743,3.990000009536743,3.990000009536743
01-02-2017,3.9700000286102295,3.9700000286102295,736.0,3.9700000286102295,3.9700000286102295,3.9700000286102295
02-02-2017,3.9700000286102295,3.9800000190734863,812.0,3.9800000190734863,3.9800000190734863,3.9800000190734863
03-02-2017,3.9800000190734863,3.9800000190734863,0.0,3.9800000190734863,3.9800000190734863,3.9800000190734863
06-02-2017,3.9800000190734863,3.9800000190734863,0.0,3.9800000190734863,3.9800000190734863,3.9800000190734863
07-02-2017,3.9000000953674316,3.9000000953674316,11.0,3.9800000190734863,3.9800000190734863,3.9800000190734863
08-02-2017,3.9000000953674316,3.9000000953674316,10.0,3.9000000953674316,3.9000000953674316,3.9000000953674316
09-02-2017,3.9000000953674316,3.9000000953674316,180.0,3.9000000953674316,3.9000000953674316,3.9000000953674316
10-02-2017,3.9000000953674316,3.9000000953674316,312.0,3.9000000953674316,3.9000000953674316,3.9000000953674316
13-02-2017,3.9800000190734863,3.9800000190734863,1.0,3.9800000190734863,3.9800000190734863,3.9800000190734863
14-02-2017,3.9800000190734863,3.9800000190734863,0.0,3.9800000190734863,3.9800000190734863,3.9800000190734863
15-02-2017,3.869999885559082,3.950000047683716,203.0,3.950000047683716,3.869999885559082,3.869999885559082
16-02-2017,3.869999885559082,3.869999885559082,0.0,3.869999885559082,3.869999885559082,3.869999885559082
17-02-2017,3.869999885559082,3.869999885559082,0.0,3.869999885559082,3.869999885559082,3.869999885559082
21-02-2017,3.869999885559082,3.869999885559082,18843.0,3.9800000190734863,3.9800000190734863,3.9800000190734863
22-02-2017,3.9800000190734863,3.9800000190734863,0.0,3.9800000190734863,3.9800000190734863,3.9800000190734863
23-02-2017,3.9000000953674316,3.9000000953674316,10.0,3.9000000953674316,3.9000000953674316,3.9000000953674316
24-02-2017,3.9000000953674316,3.9000000953674316,0.0,3.9000000953674316,3.9000000953674316,3.9000000953674316
27-02-2017,3.9000000953674316,3.9800000190734863,201.0,3.9800000190734863,3.9000000953674316,3.9000000953674316
28-02-2017,3.9000000953674316,3.9600000381469727,25.0,3.9600000381469727,3.9000000953674316,3.9000000953674316
01-03-2017,3.9000000953674316,3.9000000953674316,77.0,3.9000000953674316,3.9000000953674316,3.9000000953674316
02-03-2017,3.799999952316284,3.799999952316284,10.0,3.799999952316284,3.799999952316284,3.799999952316284
03-03-2017,3.799999952316284,3.809999942779541,1351.0,3.9000000953674316,3.9000000953674316,3.9000000953674316
06-03-2017,3.819999933242798,3.819999933242798,213.0,3.9600000381469727,3.9600000381469727,3.9600000381469727
07-03-2017,3.9600000381469727,3.9600000381469727,0.0,3.9600000381469727,3.9600000381469727,3.9600000381469727
08-03-2017,3.9600000381469727,3.9600000381469727,13.0,3.9600000381469727,3.9600000381469727,3.9600000381469727
09-03-2017,3.799999952316284,3.9000000953674316,1385.0,3.9600000381469727,3.819999933242798,3.819999933242798
10-03-2017,3.819999933242798,3.819999933242798,500.0,3.819999933242798,3.819999933242798,3.819999933242798
13-03-2017,3.930000066757202,3.930000066757202,1.0,3.930000066757202,3.930000066757202,3.930000066757202
14-03-2017,3.819999933242798,3.819999933242798,512.0,3.819999933242798,3.819999933242798,3.819999933242798
15-03-2017,3.819999933242798,3.819999933242798,91.0,3.930000066757202,3.930000066757202,3.930000066757202
16-03-2017,3.930000066757202,3.930000066757202,0.0,3.930000066757202,3.930000066757202,3.930000066757202
17-03-2017,3.930000066757202,3.930000066757202,0.0,3.930000066757202,3.930000066757202,3.930000066757202
20-03-2017,3.930000066757202,3.930000066757202,0.0,3.930000066757202,3.930000066757202,3.930000066757202
21-03-2017,3.9200000762939453,3.9200000762939453,152.0,3.9200000762939453,3.9200000762939453,3.9200000762939453
22-03-2017,3.819999933242798,3.819999933242798,80.0,3.819999933242798,3.819999933242798,3.819999933242798
23-03-2017,3.819999933242798,3.9000000953674316,152.0,3.9000000953674316,3.9000000953674316,3.9000000953674316
24-03-2017,3.9000000953674316,3.9000000953674316,300.0,3.9000000953674316,3.9000000953674316,3.9000000953674316
27-03-2017,3.9000000953674316,3.9000000953674316,0.0,3.9000000953674316,3.9000000953674316,3.9000000953674316
28-03-2017,3.8399999141693115,3.890000104904175,34.0,3.890000104904175,3.8399999141693115,3.8399999141693115
29-03-2017,3.8399999141693115,3.8399999141693115,125.0,3.8399999141693115,3.8399999141693115,3.8399999141693115
30-03-2017,3.8399999141693115,3.8399999141693115,10.0,3.8399999141693115,3.8399999141693115,3.8399999141693115
31-03-2017,3.8399999141693115,3.8399999141693115,0.0,3.8399999141693115,3.8399999141693115,3.8399999141693115
03-04-2017,3.8399999141693115,3.8399999141693115,30.0,3.8399999141693115,3.8399999141693115,3.8399999141693115
04-04-2017,3.9000000953674316,3.9000000953674316,501.0,3.9000000953674316,3.9000000953674316,3.9000000953674316
05-04-2017,4.0,4.0,3785.0,4.119999885559082,4.119999885559082,4.119999885559082
06-04-2017,4.130000114440918,4.239999771118164,2032.0,4.239999771118164,4.150000095367432,4.150000095367432
07-04-2017,4.150000095367432,4.260000228881836,371.0,4.260000228881836,4.199999809265137,4.199999809265137
10-04-2017,4.079999923706055,4.130000114440918,205.0,4.199999809265137,4.199999809265137,4.199999809265137
11-04-2017,4.199999809265137,4.199999809265137,0.0,4.199999809265137,4.199999809265137,4.199999809265137
12-04-2017,4.199999809265137,4.199999809265137,0.0,4.199999809265137,4.199999809265137,4.199999809265137
13-04-2017,4.199999809265137,4.199999809265137,0.0,4.199999809265137,4.199999809265137,4.199999809265137
17-04-2017,4.289999961853027,4.289999961853027,1.0,4.289999961853027,4.289999961853027,4.289999961853027
18-04-2017,4.289999961853027,4.289999961853027,0.0,4.289999961853027,4.289999961853027,4.289999961853027
19-04-2017,4.199999809265137,4.199999809265137,275.0,4.199999809265137,4.199999809265137,4.199999809265137
20-04-2017,4.099999904632568,4.199999809265137,1187.0,4.199999809265137,4.099999904632568,4.099999904632568
21-04-2017,4.010000228881836,4.190000057220459,604.0,4.190000057220459,4.010000228881836,4.010000228881836
24-04-2017,4.130000114440918,4.130000114440918,610.0,4.150000095367432,4.150000095367432,4.150000095367432
25-04-2017,4.150000095367432,4.25,186.0,4.25,4.190000057220459,4.190000057220459
26-04-2017,4.150000095367432,4.150000095367432,523.0,4.150000095367432,4.150000095367432,4.150000095367432
27-04-2017,4.199999809265137,4.239999771118164,352.0,4.25,4.199999809265137,4.199999809265137
28-04-2017,4.199999809265137,4.199999809265137,0.0,4.199999809265137,4.199999809265137,4.199999809265137
01-05-2017,4.199999809265137,4.199999809265137,0.0,4.199999809265137,4.199999809265137,4.199999809265137
02-05-2017,4.199999809265137,4.199999809265137,0.0,4.199999809265137,4.199999809265137,4.199999809265137
03-05-2017,4.199999809265137,4.199999809265137,0.0,4.199999809265137,4.199999809265137,4.199999809265137
04-05-2017,4.199999809265137,4.199999809265137,0.0,4.199999809265137,4.199999809265137,4.199999809265137
05-05-2017,4.199999809265137,4.199999809265137,0.0,4.199999809265137,4.199999809265137,4.199999809265137
08-05-2017,4.199999809265137,4.300000190734863,388.0,4.300000190734863,4.199999809265137,4.199999809265137
09-05-2017,4.199999809265137,4.199999809265137,0.0,4.199999809265137,4.199999809265137,4.199999809265137
10-05-2017,4.199999809265137,4.199999809265137,199.0,4.199999809265137,4.199999809265137,4.199999809265137
11-05-2017,4.179999828338623,4.179999828338623,483.0,4.190000057220459,4.190000057220459,4.190000057220459
12-05-2017,4.079999923706055,4.079999923706055,292.0,4.199999809265137,4.199999809265137,4.199999809265137
15-05-2017,4.199999809265137,4.199999809265137,1256.0,4.199999809265137,4.199999809265137,4.199999809265137
16-05-2017,4.199999809265137,4.320000171661377,84.0,4.320000171661377,4.199999809265137,4.199999809265137
17-05-2017,4.199999809265137,4.199999809265137,0.0,4.199999809265137,4.199999809265137,4.199999809265137
18-05-2017,4.0,4.119999885559082,348.0,4.119999885559082,4.0,4.0
19-05-2017,3.880000114440918,4.0,1257.0,4.0,3.9000000953674316,3.9000000953674316
22-05-2017,3.9000000953674316,3.9000000953674316,2.0,3.9000000953674316,3.9000000953674316,3.9000000953674316
23-05-2017,3.880000114440918,3.880000114440918,15.0,3.880000114440918,3.880000114440918,3.880000114440918
24-05-2017,3.809999942779541,3.880000114440918,624.0,3.880000114440918,3.880000114440918,3.880000114440918
25-05-2017,3.880000114440918,3.880000114440918,0.0,3.880000114440918,3.880000114440918,3.880000114440918
26-05-2017,3.9000000953674316,3.9000000953674316,1175.0,3.950000047683716,3.950000047683716,3.950000047683716
30-05-2017,4.0,4.0,0.0,4.0,4.0,4.0
31-05-2017,4.0,4.0,0.0,4.0,4.0,4.0
01-06-2017,4.0,4.0,0.0,4.0,4.0,4.0
02-06-2017,4.0,4.0,0.0,4.0,4.0,4.0
05-06-2017,4.0,4.0,0.0,4.0,4.0,4.0
06-06-2017,4.0,4.0,0.0,4.0,4.0,4.0
07-06-2017,3.880000114440918,3.880000114440918,8.0,3.880000114440918,3.880000114440918,3.880000114440918
08-06-2017,3.8499999046325684,3.9000000953674316,3101.0,3.990000009536743,3.990000009536743,3.990000009536743
09-06-2017,3.990000009536743,3.990000009536743,0.0,3.990000009536743,3.990000009536743,3.990000009536743
12-06-2017,3.880000114440918,3.880000114440918,13.0,3.950000047683716,3.950000047683716,3.950000047683716
13-06-2017,3.8399999141693115,4.0,41.0,4.0,3.8399999141693115,3.8399999141693115
14-06-2017,3.799999952316284,3.8399999141693115,717.0,3.8399999141693115,3.809999942779541,3.809999942779541
15-06-2017,3.809999942779541,3.809999942779541,0.0,3.809999942779541,3.809999942779541,3.809999942779541
16-06-2017,3.819999933242798,3.819999933242798,8.0,3.819999933242798,3.819999933242798,3.819999933242798
19-06-2017,3.819999933242798,3.8499999046325684,2360.0,3.8499999046325684,3.819999933242798,3.819999933242798
20-06-2017,3.799999952316284,3.809999942779541,1263.0,3.809999942779541,3.799999952316284,3.799999952316284
21-06-2017,3.799999952316284,3.799999952316284,10.0,3.799999952316284,3.799999952316284,3.799999952316284
22-06-2017,3.799999952316284,3.799999952316284,0.0,3.799999952316284,3.799999952316284,3.799999952316284
23-06-2017,3.799999952316284,3.799999952316284,0.0,3.799999952316284,3.799999952316284,3.799999952316284
26-06-2017,3.799999952316284,3.799999952316284,0.0,3.799999952316284,3.799999952316284,3.799999952316284
27-06-2017,3.799999952316284,3.799999952316284,0.0,3.799999952316284,3.799999952316284,3.799999952316284
28-06-2017,3.799999952316284,3.799999952316284,0.0,3.799999952316284,3.799999952316284,3.799999952316284
29-06-2017,3.799999952316284,3.799999952316284,949.0,3.799999952316284,3.799999952316284,3.799999952316284
30-06-2017,3.880000114440918,3.880000114440918,1.0,3.880000114440918,3.880000114440918,3.880000114440918
03-07-2017,3.7200000286102295,3.7200000286102295,101.0,3.880000114440918,3.880000114440918,3.880000114440918
05-07-2017,3.880000114440918,3.880000114440918,0.0,3.880000114440918,3.880000114440918,3.880000114440918
06-07-2017,3.799999952316284,3.799999952316284,1000.0,3.799999952316284,3.799999952316284,3.799999952316284
07-07-2017,3.700000047683716,3.700000047683716,850.0,3.7100000381469727,3.700000047683716,3.700000047683716
10-07-2017,3.700000047683716,3.700000047683716,1883.0,3.799999952316284,3.799999952316284,3.799999952316284
11-07-2017,3.799999952316284,3.799999952316284,0.0,3.799999952316284,3.799999952316284,3.799999952316284
12-07-2017,3.799999952316284,3.799999952316284,1165.0,3.799999952316284,3.799999952316284,3.799999952316284
13-07-2017,3.7100000381469727,3.7100000381469727,10.0,3.7100000381469727,3.7100000381469727,3.7100000381469727
14-07-2017,3.7100000381469727,3.7100000381469727,0.0,3.7100000381469727,3.7100000381469727,3.7100000381469727
17-07-2017,3.7100000381469727,3.7100000381469727,0.0,3.7100000381469727,3.7100000381469727,3.7100000381469727
18-07-2017,3.7100000381469727,3.7100000381469727,0.0,3.7100000381469727,3.7100000381469727,3.7100000381469727
19-07-2017,3.7100000381469727,3.7100000381469727,0.0,3.7100000381469727,3.7100000381469727,3.7100000381469727
20-07-2017,3.7100000381469727,3.7100000381469727,0.0,3.7100000381469727,3.7100000381469727,3.7100000381469727
21-07-2017,3.700000047683716,3.7200000286102295,370.0,3.7200000286102295,3.700000047683716,3.700000047683716
24-07-2017,3.700000047683716,3.700000047683716,0.0,3.700000047683716,3.700000047683716,3.700000047683716
25-07-2017,3.700000047683716,3.700000047683716,0.0,3.700000047683716,3.700000047683716,3.700000047683716
26-07-2017,3.700000047683716,3.700000047683716,0.0,3.700000047683716,3.700000047683716,3.700000047683716
27-07-2017,3.700000047683716,3.700000047683716,3028.0,3.700000047683716,3.700000047683716,3.700000047683716
28-07-2017,3.700000047683716,3.700000047683716,658.0,3.700000047683716,3.700000047683716,3.700000047683716
31-07-2017,3.700000047683716,3.700000047683716,210.0,3.700000047683716,3.700000047683716,3.700000047683716
01-08-2017,3.700000047683716,3.700000047683716,350.0,3.700000047683716,3.700000047683716,3.700000047683716
02-08-2017,3.700000047683716,3.700000047683716,0.0,3.700000047683716,3.700000047683716,3.700000047683716
03-08-2017,3.700000047683716,3.700000047683716,0.0,3.700000047683716,3.700000047683716,3.700000047683716
04-08-2017,3.700000047683716,3.700000047683716,319.0,3.700000047683716,3.700000047683716,3.700000047683716
07-08-2017,3.700000047683716,3.700000047683716,264.0,3.700000047683716,3.700000047683716,3.700000047683716
08-08-2017,3.700000047683716,3.700000047683716,0.0,3.700000047683716,3.700000047683716,3.700000047683716
09-08-2017,3.700000047683716,3.700000047683716,0.0,3.700000047683716,3.700000047683716,3.700000047683716
10-08-2017,3.700000047683716,3.700000047683716,0.0,3.700000047683716,3.700000047683716,3.700000047683716
11-08-2017,3.809999942779541,3.809999942779541,9.0,3.809999942779541,3.809999942779541,3.809999942779541
14-08-2017,3.809999942779541,3.809999942779541,0.0,3.809999942779541,3.809999942779541,3.809999942779541
15-08-2017,3.809999942779541,3.809999942779541,0.0,3.809999942779541,3.809999942779541,3.809999942779541
16-08-2017,3.759999990463257,3.759999990463257,9.0,3.759999990463257,3.759999990463257,3.759999990463257
17-08-2017,3.759999990463257,3.759999990463257,0.0,3.759999990463257,3.759999990463257,3.759999990463257
18-08-2017,3.9200000762939453,3.9200000762939453,2.0,3.9200000762939453,3.9200000762939453,3.9200000762939453
21-08-2017,3.9200000762939453,3.9200000762939453,0.0,3.9200000762939453,3.9200000762939453,3.9200000762939453
22-08-2017,3.809999942779541,3.809999942779541,2600.0,3.809999942779541,3.809999942779541,3.809999942779541
23-08-2017,3.809999942779541,3.809999942779541,103.0,3.809999942779541,3.809999942779541,3.809999942779541
24-08-2017,3.809999942779541,3.809999942779541,0.0,3.809999942779541,3.809999942779541,3.809999942779541
25-08-2017,4.0,4.0,1.0,4.0,4.0,4.0
28-08-2017,4.0,4.0,0.0,4.0,4.0,4.0
29-08-2017,3.880000114440918,3.880000114440918,10.0,3.880000114440918,3.880000114440918,3.880000114440918
30-08-2017,3.880000114440918,3.880000114440918,0.0,3.880000114440918,3.880000114440918,3.880000114440918
31-08-2017,3.880000114440918,3.880000114440918,0.0,3.880000114440918,3.880000114440918,3.880000114440918
01-09-2017,3.880000114440918,3.880000114440918,0.0,3.880000114440918,3.880000114440918,3.880000114440918
05-09-2017,3.990000009536743,3.990000009536743,0.0,3.990000009536743,3.990000009536743,3.990000009536743
06-09-2017,3.819999933242798,3.819999933242798,726.0,3.9000000953674316,3.9000000953674316,3.9000000953674316
07-09-2017,3.9000000953674316,3.9000000953674316,0.0,3.9000000953674316,3.9000000953674316,3.9000000953674316
08-09-2017,3.9000000953674316,3.9000000953674316,0.0,3.9000000953674316,3.9000000953674316,3.9000000953674316
11-09-2017,3.9000000953674316,3.9000000953674316,0.0,3.9000000953674316,3.9000000953674316,3.9000000953674316
12-09-2017,3.9000000953674316,3.9000000953674316,0.0,3.9000000953674316,3.9000000953674316,3.9000000953674316
13-09-2017,3.9000000953674316,3.9000000953674316,0.0,3.9000000953674316,3.9000000953674316,3.9000000953674316
14-09-2017,3.9000000953674316,3.9000000953674316,0.0,3.9000000953674316,3.9000000953674316,3.9000000953674316
15-09-2017,3.799999952316284,3.799999952316284,101.0,3.890000104904175,3.890000104904175,3.890000104904175
18-09-2017,3.7200000286102295,3.7200000286102295,17.0,3.890000104904175,3.890000104904175,3.890000104904175
19-09-2017,3.890000104904175,3.890000104904175,0.0,3.890000104904175,3.890000104904175,3.890000104904175
20-09-2017,3.7799999713897705,3.7799999713897705,386.0,3.890000104904175,3.890000104904175,3.890000104904175
21-09-2017,3.890000104904175,3.890000104904175,0.0,3.890000104904175,3.890000104904175,3.890000104904175
22-09-2017,3.7799999713897705,3.7799999713897705,9.0,3.890000104904175,3.890000104904175,3.890000104904175
25-09-2017,3.890000104904175,3.890000104904175,0.0,3.890000104904175,3.890000104904175,3.890000104904175
26-09-2017,3.890000104904175,3.890000104904175,0.0,3.890000104904175,3.890000104904175,3.890000104904175
27-09-2017,3.8499999046325684,3.8499999046325684,10.0,3.8499999046325684,3.8499999046325684,3.8499999046325684
28-09-2017,3.75,3.75,35.0,3.8499999046325684,3.8499999046325684,3.8499999046325684
29-09-2017,3.75,3.75,40.0,3.75,3.75,3.75
02-10-2017,3.8499999046325684,3.890000104904175,56.0,3.890000104904175,3.8499999046325684,3.8499999046325684
03-10-2017,3.9600000381469727,3.9600000381469727,10.0,3.9600000381469727,3.9600000381469727,3.9600000381469727
04-10-2017,3.9600000381469727,3.9600000381469727,0.0,3.9600000381469727,3.9600000381469727,3.9600000381469727
05-10-2017,3.7899999618530273,3.7899999618530273,14.0,3.9600000381469727,3.9600000381469727,3.9600000381469727
06-10-2017,3.9600000381469727,3.9600000381469727,0.0,3.9600000381469727,3.9600000381469727,3.9600000381469727
09-10-2017,3.9600000381469727,3.9600000381469727,0.0,3.9600000381469727,3.9600000381469727,3.9600000381469727
10-10-2017,3.9600000381469727,3.9600000381469727,0.0,3.9600000381469727,3.9600000381469727,3.9600000381469727
11-10-2017,3.9600000381469727,3.9600000381469727,0.0,3.9600000381469727,3.9600000381469727,3.9600000381469727
12-10-2017,3.9600000381469727,3.9600000381469727,0.0,3.9600000381469727,3.9600000381469727,3.9600000381469727
13-10-2017,3.9600000381469727,3.9600000381469727,0.0,3.9600000381469727,3.9600000381469727,3.9600000381469727
16-10-2017,3.9600000381469727,3.9600000381469727,0.0,3.9600000381469727,3.9600000381469727,3.9600000381469727
17-10-2017,3.8499999046325684,3.8499999046325684,1994.0,3.950000047683716,3.950000047683716,3.950000047683716
18-10-2017,3.8399999141693115,3.8399999141693115,1600.0,3.8399999141693115,3.8399999141693115,3.8399999141693115
19-10-2017,3.950000047683716,3.950000047683716,20.0,3.950000047683716,3.950000047683716,3.950000047683716
20-10-2017,3.950000047683716,3.950000047683716,0.0,3.950000047683716,3.950000047683716,3.950000047683716
23-10-2017,3.8399999141693115,3.8399999141693115,101.0,3.9000000953674316,3.9000000953674316,3.9000000953674316
24-10-2017,3.7899999618530273,3.7899999618530273,580.0,3.940000057220459,3.7899999618530273,3.7899999618530273
25-10-2017,3.75,3.7899999618530273,5102.0,3.7899999618530273,3.75,3.75
26-10-2017,3.75,3.75,367.0,3.759999990463257,3.759999990463257,3.759999990463257
27-10-2017,3.759999990463257,3.759999990463257,202.0,3.869999885559082,3.869999885559082,3.869999885559082
30-10-2017,3.869999885559082,3.869999885559082,0.0,3.869999885559082,3.869999885559082,3.869999885559082
31-10-2017,3.869999885559082,3.869999885559082,0.0,3.869999885559082,3.869999885559082,3.869999885559082
01-11-2017,3.759999990463257,3.759999990463257,101.0,3.9000000953674316,3.9000000953674316,3.9000000953674316
02-11-2017,3.759999990463257,3.7699999809265137,99.0,3.890000104904175,3.759999990463257,3.759999990463257
03-11-2017,3.799999952316284,3.880000114440918,105.0,3.880000114440918,3.799999952316284,3.799999952316284
06-11-2017,3.759999990463257,3.799999952316284,1691.0,3.799999952316284,3.759999990463257,3.759999990463257
07-11-2017,3.759999990463257,3.759999990463257,3250.0,3.8499999046325684,3.759999990463257,3.759999990463257
08-11-2017,3.759999990463257,3.759999990463257,345.0,3.759999990463257,3.759999990463257,3.759999990463257
09-11-2017,3.759999990463257,3.759999990463257,12.0,3.869999885559082,3.869999885559082,3.869999885559082
10-11-2017,3.869999885559082,3.869999885559082,670.0,3.9000000953674316,3.9000000953674316,3.9000000953674316
13-11-2017,3.9000000953674316,3.9000000953674316,0.0,3.9000000953674316,3.9000000953674316,3.9000000953674316
14-11-2017,3.9000000953674316,3.9000000953674316,0.0,3.9000000953674316,3.9000000953674316,3.9000000953674316
15-11-2017,3.7899999618530273,3.7899999618530273,24.0,3.7899999618530273,3.7899999618530273,3.7899999618530273
16-11-2017,3.7799999713897705,3.7799999713897705,1009.0,3.7899999618530273,3.7899999618530273,3.7899999618530273
17-11-2017,3.7799999713897705,3.7799999713897705,217.0,3.7799999713897705,3.7799999713897705,3.7799999713897705
20-11-2017,3.7799999713897705,3.7799999713897705,11.0,3.880000114440918,3.880000114440918,3.880000114440918
21-11-2017,3.7799999713897705,3.7799999713897705,21.0,3.7799999713897705,3.7799999713897705,3.7799999713897705
22-11-2017,3.759999990463257,3.7799999713897705,726.0,3.880000114440918,3.880000114440918,3.880000114440918
24-11-2017,3.880000114440918,3.880000114440918,0.0,3.880000114440918,3.880000114440918,3.880000114440918
27-11-2017,3.8499999046325684,3.8499999046325684,975.0,3.8499999046325684,3.8499999046325684,3.8499999046325684
28-11-2017,3.8499999046325684,3.8499999046325684,0.0,3.8499999046325684,3.8499999046325684,3.8499999046325684
29-11-2017,3.8399999141693115,3.8399999141693115,200.0,3.8499999046325684,3.8499999046325684,3.8499999046325684
30-11-2017,3.7799999713897705,3.7899999618530273,668.0,3.8499999046325684,3.7799999713897705,3.7799999713897705
01-12-2017,3.7799999713897705,3.7799999713897705,0.0,3.7799999713897705,3.7799999713897705,3.7799999713897705
04-12-2017,3.759999990463257,3.7799999713897705,801.0,3.880000114440918,3.880000114440918,3.880000114440918
05-12-2017,3.7699999809265137,3.7699999809265137,501.0,3.7699999809265137,3.7699999809265137,3.7699999809265137
06-12-2017,3.759999990463257,3.7699999809265137,48943.0,3.880000114440918,3.759999990463257,3.759999990463257
07-12-2017,3.869999885559082,3.869999885559082,10.0,3.869999885559082,3.869999885559082,3.869999885559082
08-12-2017,3.759999990463257,3.759999990463257,100.0,3.759999990463257,3.759999990463257,3.759999990463257
11-12-2017,3.7699999809265137,3.7699999809265137,244.0,3.8499999046325684,3.8499999046325684,3.8499999046325684
12-12-2017,3.7699999809265137,3.7699999809265137,250.0,3.7699999809265137,3.7699999809265137,3.7699999809265137
13-12-2017,3.75,3.7699999809265137,3967.0,3.7699999809265137,3.75,3.75
14-12-2017,3.6700000762939453,3.700000047683716,4033.0,3.700000047683716,3.680000066757202,3.680000066757202
15-12-2017,3.680000066757202,3.680000066757202,0.0,3.680000066757202,3.680000066757202,3.680000066757202
18-12-2017,3.680000066757202,3.680000066757202,0.0,3.680000066757202,3.680000066757202,3.680000066757202
19-12-2017,3.700000047683716,3.700000047683716,56.0,3.700000047683716,3.700000047683716,3.700000047683716
20-12-2017,3.700000047683716,3.700000047683716,0.0,3.700000047683716,3.700000047683716,3.700000047683716
21-12-2017,3.700000047683716,3.700000047683716,0.0,3.700000047683716,3.700000047683716,3.700000047683716
22-12-2017,3.859999895095825,3.859999895095825,775.0,3.859999895095825,3.859999895095825,3.859999895095825
26-12-2017,3.859999895095825,3.859999895095825,414.0,3.859999895095825,3.859999895095825,3.859999895095825
27-12-2017,3.859999895095825,3.859999895095825,0.0,3.859999895095825,3.859999895095825,3.859999895095825
28-12-2017,3.75,3.859999895095825,20.0,3.859999895095825,3.75,3.75
29-12-2017,3.759999990463257,3.759999990463257,463.0,3.759999990463257,3.759999990463257,3.759999990463257
02-01-2018,3.759999990463257,3.759999990463257,0.0,3.759999990463257,3.759999990463257,3.759999990463257
03-01-2018,3.859999895095825,3.859999895095825,125.0,3.859999895095825,3.859999895095825,3.859999895095825
04-01-2018,3.859999895095825,3.859999895095825,0.0,3.859999895095825,3.859999895095825,3.859999895095825
05-01-2018,3.75,3.8399999141693115,559.0,3.8399999141693115,3.75,3.75
08-01-2018,3.690000057220459,3.690000057220459,593.0,3.690000057220459,3.690000057220459,3.690000057220459
09-01-2018,3.690000057220459,3.690000057220459,1135.0,3.690000057220459,3.690000057220459,3.690000057220459
10-01-2018,3.680000066757202,3.680000066757202,2893.0,3.680000066757202,3.680000066757202,3.680000066757202
11-01-2018,3.680000066757202,3.680000066757202,46.0,3.680000066757202,3.680000066757202,3.680000066757202
12-01-2018,3.680000066757202,3.680000066757202,1188.0,3.680000066757202,3.680000066757202,3.680000066757202
16-01-2018,3.680000066757202,3.680000066757202,0.0,3.680000066757202,3.680000066757202,3.680000066757202
17-01-2018,3.5399999618530273,3.5399999618530273,225.0,3.5399999618530273,3.5399999618530273,3.5399999618530273
18-01-2018,3.8499999046325684,3.8499999046325684,500.0,3.8499999046325684,3.8499999046325684,3.8499999046325684
19-01-2018,3.8499999046325684,3.8499999046325684,0.0,3.8499999046325684,3.8499999046325684,3.8499999046325684
22-01-2018,3.740000009536743,3.740000009536743,139.0,3.799999952316284,3.799999952316284,3.799999952316284
23-01-2018,3.8499999046325684,3.8499999046325684,2591.0,3.9600000381469727,3.9600000381469727,3.9600000381469727
24-01-2018,3.9600000381469727,3.9600000381469727,2046.0,3.9700000286102295,3.9600000381469727,3.9600000381469727
25-01-2018,3.9600000381469727,3.9600000381469727,0.0,3.9600000381469727,3.9600000381469727,3.9600000381469727
26-01-2018,3.8499999046325684,3.9600000381469727,310.0,3.9600000381469727,3.8499999046325684,3.8499999046325684
29-01-2018,3.8499999046325684,3.8499999046325684,0.0,3.8499999046325684,3.8499999046325684,3.8499999046325684
30-01-2018,3.9600000381469727,3.9600000381469727,40.0,3.9600000381469727,3.9600000381469727,3.9600000381469727
31-01-2018,3.7899999618530273,3.9600000381469727,12.0,3.9600000381469727,3.7899999618530273,3.7899999618530273
01-02-2018,3.700000047683716,3.700000047683716,115.0,3.700000047683716,3.700000047683716,3.700000047683716
02-02-2018,3.799999952316284,3.809999942779541,175.0,3.809999942779541,3.799999952316284,3.799999952316284
05-02-2018,3.799999952316284,3.799999952316284,385.0,3.799999952316284,3.799999952316284,3.799999952316284
06-02-2018,3.799999952316284,3.799999952316284,20.0,3.799999952316284,3.799999952316284,3.799999952316284
07-02-2018,3.809999942779541,3.809999942779541,432.0,3.8499999046325684,3.8499999046325684,3.8499999046325684
08-02-2018,3.8499999046325684,3.8499999046325684,320.0,3.9000000953674316,3.9000000953674316,3.9000000953674316
09-02-2018,3.819999933242798,3.819999933242798,282.0,3.819999933242798,3.819999933242798,3.819999933242798
12-02-2018,3.819999933242798,3.819999933242798,236.0,3.819999933242798,3.819999933242798,3.819999933242798
13-02-2018,3.9000000953674316,3.9000000953674316,20.0,3.9000000953674316,3.9000000953674316,3.9000000953674316
14-02-2018,3.799999952316284,3.799999952316284,108.0,3.799999952316284,3.799999952316284,3.799999952316284
15-02-2018,3.9000000953674316,3.9000000953674316,20.0,3.9000000953674316,3.9000000953674316,3.9000000953674316
16-02-2018,3.9000000953674316,3.9000000953674316,0.0,3.9000000953674316,3.9000000953674316,3.9000000953674316
20-02-2018,3.9000000953674316,3.9000000953674316,100.0,3.9000000953674316,3.9000000953674316,3.9000000953674316
21-02-2018,3.799999952316284,3.799999952316284,430.0,3.9000000953674316,3.9000000953674316,3.9000000953674316
22-02-2018,3.9000000953674316,3.9000000953674316,0.0,3.9000000953674316,3.9000000953674316,3.9000000953674316
23-02-2018,3.890000104904175,3.890000104904175,175.0,3.890000104904175,3.890000104904175,3.890000104904175
26-02-2018,3.799999952316284,3.799999952316284,1027.0,3.799999952316284,3.799999952316284,3.799999952316284
27-02-2018,3.799999952316284,3.799999952316284,0.0,3.799999952316284,3.799999952316284,3.799999952316284
28-02-2018,3.799999952316284,3.799999952316284,0.0,3.799999952316284,3.799999952316284,3.799999952316284
01-03-2018,3.9000000953674316,3.9000000953674316,20.0,3.9000000953674316,3.9000000953674316,3.9000000953674316
02-03-2018,3.799999952316284,3.799999952316284,705.0,3.799999952316284,3.799999952316284,3.799999952316284
05-03-2018,3.799999952316284,3.799999952316284,1500.0,3.799999952316284,3.799999952316284,3.799999952316284
06-03-2018,3.799999952316284,3.799999952316284,700.0,3.799999952316284,3.799999952316284,3.799999952316284
07-03-2018,3.700000047683716,3.799999952316284,462.0,3.819999933242798,3.819999933242798,3.819999933242798
08-03-2018,3.75,3.75,902.0,3.75,3.75,3.75
09-03-2018,3.75,3.75,756.0,3.75,3.75,3.75
12-03-2018,3.75,3.75,244.0,3.75,3.75,3.75
13-03-2018,3.75,3.75,0.0,3.75,3.75,3.75
14-03-2018,3.700000047683716,3.700000047683716,193.0,3.700000047683716,3.700000047683716,3.700000047683716
15-03-2018,3.700000047683716,3.700000047683716,8.0,3.700000047683716,3.700000047683716,3.700000047683716
16-03-2018,3.700000047683716,3.700000047683716,41.0,3.700000047683716,3.700000047683716,3.700000047683716
19-03-2018,3.700000047683716,3.700000047683716,0.0,3.700000047683716,3.700000047683716,3.700000047683716
20-03-2018,3.700000047683716,3.700000047683716,0.0,3.700000047683716,3.700000047683716,3.700000047683716
21-03-2018,3.700000047683716,3.700000047683716,250.0,3.700000047683716,3.700000047683716,3.700000047683716
22-03-2018,3.799999952316284,3.799999952316284,100.0,3.799999952316284,3.799999952316284,3.799999952316284
23-03-2018,3.799999952316284,3.799999952316284,755.0,3.890000104904175,3.890000104904175,3.890000104904175
26-03-2018,3.9000000953674316,3.9000000953674316,275.0,3.9000000953674316,3.9000000953674316,3.9000000953674316
27-03-2018,3.9000000953674316,3.9000000953674316,0.0,3.9000000953674316,3.9000000953674316,3.9000000953674316
28-03-2018,3.9000000953674316,3.9000000953674316,0.0,3.9000000953674316,3.9000000953674316,3.9000000953674316
29-03-2018,3.9000000953674316,3.9000000953674316,0.0,3.9000000953674316,3.9000000953674316,3.9000000953674316
02-04-2018,,,,,,
03-04-2018,3.7799999713897705,3.890000104904175,1050.0,3.890000104904175,3.7899999618530273,3.7899999618530273
04-04-2018,,,,,,
05-04-2018,3.690000057220459,3.690000057220459,0.0,3.690000057220459,3.690000057220459,3.690000057220459
06-04-2018,3.700000047683716,3.700000047683716,39.0,3.700000047683716,3.700000047683716,3.700000047683716
09-04-2018,3.700000047683716,3.700000047683716,0.0,3.700000047683716,3.700000047683716,3.700000047683716
10-04-2018,3.700000047683716,3.700000047683716,0.0,3.700000047683716,3.700000047683716,3.700000047683716
11-04-2018,3.700000047683716,3.700000047683716,0.0,3.700000047683716,3.700000047683716,3.700000047683716
12-04-2018,3.700000047683716,3.700000047683716,0.0,3.700000047683716,3.700000047683716,3.700000047683716
13-04-2018,3.7100000381469727,3.7100000381469727,0.0,3.7100000381469727,3.7100000381469727,3.7100000381469727
16-04-2018,3.7100000381469727,3.7100000381469727,0.0,3.7100000381469727,3.7100000381469727,3.7100000381469727
17-04-2018,3.9000000953674316,3.9000000953674316,1100.0,3.9000000953674316,3.9000000953674316,3.9000000953674316
18-04-2018,3.799999952316284,3.799999952316284,110.0,3.799999952316284,3.799999952316284,3.799999952316284
19-04-2018,3.799999952316284,3.799999952316284,0.0,3.799999952316284,3.799999952316284,3.799999952316284
20-04-2018,3.799999952316284,3.799999952316284,0.0,3.799999952316284,3.799999952316284,3.799999952316284
23-04-2018,,,,,,
24-04-2018,3.7100000381469727,3.7100000381469727,233.0,3.7100000381469727,3.7100000381469727,3.7100000381469727
25-04-2018,3.700000047683716,3.700000047683716,692.0,3.700000047683716,3.700000047683716,3.700000047683716
26-04-2018,3.609999895095825,3.609999895095825,33.0,3.609999895095825,3.609999895095825,3.609999895095825
27-04-2018,3.759999990463257,3.759999990463257,17.0,3.759999990463257,3.759999990463257,3.759999990463257
30-04-2018,3.6500000953674316,3.6500000953674316,125.0,3.6500000953674316,3.6500000953674316,3.6500000953674316
01-05-2018,3.6500000953674316,3.6500000953674316,0.0,3.6500000953674316,3.6500000953674316,3.6500000953674316
02-05-2018,3.700000047683716,3.700000047683716,810.0,3.700000047683716,3.700000047683716,3.700000047683716
03-05-2018,3.700000047683716,3.700000047683716,0.0,3.700000047683716,3.700000047683716,3.700000047683716
04-05-2018,3.5,3.5,960.0,3.549999952316284,3.549999952316284,3.549999952316284
07-05-2018,3.549999952316284,3.549999952316284,130.0,3.549999952316284,3.549999952316284,3.549999952316284
08-05-2018,3.549999952316284,3.549999952316284,0.0,3.549999952316284,3.549999952316284,3.549999952316284
09-05-2018,3.5999999046325684,3.700000047683716,280.0,3.700000047683716,3.5999999046325684,3.5999999046325684
10-05-2018,3.5999999046325684,3.5999999046325684,0.0,3.5999999046325684,3.5999999046325684,3.5999999046325684
11-05-2018,3.5999999046325684,3.5999999046325684,0.0,3.5999999046325684,3.5999999046325684,3.5999999046325684
14-05-2018,3.5999999046325684,3.5999999046325684,0.0,3.5999999046325684,3.5999999046325684,3.5999999046325684
15-05-2018,3.509999990463257,3.509999990463257,100.0,3.509999990463257,3.509999990463257,3.509999990463257
16-05-2018,3.509999990463257,3.509999990463257,0.0,3.509999990463257,3.509999990463257,3.509999990463257
17-05-2018,3.5199999809265137,3.5199999809265137,70.0,3.5199999809265137,3.5199999809265137,3.5199999809265137
18-05-2018,3.5199999809265137,3.5199999809265137,0.0,3.5199999809265137,3.5199999809265137,3.5199999809265137
21-05-2018,3.5199999809265137,3.5199999809265137,90.0,3.5199999809265137,3.5199999809265137,3.5199999809265137
22-05-2018,3.5199999809265137,3.5199999809265137,0.0,3.5199999809265137,3.5199999809265137,3.5199999809265137
23-05-2018,3.5199999809265137,3.5199999809265137,0.0,3.5199999809265137,3.5199999809265137,3.5199999809265137
24-05-2018,3.619999885559082,3.619999885559082,50.0,3.619999885559082,3.619999885559082,3.619999885559082
25-05-2018,3.549999952316284,3.549999952316284,280.0,3.549999952316284,3.549999952316284,3.549999952316284
29-05-2018,3.5199999809265137,3.549999952316284,251.0,3.549999952316284,3.5199999809265137,3.5199999809265137
30-05-2018,3.5,3.5,839.0,3.509999990463257,3.509999990463257,3.509999990463257
31-05-2018,3.549999952316284,3.549999952316284,1250.0,3.549999952316284,3.549999952316284,3.549999952316284
01-06-2018,3.549999952316284,3.549999952316284,284.0,3.549999952316284,3.549999952316284,3.549999952316284
04-06-2018,3.549999952316284,3.549999952316284,0.0,3.549999952316284,3.549999952316284,3.549999952316284
05-06-2018,3.509999990463257,3.509999990463257,2625.0,3.509999990463257,3.509999990463257,3.509999990463257
06-06-2018,3.509999990463257,3.509999990463257,3494.0,3.509999990463257,3.509999990463257,3.509999990463257
07-06-2018,3.509999990463257,3.509999990463257,1500.0,3.509999990463257,3.509999990463257,3.509999990463257
08-06-2018,3.509999990463257,3.509999990463257,38.0,3.509999990463257,3.509999990463257,3.509999990463257
11-06-2018,3.5,3.5,10.0,3.5,3.5,3.5
12-06-2018,3.509999990463257,3.509999990463257,712.0,3.509999990463257,3.509999990463257,3.509999990463257
13-06-2018,3.509999990463257,3.509999990463257,0.0,3.509999990463257,3.509999990463257,3.509999990463257
14-06-2018,3.509999990463257,3.509999990463257,1861.0,3.509999990463257,3.509999990463257,3.509999990463257
15-06-2018,3.509999990463257,3.509999990463257,0.0,3.509999990463257,3.509999990463257,3.509999990463257
18-06-2018,3.5,3.509999990463257,315.0,3.509999990463257,3.5,3.5
19-06-2018,3.509999990463257,3.509999990463257,1000.0,3.509999990463257,3.509999990463257,3.509999990463257
20-06-2018,3.5,3.5,1136.0,3.509999990463257,3.509999990463257,3.509999990463257
21-06-2018,3.509999990463257,3.509999990463257,0.0,3.509999990463257,3.509999990463257,3.509999990463257
22-06-2018,3.509999990463257,3.509999990463257,1500.0,3.509999990463257,3.509999990463257,3.509999990463257
25-06-2018,3.4600000381469727,3.5,94.0,3.5,3.4600000381469727,3.4600000381469727
26-06-2018,3.5,3.5,20.0,3.5,3.5,3.5
27-06-2018,3.5,3.5,0.0,3.5,3.5,3.5
28-06-2018,3.5,3.5,22.0,3.5,3.5,3.5
29-06-2018,3.5,3.5,0.0,3.5,3.5,3.5
02-07-2018,3.5199999809265137,3.5199999809265137,11.0,3.5199999809265137,3.5199999809265137,3.5199999809265137
03-07-2018,3.5,3.5,0.0,3.5,3.5,3.5
05-07-2018,3.609999895095825,3.609999895095825,0.0,3.609999895095825,3.609999895095825,3.609999895095825
06-07-2018,3.609999895095825,3.609999895095825,0.0,3.609999895095825,3.609999895095825,3.609999895095825
09-07-2018,3.509999990463257,3.509999990463257,10.0,3.509999990463257,3.509999990463257,3.509999990463257
10-07-2018,3.4000000953674316,3.4000000953674316,685.0,3.4000000953674316,3.4000000953674316,3.4000000953674316
11-07-2018,3.4000000953674316,3.4000000953674316,0.0,3.4000000953674316,3.4000000953674316,3.4000000953674316
12-07-2018,3.4000000953674316,3.4000000953674316,0.0,3.4000000953674316,3.4000000953674316,3.4000000953674316
13-07-2018,3.4000000953674316,3.4000000953674316,0.0,3.4000000953674316,3.4000000953674316,3.4000000953674316
16-07-2018,3.490000009536743,3.490000009536743,42.0,3.490000009536743,3.490000009536743,3.490000009536743
17-07-2018,3.490000009536743,3.490000009536743,0.0,3.490000009536743,3.490000009536743,3.490000009536743
18-07-2018,3.490000009536743,3.490000009536743,0.0,3.490000009536743,3.490000009536743,3.490000009536743
19-07-2018,3.490000009536743,3.490000009536743,0.0,3.490000009536743,3.490000009536743,3.490000009536743
20-07-2018,3.4000000953674316,3.4000000953674316,10.0,3.4000000953674316,3.4000000953674316,3.4000000953674316
23-07-2018,3.390000104904175,3.4000000953674316,120.0,3.4000000953674316,3.390000104904175,3.390000104904175
24-07-2018,3.380000114440918,3.380000114440918,100.0,3.380000114440918,3.380000114440918,3.380000114440918
25-07-2018,3.380000114440918,3.380000114440918,0.0,3.380000114440918,3.380000114440918,3.380000114440918
26-07-2018,3.299999952316284,3.380000114440918,80.0,3.380000114440918,3.299999952316284,3.299999952316284
27-07-2018,3.299999952316284,3.299999952316284,0.0,3.299999952316284,3.299999952316284,3.299999952316284
30-07-2018,3.299999952316284,3.299999952316284,42.0,3.299999952316284,3.299999952316284,3.299999952316284
31-07-2018,3.299999952316284,3.299999952316284,0.0,3.299999952316284,3.299999952316284,3.299999952316284
01-08-2018,3.299999952316284,3.299999952316284,108.0,3.299999952316284,3.299999952316284,3.299999952316284
02-08-2018,3.299999952316284,3.299999952316284,200.0,3.299999952316284,3.299999952316284,3.299999952316284
03-08-2018,3.2200000286102295,3.2200000286102295,50.0,3.2200000286102295,3.2200000286102295,3.2200000286102295
06-08-2018,3.2200000286102295,3.2200000286102295,0.0,3.2200000286102295,3.2200000286102295,3.2200000286102295
07-08-2018,3.25,3.25,8.0,3.25,3.25,3.25
08-08-2018,3.25,3.25,0.0,3.25,3.25,3.25
09-08-2018,3.25,3.25,0.0,3.25,3.25,3.25
10-08-2018,3.25,3.25,0.0,3.25,3.25,3.25
13-08-2018,3.25,3.25,0.0,3.25,3.25,3.25
14-08-2018,3.25,3.25,0.0,3.25,3.25,3.25
15-08-2018,3.25,3.25,0.0,3.25,3.25,3.25
16-08-2018,3.25,3.25,0.0,3.25,3.25,3.25
17-08-2018,3.25,3.25,0.0,3.25,3.25,3.25
20-08-2018,3.25,3.25,0.0,3.25,3.25,3.25
21-08-2018,3.25,3.25,0.0,3.25,3.25,3.25
22-08-2018,3.25,3.25,0.0,3.25,3.25,3.25
23-08-2018,3.25,3.25,0.0,3.25,3.25,3.25
24-08-2018,3.3299999237060547,3.3299999237060547,200.0,3.3299999237060547,3.3299999237060547,3.3299999237060547
27-08-2018,3.3299999237060547,3.3299999237060547,0.0,3.3299999237060547,3.3299999237060547,3.3299999237060547
28-08-2018,3.3299999237060547,3.3299999237060547,0.0,3.3299999237060547,3.3299999237060547,3.3299999237060547
29-08-2018,3.3299999237060547,3.3299999237060547,0.0,3.3299999237060547,3.3299999237060547,3.3299999237060547
30-08-2018,3.3299999237060547,3.3299999237060547,0.0,3.3299999237060547,3.3299999237060547,3.3299999237060547
31-08-2018,3.3299999237060547,3.3299999237060547,0.0,3.3299999237060547,3.3299999237060547,3.3299999237060547
04-09-2018,3.3299999237060547,3.3299999237060547,0.0,3.3299999237060547,3.3299999237060547,3.3299999237060547
05-09-2018,3.3299999237060547,3.3299999237060547,410.0,3.3299999237060547,3.3299999237060547,3.3299999237060547
06-09-2018,3.3299999237060547,3.3299999237060547,0.0,3.3299999237060547,3.3299999237060547,3.3299999237060547
07-09-2018,3.049999952316284,3.049999952316284,820.0,3.3299999237060547,3.3299999237060547,3.3299999237060547
10-09-2018,3.3299999237060547,3.3299999237060547,0.0,3.3299999237060547,3.3299999237060547,3.3299999237060547
11-09-2018,3.3299999237060547,3.3299999237060547,0.0,3.3299999237060547,3.3299999237060547,3.3299999237060547
12-09-2018,3.3299999237060547,3.3299999237060547,0.0,3.3299999237060547,3.3299999237060547,3.3299999237060547
13-09-2018,3.3299999237060547,3.3299999237060547,0.0,3.3299999237060547,3.3299999237060547,3.3299999237060547
14-09-2018,3.3299999237060547,3.3299999237060547,0.0,3.3299999237060547,3.3299999237060547,3.3299999237060547
17-09-2018,3.200000047683716,3.200000047683716,10.0,3.200000047683716,3.200000047683716,3.200000047683716
18-09-2018,3.200000047683716,3.200000047683716,0.0,3.200000047683716,3.200000047683716,3.200000047683716
19-09-2018,3.200000047683716,3.200000047683716,0.0,3.200000047683716,3.200000047683716,3.200000047683716
20-09-2018,3.200000047683716,3.200000047683716,0.0,3.200000047683716,3.200000047683716,3.200000047683716
21-09-2018,3.200000047683716,3.200000047683716,0.0,3.200000047683716,3.200000047683716,3.200000047683716
24-09-2018,3.200000047683716,3.200000047683716,0.0,3.200000047683716,3.200000047683716,3.200000047683716
25-09-2018,3.190000057220459,3.190000057220459,31.0,3.200000047683716,3.200000047683716,3.200000047683716
26-09-2018,3.2799999713897705,3.2799999713897705,5.0,3.2799999713897705,3.2799999713897705,3.2799999713897705
27-09-2018,3.2799999713897705,3.2799999713897705,0.0,3.2799999713897705,3.2799999713897705,3.2799999713897705
28-09-2018,3.2799999713897705,3.2799999713897705,0.0,3.2799999713897705,3.2799999713897705,3.2799999713897705
01-10-2018,3.2799999713897705,3.2799999713897705,0.0,3.2799999713897705,3.2799999713897705,3.2799999713897705
02-10-2018,3.2799999713897705,3.2799999713897705,0.0,3.2799999713897705,3.2799999713897705,3.2799999713897705
03-10-2018,3.200000047683716,3.200000047683716,30.0,3.2799999713897705,3.2799999713897705,3.2799999713897705
04-10-2018,3.2799999713897705,3.2799999713897705,0.0,3.2799999713897705,3.2799999713897705,3.2799999713897705
05-10-2018,3.2799999713897705,3.2799999713897705,0.0,3.2799999713897705,3.2799999713897705,3.2799999713897705
08-10-2018,3.049999952316284,3.049999952316284,50.0,3.049999952316284,3.049999952316284,3.049999952316284
09-10-2018,2.9600000381469727,2.9600000381469727,300.0,2.9600000381469727,2.9600000381469727,2.9600000381469727
10-10-2018,2.9600000381469727,2.9600000381469727,1304.0,2.9600000381469727,2.9600000381469727,2.9600000381469727
11-10-2018,2.9600000381469727,2.9600000381469727,0.0,2.9600000381469727,2.9600000381469727,2.9600000381469727
12-10-2018,2.9600000381469727,2.9600000381469727,0.0,2.9600000381469727,2.9600000381469727,2.9600000381469727
15-10-2018,2.9600000381469727,2.9600000381469727,0.0,2.9600000381469727,2.9600000381469727,2.9600000381469727
16-10-2018,2.9200000762939453,2.9200000762939453,370.0,2.9200000762939453,2.9200000762939453,2.9200000762939453
17-10-2018,2.930000066757202,2.930000066757202,2780.0,2.930000066757202,2.930000066757202,2.930000066757202
18-10-2018,2.930000066757202,2.930000066757202,0.0,2.930000066757202,2.930000066757202,2.930000066757202
19-10-2018,2.930000066757202,2.930000066757202,0.0,2.930000066757202,2.930000066757202,2.930000066757202
22-10-2018,2.930000066757202,2.930000066757202,3800.0,2.930000066757202,2.930000066757202,2.930000066757202
23-10-2018,2.8499999046325684,2.8499999046325684,185.0,2.859999895095825,2.859999895095825,2.859999895095825
24-10-2018,2.7799999713897705,2.7799999713897705,515.0,2.859999895095825,2.859999895095825,2.859999895095825
25-10-2018,2.859999895095825,2.859999895095825,0.0,2.859999895095825,2.859999895095825,2.859999895095825
26-10-2018,3.109999895095825,3.109999895095825,1.0,3.109999895095825,3.109999895095825,3.109999895095825
29-10-2018,3.240000009536743,3.240000009536743,5.0,3.240000009536743,3.240000009536743,3.240000009536743
30-10-2018,3.240000009536743,3.240000009536743,0.0,3.240000009536743,3.240000009536743,3.240000009536743
31-10-2018,3.240000009536743,3.240000009536743,0.0,3.240000009536743,3.240000009536743,3.240000009536743
01-11-2018,3.240000009536743,3.240000009536743,0.0,3.240000009536743,3.240000009536743,3.240000009536743
02-11-2018,3.2200000286102295,3.2200000286102295,117.0,3.2200000286102295,3.2200000286102295,3.2200000286102295
05-11-2018,3.2200000286102295,3.2200000286102295,1.0,3.2200000286102295,3.2200000286102295,3.2200000286102295
06-11-2018,3.2200000286102295,3.2200000286102295,0.0,3.2200000286102295,3.2200000286102295,3.2200000286102295
07-11-2018,3.2200000286102295,3.2200000286102295,0.0,3.2200000286102295,3.2200000286102295,3.2200000286102295
08-11-2018,3.2300000190734863,3.2300000190734863,1100.0,3.2300000190734863,3.2300000190734863,3.2300000190734863
09-11-2018,3.2300000190734863,3.2300000190734863,0.0,3.2300000190734863,3.2300000190734863,3.2300000190734863
12-11-2018,3.2300000190734863,3.2300000190734863,0.0,3.2300000190734863,3.2300000190734863,3.2300000190734863
13-11-2018,3.240000009536743,3.240000009536743,10020.0,3.240000009536743,3.240000009536743,3.240000009536743
14-11-2018,3.240000009536743,3.240000009536743,0.0,3.240000009536743,3.240000009536743,3.240000009536743
15-11-2018,3.240000009536743,3.240000009536743,15180.0,3.240000009536743,3.240000009536743,3.240000009536743
16-11-2018,3.2699999809265137,3.2699999809265137,182.0,3.2699999809265137,3.2699999809265137,3.2699999809265137
19-11-2018,3.2699999809265137,3.2699999809265137,0.0,3.2699999809265137,3.2699999809265137,3.2699999809265137
20-11-2018,3.2699999809265137,3.2699999809265137,0.0,3.2699999809265137,3.2699999809265137,3.2699999809265137
21-11-2018,3.240000009536743,3.240000009536743,18000.0,3.240000009536743,3.240000009536743,3.240000009536743
23-11-2018,3.240000009536743,3.240000009536743,0.0,3.240000009536743,3.240000009536743,3.240000009536743
26-11-2018,3.240000009536743,3.240000009536743,20000.0,3.240000009536743,3.240000009536743,3.240000009536743
27-11-2018,3.180000066757202,3.180000066757202,1020.0,3.180000066757202,3.180000066757202,3.180000066757202
28-11-2018,3.180000066757202,3.180000066757202,0.0,3.180000066757202,3.180000066757202,3.180000066757202
29-11-2018,3.180000066757202,3.180000066757202,5100.0,3.180000066757202,3.180000066757202,3.180000066757202
30-11-2018,3.180000066757202,3.180000066757202,925.0,3.180000066757202,3.180000066757202,3.180000066757202
03-12-2018,3.180000066757202,3.180000066757202,0.0,3.180000066757202,3.180000066757202,3.180000066757202
04-12-2018,3.180000066757202,3.180000066757202,800.0,3.180000066757202,3.180000066757202,3.180000066757202
06-12-2018,3.25,3.25,70.0,3.25,3.25,3.25
07-12-2018,3.190000057220459,3.190000057220459,10.0,3.190000057220459,3.190000057220459,3.190000057220459
10-12-2018,3.240000009536743,3.240000009536743,15240.0,3.240000009536743,3.240000009536743,3.240000009536743
11-12-2018,3.1500000953674316,3.1500000953674316,2241.0,3.1500000953674316,3.1500000953674316,3.1500000953674316
12-12-2018,3.2200000286102295,3.240000009536743,21000.0,3.240000009536743,3.2200000286102295,3.2200000286102295
13-12-2018,3.2200000286102295,3.2200000286102295,487.0,3.2200000286102295,3.2200000286102295,3.2200000286102295
14-12-2018,3.130000114440918,3.2200000286102295,1500.0,3.2200000286102295,3.130000114440918,3.130000114440918
17-12-2018,3.130000114440918,3.130000114440918,1727.0,3.130000114440918,3.130000114440918,3.130000114440918
18-12-2018,3.2200000286102295,3.2200000286102295,27132.0,3.240000009536743,3.240000009536743,3.240000009536743
19-12-2018,3.1500000953674316,3.1500000953674316,700.0,3.1500000953674316,3.1500000953674316,3.1500000953674316
20-12-2018,3.140000104904175,3.2300000190734863,18700.0,3.2300000190734863,3.140000104904175,3.140000104904175
21-12-2018,3.140000104904175,3.140000104904175,0.0,3.140000104904175,3.140000104904175,3.140000104904175
24-12-2018,3.140000104904175,3.140000104904175,0.0,3.140000104904175,3.140000104904175,3.140000104904175
26-12-2018,3.140000104904175,3.140000104904175,0.0,3.140000104904175,3.140000104904175,3.140000104904175
27-12-2018,3.200000047683716,3.200000047683716,811.0,3.200000047683716,3.200000047683716,3.200000047683716
28-12-2018,3.2200000286102295,3.2200000286102295,23000.0,3.2200000286102295,3.2200000286102295,3.2200000286102295
31-12-2018,3.2100000381469727,3.2100000381469727,30000.0,3.2100000381469727,3.2100000381469727,3.2100000381469727
02-01-2019,3.200000047683716,3.200000047683716,77.0,3.200000047683716,3.200000047683716,3.200000047683716
03-01-2019,3.200000047683716,3.200000047683716,0.0,3.200000047683716,3.200000047683716,3.200000047683716
04-01-2019,3.109999895095825,3.109999895095825,6762.0,3.109999895095825,3.109999895095825,3.109999895095825
07-01-2019,3.2300000190734863,3.2300000190734863,19497.0,3.2300000190734863,3.2300000190734863,3.2300000190734863
08-01-2019,3.2300000190734863,3.2300000190734863,0.0,3.2300000190734863,3.2300000190734863,3.2300000190734863
09-01-2019,3.2300000190734863,3.2300000190734863,0.0,3.2300000190734863,3.2300000190734863,3.2300000190734863
10-01-2019,3.2300000190734863,3.2300000190734863,0.0,3.2300000190734863,3.2300000190734863,3.2300000190734863
11-01-2019,3.2300000190734863,3.2300000190734863,0.0,3.2300000190734863,3.2300000190734863,3.2300000190734863
14-01-2019,3.2300000190734863,3.2300000190734863,0.0,3.2300000190734863,3.2300000190734863,3.2300000190734863
15-01-2019,3.2300000190734863,3.2300000190734863,0.0,3.2300000190734863,3.2300000190734863,3.2300000190734863
16-01-2019,3.0899999141693115,3.0899999141693115,10.0,3.0899999141693115,3.0899999141693115,3.0899999141693115
17-01-2019,3.200000047683716,3.200000047683716,10.0,3.200000047683716,3.200000047683716,3.200000047683716
18-01-2019,3.200000047683716,3.200000047683716,0.0,3.200000047683716,3.200000047683716,3.200000047683716
22-01-2019,3.200000047683716,3.200000047683716,0.0,3.200000047683716,3.200000047683716,3.200000047683716
23-01-2019,2.930000066757202,2.930000066757202,248.0,2.930000066757202,2.930000066757202,2.930000066757202
24-01-2019,3.059999942779541,3.059999942779541,20.0,3.059999942779541,3.059999942779541,3.059999942779541
25-01-2019,3.059999942779541,3.059999942779541,0.0,3.059999942779541,3.059999942779541,3.059999942779541
28-01-2019,3.059999942779541,3.059999942779541,0.0,3.059999942779541,3.059999942779541,3.059999942779541
29-01-2019,3.059999942779541,3.059999942779541,0.0,3.059999942779541,3.059999942779541,3.059999942779541
30-01-2019,3.059999942779541,3.059999942779541,0.0,3.059999942779541,3.059999942779541,3.059999942779541
31-01-2019,3.059999942779541,3.059999942779541,0.0,3.059999942779541,3.059999942779541,3.059999942779541
01-02-2019,2.9600000381469727,2.9600000381469727,2.0,2.9600000381469727,2.9600000381469727,2.9600000381469727
04-02-2019,2.9600000381469727,2.9600000381469727,0.0,2.9600000381469727,2.9600000381469727,2.9600000381469727
05-02-2019,2.9600000381469727,2.9600000381469727,0.0,2.9600000381469727,2.9600000381469727,2.9600000381469727
06-02-2019,2.9600000381469727,2.9600000381469727,0.0,2.9600000381469727,2.9600000381469727,2.9600000381469727
07-02-2019,2.9600000381469727,2.9600000381469727,0.0,2.9600000381469727,2.9600000381469727,2.9600000381469727
08-02-2019,2.9100000858306885,2.9100000858306885,60.0,2.9100000858306885,2.9100000858306885,2.9100000858306885
11-02-2019,2.990000009536743,2.990000009536743,20.0,2.990000009536743,2.990000009536743,2.990000009536743
12-02-2019,2.990000009536743,2.990000009536743,0.0,2.990000009536743,2.990000009536743,2.990000009536743
13-02-2019,2.990000009536743,2.990000009536743,0.0,2.990000009536743,2.990000009536743,2.990000009536743
14-02-2019,2.9000000953674316,2.9000000953674316,589.0,3.0999999046325684,3.0999999046325684,3.0999999046325684
15-02-2019,3.0999999046325684,3.0999999046325684,0.0,3.0999999046325684,3.0999999046325684,3.0999999046325684
19-02-2019,2.799999952316284,2.9200000762939453,796.0,2.9200000762939453,2.799999952316284,2.799999952316284
20-02-2019,2.7200000286102295,2.7200000286102295,40.0,2.7200000286102295,2.7200000286102295,2.7200000286102295
21-02-2019,2.640000104904175,2.640000104904175,12.0,2.640000104904175,2.640000104904175,2.640000104904175
22-02-2019,2.640000104904175,2.640000104904175,0.0,2.640000104904175,2.640000104904175,2.640000104904175
25-02-2019,2.640000104904175,2.640000104904175,0.0,2.640000104904175,2.640000104904175,2.640000104904175
26-02-2019,2.640000104904175,2.640000104904175,0.0,2.640000104904175,2.640000104904175,2.640000104904175
27-02-2019,2.640000104904175,2.640000104904175,0.0,2.640000104904175,2.640000104904175,2.640000104904175
28-02-2019,2.640000104904175,2.640000104904175,0.0,2.640000104904175,2.640000104904175,2.640000104904175
01-03-2019,2.640000104904175,2.640000104904175,0.0,2.640000104904175,2.640000104904175,2.640000104904175
04-03-2019,2.640000104904175,2.640000104904175,0.0,2.640000104904175,2.640000104904175,2.640000104904175
05-03-2019,2.5899999141693115,2.5899999141693115,100.0,2.5899999141693115,2.5899999141693115,2.5899999141693115
06-03-2019,2.5299999713897705,2.5299999713897705,350.0,2.5299999713897705,2.5299999713897705,2.5299999713897705
07-03-2019,2.5299999713897705,2.5299999713897705,0.0,2.5299999713897705,2.5299999713897705,2.5299999713897705
08-03-2019,2.5799999237060547,2.5799999237060547,20.0,2.5799999237060547,2.5799999237060547,2.5799999237060547
11-03-2019,2.5799999237060547,2.5799999237060547,14.0,2.5799999237060547,2.5799999237060547,2.5799999237060547
12-03-2019,2.5799999237060547,2.5799999237060547,0.0,2.5799999237060547,2.5799999237060547,2.5799999237060547
13-03-2019,2.4000000953674316,2.4000000953674316,10.0,2.4000000953674316,2.4000000953674316,2.4000000953674316
14-03-2019,2.4000000953674316,2.4000000953674316,0.0,2.4000000953674316,2.4000000953674316,2.4000000953674316
15-03-2019,2.4000000953674316,2.4000000953674316,0.0,2.4000000953674316,2.4000000953674316,2.4000000953674316
18-03-2019,2.4000000953674316,2.4000000953674316,0.0,2.4000000953674316,2.4000000953674316,2.4000000953674316
19-03-2019,2.4000000953674316,2.4000000953674316,0.0,2.4000000953674316,2.4000000953674316,2.4000000953674316
20-03-2019,2.4000000953674316,2.4000000953674316,0.0,2.4000000953674316,2.4000000953674316,2.4000000953674316
21-03-2019,2.5299999713897705,2.5299999713897705,10.0,2.5299999713897705,2.5299999713897705,2.5299999713897705
22-03-2019,2.5299999713897705,2.5299999713897705,0.0,2.5299999713897705,2.5299999713897705,2.5299999713897705
25-03-2019,2.4200000762939453,2.4200000762939453,280.0,2.4200000762939453,2.4200000762939453,2.4200000762939453
26-03-2019,2.5199999809265137,2.5199999809265137,5.0,2.5199999809265137,2.5199999809265137,2.5199999809265137
27-03-2019,2.5199999809265137,2.5199999809265137,0.0,2.5199999809265137,2.5199999809265137,2.5199999809265137
28-03-2019,2.5199999809265137,2.5199999809265137,0.0,2.5199999809265137,2.5199999809265137,2.5199999809265137
29-03-2019,2.299999952316284,2.299999952316284,39335.0,2.299999952316284,2.299999952316284,2.299999952316284
01-04-2019,2.2699999809265137,2.2699999809265137,62.0,2.2699999809265137,2.2699999809265137,2.2699999809265137
02-04-2019,2.2699999809265137,2.2699999809265137,0.0,2.2699999809265137,2.2699999809265137,2.2699999809265137
03-04-2019,2.2699999809265137,2.2699999809265137,0.0,2.2699999809265137,2.2699999809265137,2.2699999809265137
04-04-2019,2.2699999809265137,2.2699999809265137,0.0,2.2699999809265137,2.2699999809265137,2.2699999809265137
05-04-2019,2.1500000953674316,2.2100000381469727,487.0,2.2100000381469727,2.1500000953674316,2.1500000953674316
08-04-2019,2.0999999046325684,2.0999999046325684,32.0,2.0999999046325684,2.0999999046325684,2.0999999046325684
09-04-2019,2.0999999046325684,2.0999999046325684,0.0,2.0999999046325684,2.0999999046325684,2.0999999046325684
10-04-2019,2.069999933242798,2.069999933242798,40.0,2.200000047683716,2.200000047683716,2.200000047683716
11-04-2019,2.259999990463257,2.259999990463257,25.0,2.259999990463257,2.259999990463257,2.259999990463257
12-04-2019,2.259999990463257,2.259999990463257,0.0,2.259999990463257,2.259999990463257,2.259999990463257
15-04-2019,2.259999990463257,2.259999990463257,0.0,2.259999990463257,2.259999990463257,2.259999990463257
16-04-2019,2.259999990463257,2.259999990463257,0.0,2.259999990463257,2.259999990463257,2.259999990463257
17-04-2019,2.259999990463257,2.259999990463257,0.0,2.259999990463257,2.259999990463257,2.259999990463257
18-04-2019,2.259999990463257,2.259999990463257,0.0,2.259999990463257,2.259999990463257,2.259999990463257
22-04-2019,2.259999990463257,2.259999990463257,0.0,2.259999990463257,2.259999990463257,2.259999990463257
23-04-2019,2.259999990463257,2.259999990463257,0.0,2.259999990463257,2.259999990463257,2.259999990463257
24-04-2019,2.259999990463257,2.259999990463257,0.0,2.259999990463257,2.259999990463257,2.259999990463257
25-04-2019,2.259999990463257,2.259999990463257,0.0,2.259999990463257,2.259999990463257,2.259999990463257
26-04-2019,2.259999990463257,2.259999990463257,0.0,2.259999990463257,2.259999990463257,2.259999990463257
29-04-2019,2.259999990463257,2.259999990463257,0.0,2.259999990463257,2.259999990463257,2.259999990463257
30-04-2019,2.259999990463257,2.259999990463257,0.0,2.259999990463257,2.259999990463257,2.259999990463257
01-05-2019,2.259999990463257,2.259999990463257,0.0,2.259999990463257,2.259999990463257,2.259999990463257
02-05-2019,2.259999990463257,2.259999990463257,0.0,2.259999990463257,2.259999990463257,2.259999990463257
03-05-2019,2.259999990463257,2.259999990463257,0.0,2.259999990463257,2.259999990463257,2.259999990463257
06-05-2019,2.259999990463257,2.259999990463257,0.0,2.259999990463257,2.259999990463257,2.259999990463257
07-05-2019,2.259999990463257,2.259999990463257,0.0,2.259999990463257,2.259999990463257,2.259999990463257
08-05-2019,2.259999990463257,2.259999990463257,0.0,2.259999990463257,2.259999990463257,2.259999990463257
09-05-2019,2.259999990463257,2.259999990463257,0.0,2.259999990463257,2.259999990463257,2.259999990463257
10-05-2019,2.259999990463257,2.259999990463257,0.0,2.259999990463257,2.259999990463257,2.259999990463257
13-05-2019,2.259999990463257,2.259999990463257,0.0,2.259999990463257,2.259999990463257,2.259999990463257
14-05-2019,2.259999990463257,2.259999990463257,0.0,2.259999990463257,2.259999990463257,2.259999990463257
15-05-2019,2.259999990463257,2.259999990463257,0.0,2.259999990463257,2.259999990463257,2.259999990463257
16-05-2019,2.259999990463257,2.259999990463257,0.0,2.259999990463257,2.259999990463257,2.259999990463257
17-05-2019,2.259999990463257,2.259999990463257,0.0,2.259999990463257,2.259999990463257,2.259999990463257
20-05-2019,2.1500000953674316,2.1500000953674316,34.0,2.1500000953674316,2.1500000953674316,2.1500000953674316
21-05-2019,2.1500000953674316,2.1500000953674316,0.0,2.1500000953674316,2.1500000953674316,2.1500000953674316
22-05-2019,2.1500000953674316,2.1500000953674316,0.0,2.1500000953674316,2.1500000953674316,2.1500000953674316
23-05-2019,2.1500000953674316,2.1500000953674316,0.0,2.1500000953674316,2.1500000953674316,2.1500000953674316
24-05-2019,2.1500000953674316,2.1500000953674316,0.0,2.1500000953674316,2.1500000953674316,2.1500000953674316
28-05-2019,2.1500000953674316,2.1500000953674316,0.0,2.1500000953674316,2.1500000953674316,2.1500000953674316
29-05-2019,2.0399999618530273,2.0399999618530273,10.0,2.0399999618530273,2.0399999618530273,2.0399999618530273
30-05-2019,1.9900000095367432,1.9900000095367432,10.0,1.9900000095367432,1.9900000095367432,1.9900000095367432
31-05-2019,1.9900000095367432,1.9900000095367432,0.0,1.9900000095367432,1.9900000095367432,1.9900000095367432
03-06-2019,1.909999966621399,1.909999966621399,100.0,1.909999966621399,1.909999966621399,1.909999966621399
04-06-2019,1.909999966621399,1.909999966621399,0.0,1.909999966621399,1.909999966621399,1.909999966621399
05-06-2019,1.909999966621399,1.909999966621399,0.0,1.909999966621399,1.909999966621399,1.909999966621399
06-06-2019,1.909999966621399,1.909999966621399,0.0,1.909999966621399,1.909999966621399,1.909999966621399
07-06-2019,1.899999976158142,1.899999976158142,50.0,1.899999976158142,1.899999976158142,1.899999976158142
10-06-2019,1.909999966621399,1.909999966621399,50.0,1.909999966621399,1.909999966621399,1.909999966621399
11-06-2019,1.9500000476837158,1.9500000476837158,5.0,1.9500000476837158,1.9500000476837158,1.9500000476837158
12-06-2019,1.850000023841858,1.899999976158142,248.0,1.899999976158142,1.850000023841858,1.850000023841858
13-06-2019,1.850000023841858,1.850000023841858,0.0,1.850000023841858,1.850000023841858,1.850000023841858
14-06-2019,1.840000033378601,1.850000023841858,109.0,1.850000023841858,1.840000033378601,1.840000033378601
17-06-2019,1.7699999809265137,1.7699999809265137,24.0,1.7699999809265137,1.7699999809265137,1.7699999809265137
18-06-2019,1.7200000286102295,1.7200000286102295,285.0,1.7200000286102295,1.7200000286102295,1.7200000286102295
19-06-2019,1.7400000095367432,1.7699999809265137,350.0,1.7699999809265137,1.7400000095367432,1.7400000095367432
20-06-2019,1.7400000095367432,1.7400000095367432,116.0,1.7400000095367432,1.7400000095367432,1.7400000095367432
21-06-2019,1.7400000095367432,1.7400000095367432,103.0,1.7400000095367432,1.7400000095367432,1.7400000095367432
24-06-2019,1.7400000095367432,1.7400000095367432,0.0,1.7400000095367432,1.7400000095367432,1.7400000095367432
25-06-2019,1.7000000476837158,1.7000000476837158,81.0,1.7000000476837158,1.7000000476837158,1.7000000476837158
26-06-2019,1.7000000476837158,1.7000000476837158,170.0,1.7000000476837158,1.7000000476837158,1.7000000476837158
27-06-2019,1.7000000476837158,1.7000000476837158,20.0,1.7000000476837158,1.7000000476837158,1.7000000476837158
28-06-2019,1.7000000476837158,1.7000000476837158,60.0,1.7000000476837158,1.7000000476837158,1.7000000476837158
01-07-2019,1.7000000476837158,1.7000000476837158,0.0,1.7000000476837158,1.7000000476837158,1.7000000476837158
02-07-2019,1.7000000476837158,1.7000000476837158,0.0,1.7000000476837158,1.7000000476837158,1.7000000476837158
03-07-2019,1.7000000476837158,1.7000000476837158,0.0,1.7000000476837158,1.7000000476837158,1.7000000476837158
05-07-2019,1.590000033378601,1.6299999952316284,1004.0,1.6299999952316284,1.590000033378601,1.590000033378601
08-07-2019,1.590000033378601,1.590000033378601,340.0,1.590000033378601,1.590000033378601,1.590000033378601
09-07-2019,1.590000033378601,1.590000033378601,1781.0,1.590000033378601,1.590000033378601,1.590000033378601
10-07-2019,1.600000023841858,1.600000023841858,20.0,1.600000023841858,1.600000023841858,1.600000023841858
11-07-2019,1.590000033378601,1.590000033378601,36454.0,1.590000033378601,1.590000033378601,1.590000033378601
12-07-2019,1.590000033378601,1.590000033378601,0.0,1.590000033378601,1.590000033378601,1.590000033378601
15-07-2019,1.590000033378601,1.590000033378601,0.0,1.590000033378601,1.590000033378601,1.590000033378601
16-07-2019,1.590000033378601,1.590000033378601,0.0,1.590000033378601,1.590000033378601,1.590000033378601
17-07-2019,1.600000023841858,1.600000023841858,80.0,1.600000023841858,1.600000023841858,1.600000023841858
18-07-2019,1.600000023841858,1.600000023841858,250.0,1.600000023841858,1.600000023841858,1.600000023841858
19-07-2019,1.600000023841858,1.600000023841858,0.0,1.600000023841858,1.600000023841858,1.600000023841858
22-07-2019,1.600000023841858,1.600000023841858,0.0,1.600000023841858,1.600000023841858,1.600000023841858
23-07-2019,1.600000023841858,1.600000023841858,0.0,1.600000023841858,1.600000023841858,1.600000023841858
24-07-2019,1.600000023841858,1.600000023841858,1346.0,1.600000023841858,1.600000023841858,1.600000023841858
25-07-2019,1.600000023841858,1.600000023841858,0.0,1.600000023841858,1.600000023841858,1.600000023841858
26-07-2019,1.600000023841858,1.600000023841858,50.0,1.600000023841858,1.600000023841858,1.600000023841858
29-07-2019,1.600000023841858,1.600000023841858,50.0,1.600000023841858,1.600000023841858,1.600000023841858
30-07-2019,1.600000023841858,1.600000023841858,0.0,1.600000023841858,1.600000023841858,1.600000023841858
31-07-2019,1.600000023841858,1.600000023841858,0.0,1.600000023841858,1.600000023841858,1.600000023841858
01-08-2019,1.600000023841858,1.600000023841858,10.0,1.600000023841858,1.600000023841858,1.600000023841858
02-08-2019,1.600000023841858,1.600000023841858,0.0,1.600000023841858,1.600000023841858,1.600000023841858
05-08-2019,1.600000023841858,1.600000023841858,0.0,1.600000023841858,1.600000023841858,1.600000023841858
06-08-2019,1.600000023841858,1.600000023841858,0.0,1.600000023841858,1.600000023841858,1.600000023841858
07-08-2019,1.6399999856948853,1.6399999856948853,27.0,1.6399999856948853,1.6399999856948853,1.6399999856948853
08-08-2019,1.6399999856948853,1.6399999856948853,0.0,1.6399999856948853,1.6399999856948853,1.6399999856948853
09-08-2019,1.6399999856948853,1.6399999856948853,0.0,1.6399999856948853,1.6399999856948853,1.6399999856948853
12-08-2019,1.6399999856948853,1.6399999856948853,0.0,1.6399999856948853,1.6399999856948853,1.6399999856948853
13-08-2019,1.6399999856948853,1.6399999856948853,0.0,1.6399999856948853,1.6399999856948853,1.6399999856948853
14-08-2019,1.6399999856948853,1.6399999856948853,0.0,1.6399999856948853,1.6399999856948853,1.6399999856948853
15-08-2019,1.6399999856948853,1.6399999856948853,30.0,1.6399999856948853,1.6399999856948853,1.6399999856948853
16-08-2019,1.6399999856948853,1.6399999856948853,20.0,1.6399999856948853,1.6399999856948853,1.6399999856948853
19-08-2019,1.6399999856948853,1.6399999856948853,0.0,1.6399999856948853,1.6399999856948853,1.6399999856948853
20-08-2019,1.6399999856948853,1.6399999856948853,1050.0,1.6399999856948853,1.6399999856948853,1.6399999856948853
21-08-2019,1.6399999856948853,1.6399999856948853,0.0,1.6399999856948853,1.6399999856948853,1.6399999856948853
22-08-2019,1.649999976158142,1.649999976158142,122.0,1.649999976158142,1.649999976158142,1.649999976158142
23-08-2019,1.649999976158142,1.649999976158142,0.0,1.649999976158142,1.649999976158142,1.649999976158142
26-08-2019,1.649999976158142,1.649999976158142,0.0,1.649999976158142,1.649999976158142,1.649999976158142
27-08-2019,1.649999976158142,1.649999976158142,0.0,1.649999976158142,1.649999976158142,1.649999976158142
28-08-2019,1.649999976158142,1.649999976158142,0.0,1.649999976158142,1.649999976158142,1.649999976158142
29-08-2019,1.649999976158142,1.649999976158142,0.0,1.649999976158142,1.649999976158142,1.649999976158142
30-08-2019,1.649999976158142,1.649999976158142,0.0,1.649999976158142,1.649999976158142,1.649999976158142
03-09-2019,1.7400000095367432,1.7400000095367432,0.0,1.7400000095367432,1.7400000095367432,1.7400000095367432
04-09-2019,1.7400000095367432,1.7400000095367432,0.0,1.7400000095367432,1.7400000095367432,1.7400000095367432
05-09-2019,1.7000000476837158,1.7000000476837158,2.0,1.7000000476837158,1.7000000476837158,1.7000000476837158
06-09-2019,1.6200000047683716,1.6200000047683716,401.0,1.6200000047683716,1.6200000047683716,1.6200000047683716
09-09-2019,1.6200000047683716,1.6200000047683716,69.0,1.6200000047683716,1.6200000047683716,1.6200000047683716
10-09-2019,1.6299999952316284,1.6299999952316284,153.0,1.6299999952316284,1.6299999952316284,1.6299999952316284
11-09-2019,1.6699999570846558,1.6699999570846558,24.0,1.6699999570846558,1.6699999570846558,1.6699999570846558
12-09-2019,1.6699999570846558,1.6699999570846558,0.0,1.6699999570846558,1.6699999570846558,1.6699999570846558
13-09-2019,1.6699999570846558,1.6699999570846558,0.0,1.6699999570846558,1.6699999570846558,1.6699999570846558
16-09-2019,1.6699999570846558,1.6699999570846558,0.0,1.6699999570846558,1.6699999570846558,1.6699999570846558
17-09-2019,1.6699999570846558,1.6699999570846558,115.0,1.6699999570846558,1.6699999570846558,1.6699999570846558
18-09-2019,1.6699999570846558,1.6699999570846558,1487.0,1.6699999570846558,1.6699999570846558,1.6699999570846558
19-09-2019,1.6699999570846558,1.6699999570846558,0.0,1.6699999570846558,1.6699999570846558,1.6699999570846558
20-09-2019,1.6699999570846558,1.6699999570846558,0.0,1.6699999570846558,1.6699999570846558,1.6699999570846558
23-09-2019,1.6699999570846558,1.6699999570846558,0.0,1.6699999570846558,1.6699999570846558,1.6699999570846558
24-09-2019,1.6699999570846558,1.6699999570846558,0.0,1.6699999570846558,1.6699999570846558,1.6699999570846558
25-09-2019,1.6699999570846558,1.6699999570846558,0.0,1.6699999570846558,1.6699999570846558,1.6699999570846558
26-09-2019,1.6699999570846558,1.6699999570846558,0.0,1.6699999570846558,1.6699999570846558,1.6699999570846558
27-09-2019,1.6699999570846558,1.6699999570846558,0.0,1.6699999570846558,1.6699999570846558,1.6699999570846558
30-09-2019,1.75,1.75,20.0,1.75,1.75,1.75
01-10-2019,1.75,1.75,0.0,1.75,1.75,1.75
02-10-2019,1.75,1.75,0.0,1.75,1.75,1.75
03-10-2019,1.75,1.75,0.0,1.75,1.75,1.75
04-10-2019,1.850000023841858,1.850000023841858,882.0,1.899999976158142,1.899999976158142,1.899999976158142
07-10-2019,1.899999976158142,1.899999976158142,4774.0,1.899999976158142,1.899999976158142,1.899999976158142
08-10-2019,1.899999976158142,1.899999976158142,0.0,1.899999976158142,1.899999976158142,1.899999976158142
09-10-2019,1.899999976158142,1.899999976158142,0.0,1.899999976158142,1.899999976158142,1.899999976158142
10-10-2019,1.899999976158142,1.899999976158142,0.0,1.899999976158142,1.899999976158142,1.899999976158142
11-10-2019,1.9500000476837158,1.9500000476837158,210.0,1.9500000476837158,1.9500000476837158,1.9500000476837158
14-10-2019,1.9500000476837158,1.9500000476837158,0.0,1.9500000476837158,1.9500000476837158,1.9500000476837158
15-10-2019,1.9500000476837158,1.9500000476837158,0.0,1.9500000476837158,1.9500000476837158,1.9500000476837158
16-10-2019,1.9500000476837158,1.9500000476837158,0.0,1.9500000476837158,1.9500000476837158,1.9500000476837158
17-10-2019,1.9500000476837158,1.9500000476837158,0.0,1.9500000476837158,1.9500000476837158,1.9500000476837158
18-10-2019,1.9900000095367432,1.9900000095367432,80.0,1.9900000095367432,1.9900000095367432,1.9900000095367432
21-10-2019,1.9900000095367432,1.9900000095367432,0.0,1.9900000095367432,1.9900000095367432,1.9900000095367432
22-10-2019,1.9900000095367432,1.9900000095367432,0.0,1.9900000095367432,1.9900000095367432,1.9900000095367432
23-10-2019,1.9900000095367432,1.9900000095367432,0.0,1.9900000095367432,1.9900000095367432,1.9900000095367432
24-10-2019,1.940000057220459,1.940000057220459,200.0,1.940000057220459,1.940000057220459,1.940000057220459
25-10-2019,1.8899999856948853,1.8899999856948853,5.0,1.8899999856948853,1.8899999856948853,1.8899999856948853
28-10-2019,1.8899999856948853,1.8899999856948853,0.0,1.8899999856948853,1.8899999856948853,1.8899999856948853
29-10-2019,1.850000023841858,1.850000023841858,18.0,1.850000023841858,1.850000023841858,1.850000023841858
30-10-2019,1.8899999856948853,1.8899999856948853,175.0,1.8899999856948853,1.8899999856948853,1.8899999856948853
31-10-2019,1.8899999856948853,1.8899999856948853,0.0,1.8899999856948853,1.8899999856948853,1.8899999856948853
01-11-2019,1.850000023841858,1.850000023841858,123.0,1.850000023841858,1.850000023841858,1.850000023841858
04-11-2019,1.850000023841858,1.850000023841858,0.0,1.850000023841858,1.850000023841858,1.850000023841858
05-11-2019,1.850000023841858,1.850000023841858,0.0,1.850000023841858,1.850000023841858,1.850000023841858
06-11-2019,1.850000023841858,1.850000023841858,1.0,1.850000023841858,1.850000023841858,1.850000023841858
07-11-2019,1.850000023841858,1.850000023841858,0.0,1.850000023841858,1.850000023841858,1.850000023841858
08-11-2019,1.8899999856948853,1.8899999856948853,58.0,1.8899999856948853,1.8899999856948853,1.8899999856948853
11-11-2019,1.8700000047683716,1.8700000047683716,14.0,1.8700000047683716,1.8700000047683716,1.8700000047683716
12-11-2019,1.8700000047683716,1.8700000047683716,0.0,1.8700000047683716,1.8700000047683716,1.8700000047683716
13-11-2019,1.8700000047683716,1.8700000047683716,0.0,1.8700000047683716,1.8700000047683716,1.8700000047683716
14-11-2019,1.8700000047683716,1.8700000047683716,0.0,1.8700000047683716,1.8700000047683716,1.8700000047683716
15-11-2019,1.8700000047683716,1.8700000047683716,0.0,1.8700000047683716,1.8700000047683716,1.8700000047683716
18-11-2019,1.8700000047683716,1.8700000047683716,0.0,1.8700000047683716,1.8700000047683716,1.8700000047683716
19-11-2019,1.8700000047683716,1.8700000047683716,0.0,1.8700000047683716,1.8700000047683716,1.8700000047683716
20-11-2019,1.8700000047683716,1.8700000047683716,167.0,1.8700000047683716,1.8700000047683716,1.8700000047683716
21-11-2019,1.8700000047683716,1.8700000047683716,0.0,1.8700000047683716,1.8700000047683716,1.8700000047683716
22-11-2019,1.850000023841858,1.850000023841858,55.0,1.850000023841858,1.850000023841858,1.850000023841858
25-11-2019,1.850000023841858,1.850000023841858,0.0,1.850000023841858,1.850000023841858,1.850000023841858
26-11-2019,1.850000023841858,1.850000023841858,0.0,1.850000023841858,1.850000023841858,1.850000023841858
27-11-2019,1.850000023841858,1.850000023841858,0.0,1.850000023841858,1.850000023841858,1.850000023841858
29-11-2019,1.850000023841858,1.850000023841858,185.0,1.850000023841858,1.850000023841858,1.850000023841858
02-12-2019,1.850000023841858,1.850000023841858,0.0,1.850000023841858,1.850000023841858,1.850000023841858
03-12-2019,1.850000023841858,1.850000023841858,94.0,1.850000023841858,1.850000023841858,1.850000023841858
04-12-2019,1.850000023841858,1.850000023841858,100.0,1.850000023841858,1.850000023841858,1.850000023841858
05-12-2019,1.850000023841858,1.850000023841858,126.0,1.850000023841858,1.850000023841858,1.850000023841858
06-12-2019,1.8799999952316284,1.8799999952316284,805.0,1.8799999952316284,1.8799999952316284,1.8799999952316284
09-12-2019,1.8799999952316284,1.8799999952316284,1599.0,1.8799999952316284,1.8799999952316284,1.8799999952316284
10-12-2019,1.8799999952316284,1.8799999952316284,0.0,1.8799999952316284,1.8799999952316284,1.8799999952316284
11-12-2019,1.850000023841858,1.850000023841858,296.0,1.850000023841858,1.850000023841858,1.850000023841858
12-12-2019,1.850000023841858,1.850000023841858,50.0,1.850000023841858,1.850000023841858,1.850000023841858
13-12-2019,1.8300000429153442,1.8300000429153442,3294.0,1.8300000429153442,1.8300000429153442,1.8300000429153442
16-12-2019,1.7799999713897705,1.7799999713897705,10.0,1.7799999713897705,1.7799999713897705,1.7799999713897705
17-12-2019,1.7799999713897705,1.7799999713897705,0.0,1.7799999713897705,1.7799999713897705,1.7799999713897705
18-12-2019,1.7799999713897705,1.7799999713897705,0.0,1.7799999713897705,1.7799999713897705,1.7799999713897705
19-12-2019,1.8300000429153442,1.8300000429153442,3460.0,1.8300000429153442,1.8300000429153442,1.8300000429153442
20-12-2019,1.75,1.75,10.0,1.75,1.75,1.75
23-12-2019,1.75,1.75,0.0,1.75,1.75,1.75
24-12-2019,1.75,1.75,0.0,1.75,1.75,1.75
26-12-2019,1.75,1.75,0.0,1.75,1.75,1.75
27-12-2019,1.75,1.75,0.0,1.75,1.75,1.75
30-12-2019,1.75,1.75,0.0,1.75,1.75,1.75
31-12-2019,1.75,1.75,0.0,1.75,1.75,1.75
02-01-2020,1.75,1.75,0.0,1.75,1.75,1.75
03-01-2020,1.75,1.75,16.0,1.75,1.75,1.75
06-01-2020,1.75,1.75,0.0,1.75,1.75,1.75
07-01-2020,1.7000000476837158,1.7000000476837158,9870.0,1.7000000476837158,1.7000000476837158,1.7000000476837158
08-01-2020,1.7000000476837158,1.7000000476837158,0.0,1.7000000476837158,1.7000000476837158,1.7000000476837158
09-01-2020,1.7000000476837158,1.7000000476837158,0.0,1.7000000476837158,1.7000000476837158,1.7000000476837158
10-01-2020,1.6299999952316284,1.6299999952316284,220.0,1.6299999952316284,1.6299999952316284,1.6299999952316284
13-01-2020,1.5700000524520874,1.5700000524520874,34.0,1.5700000524520874,1.5700000524520874,1.5700000524520874
14-01-2020,1.5700000524520874,1.5700000524520874,0.0,1.5700000524520874,1.5700000524520874,1.5700000524520874
15-01-2020,1.5700000524520874,1.5700000524520874,0.0,1.5700000524520874,1.5700000524520874,1.5700000524520874
16-01-2020,1.6100000143051147,1.6100000143051147,450.0,1.6100000143051147,1.6100000143051147,1.6100000143051147
17-01-2020,1.6299999952316284,1.6299999952316284,1562.0,1.6299999952316284,1.6299999952316284,1.6299999952316284
21-01-2020,1.6299999952316284,1.6299999952316284,100.0,1.6299999952316284,1.6299999952316284,1.6299999952316284
22-01-2020,1.6299999952316284,1.6299999952316284,175.0,1.6299999952316284,1.6299999952316284,1.6299999952316284
23-01-2020,1.6299999952316284,1.6299999952316284,35.0,1.6299999952316284,1.6299999952316284,1.6299999952316284
24-01-2020,1.6299999952316284,1.6299999952316284,0.0,1.6299999952316284,1.6299999952316284,1.6299999952316284
27-01-2020,1.6299999952316284,1.6299999952316284,0.0,1.6299999952316284,1.6299999952316284,1.6299999952316284
28-01-2020,1.5800000429153442,1.5800000429153442,122.0,1.5800000429153442,1.5800000429153442,1.5800000429153442
29-01-2020,1.659999966621399,1.659999966621399,4411.0,1.659999966621399,1.659999966621399,1.659999966621399
30-01-2020,1.659999966621399,1.659999966621399,1029.0,1.659999966621399,1.659999966621399,1.659999966621399
31-01-2020,1.659999966621399,1.659999966621399,538.0,1.659999966621399,1.659999966621399,1.659999966621399
03-02-2020,1.6200000047683716,1.6200000047683716,1000.0,1.6200000047683716,1.6200000047683716,1.6200000047683716
04-02-2020,1.6200000047683716,1.6200000047683716,0.0,1.6200000047683716,1.6200000047683716,1.6200000047683716
05-02-2020,1.6200000047683716,1.6200000047683716,0.0,1.6200000047683716,1.6200000047683716,1.6200000047683716
06-02-2020,1.6200000047683716,1.6200000047683716,0.0,1.6200000047683716,1.6200000047683716,1.6200000047683716
07-02-2020,1.6200000047683716,1.6200000047683716,0.0,1.6200000047683716,1.6200000047683716,1.6200000047683716
10-02-2020,1.6200000047683716,1.6200000047683716,0.0,1.6200000047683716,1.6200000047683716,1.6200000047683716
11-02-2020,1.6200000047683716,1.6200000047683716,0.0,1.6200000047683716,1.6200000047683716,1.6200000047683716
12-02-2020,1.6200000047683716,1.6200000047683716,0.0,1.6200000047683716,1.6200000047683716,1.6200000047683716
13-02-2020,1.6200000047683716,1.6200000047683716,0.0,1.6200000047683716,1.6200000047683716,1.6200000047683716
14-02-2020,1.6200000047683716,1.6200000047683716,0.0,1.6200000047683716,1.6200000047683716,1.6200000047683716
18-02-2020,1.6200000047683716,1.6200000047683716,10.0,1.6200000047683716,1.6200000047683716,1.6200000047683716
19-02-2020,1.6799999475479126,1.690000057220459,789.0,1.690000057220459,1.6799999475479126,1.6799999475479126
20-02-2020,1.7300000190734863,1.7300000190734863,371.0,1.7300000190734863,1.7300000190734863,1.7300000190734863
21-02-2020,1.690000057220459,1.7799999713897705,2140.0,1.7799999713897705,1.690000057220459,1.690000057220459
24-02-2020,1.690000057220459,1.690000057220459,0.0,1.690000057220459,1.690000057220459,1.690000057220459
25-02-2020,1.690000057220459,1.690000057220459,0.0,1.690000057220459,1.690000057220459,1.690000057220459
26-02-2020,1.690000057220459,1.690000057220459,0.0,1.690000057220459,1.690000057220459,1.690000057220459
27-02-2020,1.690000057220459,1.690000057220459,0.0,1.690000057220459,1.690000057220459,1.690000057220459
28-02-2020,1.690000057220459,1.690000057220459,0.0,1.690000057220459,1.690000057220459,1.690000057220459
02-03-2020,1.5800000429153442,1.5800000429153442,9.0,1.5800000429153442,1.5800000429153442,1.5800000429153442
03-03-2020,1.5800000429153442,1.5800000429153442,2222.0,1.5800000429153442,1.5800000429153442,1.5800000429153442
04-03-2020,1.5800000429153442,1.5800000429153442,1408.0,1.5800000429153442,1.5800000429153442,1.5800000429153442
05-03-2020,1.5800000429153442,1.5800000429153442,0.0,1.5800000429153442,1.5800000429153442,1.5800000429153442
06-03-2020,1.5800000429153442,1.5800000429153442,1574.0,1.5800000429153442,1.5800000429153442,1.5800000429153442
09-03-2020,1.5800000429153442,1.5800000429153442,2500.0,1.5800000429153442,1.5800000429153442,1.5800000429153442
10-03-2020,1.5800000429153442,1.5800000429153442,0.0,1.5800000429153442,1.5800000429153442,1.5800000429153442
11-03-2020,1.5800000429153442,1.5800000429153442,145.0,1.5800000429153442,1.5800000429153442,1.5800000429153442
12-03-2020,1.5399999618530273,1.5399999618530273,34.0,1.5399999618530273,1.5399999618530273,1.5399999618530273
13-03-2020,1.5800000429153442,1.5800000429153442,132.0,1.5800000429153442,1.5800000429153442,1.5800000429153442
16-03-2020,1.5800000429153442,1.5800000429153442,120.0,1.5800000429153442,1.5800000429153442,1.5800000429153442
17-03-2020,1.5700000524520874,1.5800000429153442,55075.0,1.5800000429153442,1.5700000524520874,1.5700000524520874
18-03-2020,1.5700000524520874,1.5700000524520874,0.0,1.5700000524520874,1.5700000524520874,1.5700000524520874
19-03-2020,1.5700000524520874,1.5700000524520874,0.0,1.5700000524520874,1.5700000524520874,1.5700000524520874
20-03-2020,1.5700000524520874,1.5700000524520874,0.0,1.5700000524520874,1.5700000524520874,1.5700000524520874
23-03-2020,1.5700000524520874,1.5700000524520874,0.0,1.5700000524520874,1.5700000524520874,1.5700000524520874
24-03-2020,1.5700000524520874,1.5700000524520874,0.0,1.5700000524520874,1.5700000524520874,1.5700000524520874
25-03-2020,1.5700000524520874,1.5700000524520874,0.0,1.5700000524520874,1.5700000524520874,1.5700000524520874
26-03-2020,1.5299999713897705,1.5299999713897705,26.0,1.5299999713897705,1.5299999713897705,1.5299999713897705
27-03-2020,1.5299999713897705,1.5299999713897705,26.0,1.5299999713897705,1.5299999713897705,1.5299999713897705
30-03-2020,1.5299999713897705,1.5299999713897705,0.0,1.5299999713897705,1.5299999713897705,1.5299999713897705
31-03-2020,1.5299999713897705,1.5299999713897705,0.0,1.5299999713897705,1.5299999713897705,1.5299999713897705
01-04-2020,1.5199999809265137,1.5199999809265137,724.0,1.5199999809265137,1.5199999809265137,1.5199999809265137
02-04-2020,1.5199999809265137,1.5199999809265137,0.0,1.5199999809265137,1.5199999809265137,1.5199999809265137
03-04-2020,1.5199999809265137,1.5199999809265137,0.0,1.5199999809265137,1.5199999809265137,1.5199999809265137
06-04-2020,1.5199999809265137,1.5199999809265137,0.0,1.5199999809265137,1.5199999809265137,1.5199999809265137
07-04-2020,1.4800000190734863,1.4800000190734863,221.0,1.4800000190734863,1.4800000190734863,1.4800000190734863
08-04-2020,1.4800000190734863,1.4800000190734863,0.0,1.4800000190734863,1.4800000190734863,1.4800000190734863
09-04-2020,1.4800000190734863,1.4800000190734863,0.0,1.4800000190734863,1.4800000190734863,1.4800000190734863
13-04-2020,1.4800000190734863,1.4800000190734863,0.0,1.4800000190734863,1.4800000190734863,1.4800000190734863
14-04-2020,1.4800000190734863,1.4800000190734863,0.0,1.4800000190734863,1.4800000190734863,1.4800000190734863
15-04-2020,1.4800000190734863,1.4800000190734863,0.0,1.4800000190734863,1.4800000190734863,1.4800000190734863
16-04-2020,1.4800000190734863,1.4800000190734863,0.0,1.4800000190734863,1.4800000190734863,1.4800000190734863
17-04-2020,1.4800000190734863,1.4800000190734863,0.0,1.4800000190734863,1.4800000190734863,1.4800000190734863
20-04-2020,1.4800000190734863,1.4800000190734863,0.0,1.4800000190734863,1.4800000190734863,1.4800000190734863
21-04-2020,1.4800000190734863,1.4800000190734863,0.0,1.4800000190734863,1.4800000190734863,1.4800000190734863
22-04-2020,1.4800000190734863,1.4800000190734863,0.0,1.4800000190734863,1.4800000190734863,1.4800000190734863
23-04-2020,1.4800000190734863,1.4800000190734863,0.0,1.4800000190734863,1.4800000190734863,1.4800000190734863
24-04-2020,1.4800000190734863,1.4800000190734863,0.0,1.4800000190734863,1.4800000190734863,1.4800000190734863
27-04-2020,1.4800000190734863,1.4800000190734863,0.0,1.4800000190734863,1.4800000190734863,1.4800000190734863
28-04-2020,1.4800000190734863,1.4800000190734863,0.0,1.4800000190734863,1.4800000190734863,1.4800000190734863
29-04-2020,1.4800000190734863,1.4800000190734863,0.0,1.4800000190734863,1.4800000190734863,1.4800000190734863
30-04-2020,1.4800000190734863,1.4800000190734863,0.0,1.4800000190734863,1.4800000190734863,1.4800000190734863
01-05-2020,1.4800000190734863,1.4800000190734863,0.0,1.4800000190734863,1.4800000190734863,1.4800000190734863
04-05-2020,1.4800000190734863,1.4800000190734863,0.0,1.4800000190734863,1.4800000190734863,1.4800000190734863
05-05-2020,1.4800000190734863,1.4800000190734863,0.0,1.4800000190734863,1.4800000190734863,1.4800000190734863
06-05-2020,1.4800000190734863,1.4800000190734863,0.0,1.4800000190734863,1.4800000190734863,1.4800000190734863
07-05-2020,1.4800000190734863,1.4800000190734863,0.0,1.4800000190734863,1.4800000190734863,1.4800000190734863
08-05-2020,1.4800000190734863,1.4800000190734863,0.0,1.4800000190734863,1.4800000190734863,1.4800000190734863
11-05-2020,1.4800000190734863,1.4800000190734863,0.0,1.4800000190734863,1.4800000190734863,1.4800000190734863
12-05-2020,1.4800000190734863,1.4800000190734863,0.0,1.4800000190734863,1.4800000190734863,1.4800000190734863
13-05-2020,1.4800000190734863,1.4800000190734863,0.0,1.4800000190734863,1.4800000190734863,1.4800000190734863
14-05-2020,1.4800000190734863,1.4800000190734863,0.0,1.4800000190734863,1.4800000190734863,1.4800000190734863
15-05-2020,1.4800000190734863,1.4800000190734863,0.0,1.4800000190734863,1.4800000190734863,1.4800000190734863
18-05-2020,1.4800000190734863,1.4800000190734863,0.0,1.4800000190734863,1.4800000190734863,1.4800000190734863
19-05-2020,1.4800000190734863,1.4800000190734863,0.0,1.4800000190734863,1.4800000190734863,1.4800000190734863
20-05-2020,1.4800000190734863,1.4800000190734863,0.0,1.4800000190734863,1.4800000190734863,1.4800000190734863
21-05-2020,1.4800000190734863,1.4800000190734863,0.0,1.4800000190734863,1.4800000190734863,1.4800000190734863
22-05-2020,1.399999976158142,1.399999976158142,8.0,1.399999976158142,1.399999976158142,1.399999976158142
26-05-2020,1.399999976158142,1.399999976158142,0.0,1.399999976158142,1.399999976158142,1.399999976158142
27-05-2020,1.399999976158142,1.399999976158142,0.0,1.399999976158142,1.399999976158142,1.399999976158142
28-05-2020,1.399999976158142,1.399999976158142,0.0,1.399999976158142,1.399999976158142,1.399999976158142
29-05-2020,1.399999976158142,1.399999976158142,0.0,1.399999976158142,1.399999976158142,1.399999976158142
01-06-2020,1.399999976158142,1.399999976158142,0.0,1.399999976158142,1.399999976158142,1.399999976158142
02-06-2020,1.399999976158142,1.399999976158142,0.0,1.399999976158142,1.399999976158142,1.399999976158142
03-06-2020,1.399999976158142,1.399999976158142,0.0,1.399999976158142,1.399999976158142,1.399999976158142
04-06-2020,1.399999976158142,1.399999976158142,0.0,1.399999976158142,1.399999976158142,1.399999976158142
05-06-2020,1.399999976158142,1.399999976158142,0.0,1.399999976158142,1.399999976158142,1.399999976158142
08-06-2020,1.399999976158142,1.399999976158142,0.0,1.399999976158142,1.399999976158142,1.399999976158142
09-06-2020,1.3200000524520874,1.3200000524520874,84.0,1.3200000524520874,1.3200000524520874,1.3200000524520874
10-06-2020,1.3200000524520874,1.3200000524520874,0.0,1.3200000524520874,1.3200000524520874,1.3200000524520874
11-06-2020,1.3200000524520874,1.3200000524520874,537.0,1.3200000524520874,1.3200000524520874,1.3200000524520874
12-06-2020,1.3200000524520874,1.3200000524520874,0.0,1.3200000524520874,1.3200000524520874,1.3200000524520874
15-06-2020,1.3200000524520874,1.3200000524520874,0.0,1.3200000524520874,1.3200000524520874,1.3200000524520874
16-06-2020,1.3200000524520874,1.3200000524520874,0.0,1.3200000524520874,1.3200000524520874,1.3200000524520874
17-06-2020,1.2899999618530273,1.2899999618530273,17.0,1.3200000524520874,1.3200000524520874,1.3200000524520874
18-06-2020,1.3200000524520874,1.3200000524520874,0.0,1.3200000524520874,1.3200000524520874,1.3200000524520874
19-06-2020,1.3200000524520874,1.3200000524520874,0.0,1.3200000524520874,1.3200000524520874,1.3200000524520874
22-06-2020,1.2999999523162842,1.2999999523162842,160.0,1.2999999523162842,1.2999999523162842,1.2999999523162842
23-06-2020,1.2999999523162842,1.2999999523162842,0.0,1.2999999523162842,1.2999999523162842,1.2999999523162842
24-06-2020,1.2999999523162842,1.2999999523162842,0.0,1.2999999523162842,1.2999999523162842,1.2999999523162842
25-06-2020,1.2999999523162842,1.2999999523162842,52.0,1.2999999523162842,1.2999999523162842,1.2999999523162842
26-06-2020,1.2999999523162842,1.2999999523162842,0.0,1.2999999523162842,1.2999999523162842,1.2999999523162842
29-06-2020,1.2999999523162842,1.2999999523162842,0.0,1.2999999523162842,1.2999999523162842,1.2999999523162842
30-06-2020,1.2999999523162842,1.2999999523162842,0.0,1.2999999523162842,1.2999999523162842,1.2999999523162842
01-07-2020,1.2999999523162842,1.2999999523162842,0.0,1.2999999523162842,1.2999999523162842,1.2999999523162842
02-07-2020,1.2999999523162842,1.2999999523162842,0.0,1.2999999523162842,1.2999999523162842,1.2999999523162842
06-07-2020,1.2300000190734863,1.2300000190734863,500.0,1.2300000190734863,1.2300000190734863,1.2300000190734863
07-07-2020,1.2799999713897705,1.2799999713897705,140.0,1.2799999713897705,1.2799999713897705,1.2799999713897705
08-07-2020,1.25,1.25,300.0,1.25,1.25,1.25
09-07-2020,1.2300000190734863,1.2300000190734863,39.0,1.2300000190734863,1.2300000190734863,1.2300000190734863
10-07-2020,1.2300000190734863,1.2300000190734863,249.0,1.2300000190734863,1.2300000190734863,1.2300000190734863
13-07-2020,1.2000000476837158,1.2000000476837158,1209.0,1.2000000476837158,1.2000000476837158,1.2000000476837158
14-07-2020,1.1699999570846558,1.1699999570846558,10062.0,1.1699999570846558,1.1699999570846558,1.1699999570846558
15-07-2020,1.1699999570846558,1.1699999570846558,0.0,1.1699999570846558,1.1699999570846558,1.1699999570846558
16-07-2020,1.1699999570846558,1.1699999570846558,0.0,1.1699999570846558,1.1699999570846558,1.1699999570846558
17-07-2020,1.1699999570846558,1.1699999570846558,5551.0,1.1699999570846558,1.1699999570846558,1.1699999570846558
20-07-2020,1.1699999570846558,1.1699999570846558,0.0,1.1699999570846558,1.1699999570846558,1.1699999570846558
21-07-2020,1.1699999570846558,1.1699999570846558,0.0,1.1699999570846558,1.1699999570846558,1.1699999570846558
22-07-2020,1.1699999570846558,1.1699999570846558,0.0,1.1699999570846558,1.1699999570846558,1.1699999570846558
23-07-2020,1.1699999570846558,1.1699999570846558,0.0,1.1699999570846558,1.1699999570846558,1.1699999570846558
24-07-2020,1.1699999570846558,1.1699999570846558,0.0,1.1699999570846558,1.1699999570846558,1.1699999570846558
27-07-2020,1.1699999570846558,1.1699999570846558,0.0,1.1699999570846558,1.1699999570846558,1.1699999570846558
28-07-2020,1.1699999570846558,1.1699999570846558,0.0,1.1699999570846558,1.1699999570846558,1.1699999570846558
29-07-2020,1.1399999856948853,1.1399999856948853,1218.0,1.1399999856948853,1.1399999856948853,1.1399999856948853
30-07-2020,1.1399999856948853,1.1399999856948853,0.0,1.1399999856948853,1.1399999856948853,1.1399999856948853
31-07-2020,1.1399999856948853,1.1399999856948853,0.0,1.1399999856948853,1.1399999856948853,1.1399999856948853
03-08-2020,1.1299999952316284,1.1299999952316284,52.0,1.1299999952316284,1.1299999952316284,1.1299999952316284
04-08-2020,1.100000023841858,1.100000023841858,14.0,1.100000023841858,1.100000023841858,1.100000023841858
05-08-2020,1.100000023841858,1.100000023841858,0.0,1.100000023841858,1.100000023841858,1.100000023841858
06-08-2020,1.100000023841858,1.100000023841858,0.0,1.100000023841858,1.100000023841858,1.100000023841858
07-08-2020,1.100000023841858,1.100000023841858,0.0,1.100000023841858,1.100000023841858,1.100000023841858
10-08-2020,1.090000033378601,1.090000033378601,173.0,1.090000033378601,1.090000033378601,1.090000033378601
11-08-2020,1.0499999523162842,1.059999942779541,650.0,1.059999942779541,1.0499999523162842,1.0499999523162842
12-08-2020,1.0199999809265137,1.0499999523162842,2700.0,1.0499999523162842,1.0199999809265137,1.0199999809265137
13-08-2020,1.0199999809265137,1.0199999809265137,0.0,1.0199999809265137,1.0199999809265137,1.0199999809265137
14-08-2020,1.0199999809265137,1.0199999809265137,0.0,1.0199999809265137,1.0199999809265137,1.0199999809265137
17-08-2020,1.0199999809265137,1.0199999809265137,0.0,1.0199999809265137,1.0199999809265137,1.0199999809265137
18-08-2020,1.0499999523162842,1.0499999523162842,298.0,1.0499999523162842,1.0499999523162842,1.0499999523162842
19-08-2020,1.0499999523162842,1.0499999523162842,0.0,1.0499999523162842,1.0499999523162842,1.0499999523162842
20-08-2020,1.0499999523162842,1.0499999523162842,0.0,1.0499999523162842,1.0499999523162842,1.0499999523162842
21-08-2020,1.0199999809265137,1.0199999809265137,52755.0,1.0199999809265137,1.0199999809265137,1.0199999809265137
24-08-2020,1.0199999809265137,1.0199999809265137,0.0,1.0199999809265137,1.0199999809265137,1.0199999809265137
25-08-2020,1.0199999809265137,1.0199999809265137,0.0,1.0199999809265137,1.0199999809265137,1.0199999809265137
26-08-2020,1.0199999809265137,1.0199999809265137,0.0,1.0199999809265137,1.0199999809265137,1.0199999809265137
27-08-2020,1.0199999809265137,1.0199999809265137,0.0,1.0199999809265137,1.0199999809265137,1.0199999809265137
28-08-2020,1.0199999809265137,1.0199999809265137,0.0,1.0199999809265137,1.0199999809265137,1.0199999809265137
31-08-2020,1.0199999809265137,1.0199999809265137,0.0,1.0199999809265137,1.0199999809265137,1.0199999809265137
01-09-2020,1.0,1.0,164.0,1.0,1.0,1.0
02-09-2020,1.0,1.0,0.0,1.0,1.0,1.0
03-09-2020,1.0,1.0,0.0,1.0,1.0,1.0
04-09-2020,1.0299999713897705,1.0299999713897705,100.0,1.0299999713897705,1.0299999713897705,1.0299999713897705
08-09-2020,1.0399999618530273,1.0399999618530273,300.0,1.0399999618530273,1.0399999618530273,1.0399999618530273
09-09-2020,1.0700000524520874,1.0700000524520874,1478.0,1.0700000524520874,1.0700000524520874,1.0700000524520874
10-09-2020,1.0700000524520874,1.0700000524520874,0.0,1.0700000524520874,1.0700000524520874,1.0700000524520874
11-09-2020,1.1399999856948853,1.1399999856948853,95.0,1.1699999570846558,1.1699999570846558,1.1699999570846558
14-09-2020,1.1699999570846558,1.1699999570846558,1916.0,1.2000000476837158,1.2000000476837158,1.2000000476837158
15-09-2020,1.25,1.25,1755.0,1.25,1.25,1.25
16-09-2020,1.25,1.25,0.0,1.25,1.25,1.25
17-09-2020,1.25,1.25,0.0,1.25,1.25,1.25
18-09-2020,1.409999966621399,1.409999966621399,72.0,1.409999966621399,1.409999966621399,1.409999966621399
21-09-2020,1.3899999856948853,1.4199999570846558,319.0,1.4199999570846558,1.3899999856948853,1.3899999856948853
22-09-2020,1.3899999856948853,1.3899999856948853,120.0,1.3899999856948853,1.3899999856948853,1.3899999856948853
23-09-2020,1.3899999856948853,1.3899999856948853,4710.0,1.3899999856948853,1.3899999856948853,1.3899999856948853
24-09-2020,1.3899999856948853,1.3899999856948853,2836.0,1.3899999856948853,1.3899999856948853,1.3899999856948853
25-09-2020,1.3899999856948853,1.3899999856948853,4440.0,1.3899999856948853,1.3899999856948853,1.3899999856948853
28-09-2020,1.3899999856948853,1.3899999856948853,1000.0,1.3899999856948853,1.3899999856948853,1.3899999856948853
29-09-2020,1.3899999856948853,1.3899999856948853,2155.0,1.3899999856948853,1.3899999856948853,1.3899999856948853
30-09-2020,1.3899999856948853,1.3899999856948853,1350.0,1.3899999856948853,1.3899999856948853,1.3899999856948853
01-10-2020,1.3899999856948853,1.3899999856948853,0.0,1.3899999856948853,1.3899999856948853,1.3899999856948853
02-10-2020,1.350000023841858,1.350000023841858,620.0,1.350000023841858,1.350000023841858,1.350000023841858
05-10-2020,1.350000023841858,1.350000023841858,1855.0,1.350000023841858,1.350000023841858,1.350000023841858
06-10-2020,1.350000023841858,1.350000023841858,0.0,1.350000023841858,1.350000023841858,1.350000023841858
07-10-2020,1.350000023841858,1.350000023841858,0.0,1.350000023841858,1.350000023841858,1.350000023841858
08-10-2020,1.350000023841858,1.350000023841858,0.0,1.350000023841858,1.350000023841858,1.350000023841858
09-10-2020,1.3200000524520874,1.3200000524520874,20.0,1.3200000524520874,1.3200000524520874,1.3200000524520874
12-10-2020,1.309999942779541,1.309999942779541,3000.0,1.309999942779541,1.309999942779541,1.309999942779541
13-10-2020,1.309999942779541,1.309999942779541,0.0,1.309999942779541,1.309999942779541,1.309999942779541
14-10-2020,1.309999942779541,1.309999942779541,34.0,1.309999942779541,1.309999942779541,1.309999942779541
15-10-2020,1.309999942779541,1.309999942779541,0.0,1.309999942779541,1.309999942779541,1.309999942779541
16-10-2020,1.309999942779541,1.309999942779541,0.0,1.309999942779541,1.309999942779541,1.309999942779541
19-10-2020,1.309999942779541,1.309999942779541,0.0,1.309999942779541,1.309999942779541,1.309999942779541
20-10-2020,1.309999942779541,1.309999942779541,0.0,1.309999942779541,1.309999942779541,1.309999942779541
21-10-2020,1.309999942779541,1.309999942779541,0.0,1.309999942779541,1.309999942779541,1.309999942779541
22-10-2020,1.340000033378601,1.340000033378601,566.0,1.340000033378601,1.340000033378601,1.340000033378601
23-10-2020,1.309999942779541,1.309999942779541,540.0,1.309999942779541,1.309999942779541,1.309999942779541
26-10-2020,1.2999999523162842,1.2999999523162842,230.0,1.2999999523162842,1.2999999523162842,1.2999999523162842
27-10-2020,1.2599999904632568,1.2599999904632568,90.0,1.2599999904632568,1.2599999904632568,1.2599999904632568
28-10-2020,1.2599999904632568,1.2599999904632568,0.0,1.2599999904632568,1.2599999904632568,1.2599999904632568
29-10-2020,1.2599999904632568,1.2599999904632568,0.0,1.2599999904632568,1.2599999904632568,1.2599999904632568
30-10-2020,1.2599999904632568,1.2599999904632568,0.0,1.2599999904632568,1.2599999904632568,1.2599999904632568
02-11-2020,1.2699999809265137,1.2699999809265137,555.0,1.2699999809265137,1.2699999809265137,1.2699999809265137
03-11-2020,1.2699999809265137,1.2699999809265137,0.0,1.2699999809265137,1.2699999809265137,1.2699999809265137
04-11-2020,1.350000023841858,1.350000023841858,5.0,1.350000023841858,1.350000023841858,1.350000023841858
05-11-2020,1.3300000429153442,1.3300000429153442,140.0,1.3300000429153442,1.3300000429153442,1.3300000429153442
06-11-2020,1.3300000429153442,1.3300000429153442,65.0,1.3300000429153442,1.3300000429153442,1.3300000429153442
09-11-2020,1.2899999618530273,1.3200000524520874,700.0,1.3200000524520874,1.2899999618530273,1.2899999618530273
10-11-2020,1.2899999618530273,1.2899999618530273,0.0,1.2899999618530273,1.2899999618530273,1.2899999618530273
11-11-2020,1.2300000190734863,1.2599999904632568,7830.0,1.2599999904632568,1.2300000190734863,1.2300000190734863
12-11-2020,1.2300000190734863,1.2300000190734863,500.0,1.2300000190734863,1.2300000190734863,1.2300000190734863
13-11-2020,1.2300000190734863,1.2300000190734863,0.0,1.2300000190734863,1.2300000190734863,1.2300000190734863
16-11-2020,1.2300000190734863,1.2300000190734863,0.0,1.2300000190734863,1.2300000190734863,1.2300000190734863
17-11-2020,1.2300000190734863,1.2300000190734863,0.0,1.2300000190734863,1.2300000190734863,1.2300000190734863
18-11-2020,1.2300000190734863,1.2300000190734863,0.0,1.2300000190734863,1.2300000190734863,1.2300000190734863
19-11-2020,1.2300000190734863,1.2300000190734863,0.0,1.2300000190734863,1.2300000190734863,1.2300000190734863
20-11-2020,1.2300000190734863,1.2300000190734863,0.0,1.2300000190734863,1.2300000190734863,1.2300000190734863
23-11-2020,1.2300000190734863,1.2300000190734863,0.0,1.2300000190734863,1.2300000190734863,1.2300000190734863
24-11-2020,1.2899999618530273,1.2899999618530273,150.0,1.2899999618530273,1.2899999618530273,1.2899999618530273
25-11-2020,1.2899999618530273,1.2899999618530273,0.0,1.2899999618530273,1.2899999618530273,1.2899999618530273
27-11-2020,1.2899999618530273,1.2899999618530273,0.0,1.2899999618530273,1.2899999618530273,1.2899999618530273
30-11-2020,1.2899999618530273,1.2899999618530273,0.0,1.2899999618530273,1.2899999618530273,1.2899999618530273
01-12-2020,1.2100000381469727,1.2100000381469727,150.0,1.2100000381469727,1.2100000381469727,1.2100000381469727
02-12-2020,1.2100000381469727,1.2100000381469727,0.0,1.2100000381469727,1.2100000381469727,1.2100000381469727
03-12-2020,1.2100000381469727,1.2100000381469727,331.0,1.2100000381469727,1.2100000381469727,1.2100000381469727
04-12-2020,1.2100000381469727,1.2100000381469727,519.0,1.2100000381469727,1.2100000381469727,1.2100000381469727
07-12-2020,1.2100000381469727,1.2100000381469727,0.0,1.2100000381469727,1.2100000381469727,1.2100000381469727
08-12-2020,1.2899999618530273,1.2899999618530273,450.0,1.2899999618530273,1.2899999618530273,1.2899999618530273
09-12-2020,1.2899999618530273,1.2899999618530273,0.0,1.2899999618530273,1.2899999618530273,1.2899999618530273
10-12-2020,1.2799999713897705,1.2799999713897705,2271.0,1.2799999713897705,1.2799999713897705,1.2799999713897705
11-12-2020,1.2799999713897705,1.2799999713897705,0.0,1.2799999713897705,1.2799999713897705,1.2799999713897705
14-12-2020,1.2799999713897705,1.2799999713897705,4143.0,1.2799999713897705,1.2799999713897705,1.2799999713897705
15-12-2020,1.2799999713897705,1.2799999713897705,0.0,1.2799999713897705,1.2799999713897705,1.2799999713897705
16-12-2020,1.2799999713897705,1.2799999713897705,0.0,1.2799999713897705,1.2799999713897705,1.2799999713897705
17-12-2020,1.2899999618530273,1.2899999618530273,4700.0,1.3200000524520874,1.3200000524520874,1.3200000524520874
18-12-2020,1.3200000524520874,1.3200000524520874,0.0,1.3200000524520874,1.3200000524520874,1.3200000524520874
21-12-2020,1.350000023841858,1.3899999856948853,587.0,1.3899999856948853,1.350000023841858,1.350000023841858
22-12-2020,1.309999942779541,1.309999942779541,1698.0,1.309999942779541,1.309999942779541,1.309999942779541
23-12-2020,1.2799999713897705,1.2799999713897705,2010.0,1.2799999713897705,1.2799999713897705,1.2799999713897705
24-12-2020,1.2799999713897705,1.2799999713897705,10849.0,1.2999999523162842,1.2999999523162842,1.2999999523162842
28-12-2020,1.350000023841858,1.350000023841858,1740.0,1.350000023841858,1.350000023841858,1.350000023841858
29-12-2020,1.309999942779541,1.309999942779541,500.0,1.309999942779541,1.309999942779541,1.309999942779541
30-12-2020,1.2799999713897705,1.2799999713897705,5872.0,1.2799999713897705,1.2799999713897705,1.2799999713897705
31-12-2020,1.3300000429153442,1.3300000429153442,5525.0,1.3300000429153442,1.3300000429153442,1.3300000429153442
04-01-2021,1.340000033378601,1.340000033378601,6599.0,1.350000023841858,1.350000023841858,1.350000023841858
05-01-2021,1.2899999618530273,1.350000023841858,1275.0,1.350000023841858,1.2899999618530273,1.2899999618530273
06-01-2021,1.2599999904632568,1.2599999904632568,2634.0,1.2599999904632568,1.2599999904632568,1.2599999904632568
07-01-2021,1.2999999523162842,1.2999999523162842,600.0,1.2999999523162842,1.2999999523162842,1.2999999523162842
08-01-2021,1.2799999713897705,1.2799999713897705,460.0,1.2999999523162842,1.2999999523162842,1.2999999523162842
11-01-2021,1.2999999523162842,1.2999999523162842,550.0,1.2999999523162842,1.2999999523162842,1.2999999523162842
12-01-2021,1.2999999523162842,1.2999999523162842,3864.0,1.2999999523162842,1.2999999523162842,1.2999999523162842
13-01-2021,1.2699999809265137,1.2999999523162842,420.0,1.2999999523162842,1.2999999523162842,1.2999999523162842
14-01-2021,1.2999999523162842,1.2999999523162842,0.0,1.2999999523162842,1.2999999523162842,1.2999999523162842
15-01-2021,1.2999999523162842,1.2999999523162842,70.0,1.2999999523162842,1.2999999523162842,1.2999999523162842
19-01-2021,1.2699999809265137,1.2699999809265137,657.0,1.2699999809265137,1.2699999809265137,1.2699999809265137
20-01-2021,1.2999999523162842,1.2999999523162842,5124.0,1.2999999523162842,1.2999999523162842,1.2999999523162842
21-01-2021,1.3700000047683716,1.3700000047683716,610.0,1.3700000047683716,1.3700000047683716,1.3700000047683716
22-01-2021,1.3799999952316284,1.3799999952316284,800.0,1.3799999952316284,1.3799999952316284,1.3799999952316284
25-01-2021,1.4299999475479126,1.4299999475479126,40.0,1.4299999475479126,1.4299999475479126,1.4299999475479126
26-01-2021,1.3700000047683716,1.3700000047683716,190.0,1.3700000047683716,1.3700000047683716,1.3700000047683716
27-01-2021,1.3700000047683716,1.3700000047683716,100.0,1.3700000047683716,1.3700000047683716,1.3700000047683716
28-01-2021,1.3700000047683716,1.3700000047683716,0.0,1.3700000047683716,1.3700000047683716,1.3700000047683716
29-01-2021,1.3300000429153442,1.3300000429153442,230.0,1.3300000429153442,1.3300000429153442,1.3300000429153442
01-02-2021,1.3300000429153442,1.3300000429153442,0.0,1.3300000429153442,1.3300000429153442,1.3300000429153442
02-02-2021,1.3200000524520874,1.3200000524520874,30.0,1.3200000524520874,1.3200000524520874,1.3200000524520874
03-02-2021,1.3700000047683716,1.3700000047683716,5.0,1.3700000047683716,1.3700000047683716,1.3700000047683716
04-02-2021,1.409999966621399,1.409999966621399,10.0,1.409999966621399,1.409999966621399,1.409999966621399
05-02-2021,1.409999966621399,1.409999966621399,0.0,1.409999966621399,1.409999966621399,1.409999966621399
08-02-2021,1.409999966621399,1.409999966621399,2125.0,1.4500000476837158,1.440000057220459,1.440000057220459
09-02-2021,1.4800000190734863,1.4800000190734863,2585.0,1.4800000190734863,1.4800000190734863,1.4800000190734863
10-02-2021,1.4900000095367432,1.4900000095367432,1286.0,1.5299999713897705,1.5299999713897705,1.5299999713897705
11-02-2021,1.5700000524520874,1.5700000524520874,60.0,1.6100000143051147,1.6100000143051147,1.6100000143051147
12-02-2021,1.600000023841858,1.600000023841858,15.0,1.600000023841858,1.600000023841858,1.600000023841858
16-02-2021,1.600000023841858,1.600000023841858,51.0,1.600000023841858,1.600000023841858,1.600000023841858
17-02-2021,1.600000023841858,1.600000023841858,0.0,1.600000023841858,1.600000023841858,1.600000023841858
18-02-2021,1.600000023841858,1.600000023841858,0.0,1.600000023841858,1.600000023841858,1.600000023841858
19-02-2021,1.3899999856948853,1.3899999856948853,100.0,1.3899999856948853,1.3899999856948853,1.3899999856948853
22-02-2021,1.3899999856948853,1.3899999856948853,0.0,1.3899999856948853,1.3899999856948853,1.3899999856948853
23-02-2021,1.3899999856948853,1.3899999856948853,0.0,1.3899999856948853,1.3899999856948853,1.3899999856948853
24-02-2021,1.3899999856948853,1.3899999856948853,0.0,1.3899999856948853,1.3899999856948853,1.3899999856948853
25-02-2021,1.3799999952316284,1.3799999952316284,55.0,1.4299999475479126,1.4299999475479126,1.4299999475479126
26-02-2021,1.4500000476837158,1.4500000476837158,5.0,1.4500000476837158,1.4500000476837158,1.4500000476837158
01-03-2021,1.4900000095367432,1.4900000095367432,5.0,1.4900000095367432,1.4900000095367432,1.4900000095367432
02-03-2021,1.4800000190734863,1.4800000190734863,10.0,1.4800000190734863,1.4800000190734863,1.4800000190734863
03-03-2021,1.4800000190734863,1.4800000190734863,10.0,1.4800000190734863,1.4800000190734863,1.4800000190734863
04-03-2021,1.5299999713897705,1.5299999713897705,9.0,1.5299999713897705,1.5299999713897705,1.5299999713897705
05-03-2021,1.5299999713897705,1.5299999713897705,56.0,1.5299999713897705,1.5299999713897705,1.5299999713897705
08-03-2021,1.5700000524520874,1.5700000524520874,10.0,1.5700000524520874,1.5700000524520874,1.5700000524520874
09-03-2021,1.5700000524520874,1.5700000524520874,0.0,1.5700000524520874,1.5700000524520874,1.5700000524520874
10-03-2021,1.5700000524520874,1.5700000524520874,20.0,1.5700000524520874,1.5700000524520874,1.5700000524520874
11-03-2021,1.5700000524520874,1.5700000524520874,22.0,1.5700000524520874,1.5700000524520874,1.5700000524520874
12-03-2021,1.5700000524520874,1.5700000524520874,0.0,1.5700000524520874,1.5700000524520874,1.5700000524520874
15-03-2021,1.5499999523162842,1.5499999523162842,101.0,1.5700000524520874,1.5700000524520874,1.5700000524520874
16-03-2021,1.5700000524520874,1.5700000524520874,0.0,1.5700000524520874,1.5700000524520874,1.5700000524520874
17-03-2021,1.5700000524520874,1.5700000524520874,1872.0,1.5700000524520874,1.5700000524520874,1.5700000524520874
18-03-2021,1.600000023841858,1.600000023841858,522.0,1.6299999952316284,1.6299999952316284,1.6299999952316284
19-03-2021,1.6699999570846558,1.6699999570846558,1301.0,1.6699999570846558,1.6699999570846558,1.6699999570846558
22-03-2021,1.7200000286102295,1.7200000286102295,890.0,1.7699999809265137,1.7699999809265137,1.7699999809265137
23-03-2021,1.809999942779541,1.8200000524520874,540.0,1.8200000524520874,1.809999942779541,1.809999942779541
24-03-2021,1.7999999523162842,1.7999999523162842,200.0,1.7999999523162842,1.7999999523162842,1.7999999523162842
25-03-2021,1.7999999523162842,1.7999999523162842,0.0,1.7999999523162842,1.7999999523162842,1.7999999523162842
26-03-2021,1.7999999523162842,1.7999999523162842,20.0,1.7999999523162842,1.7999999523162842,1.7999999523162842
29-03-2021,1.7999999523162842,1.7999999523162842,0.0,1.7999999523162842,1.7999999523162842,1.7999999523162842
30-03-2021,1.7999999523162842,1.7999999523162842,0.0,1.7999999523162842,1.7999999523162842,1.7999999523162842
31-03-2021,1.7999999523162842,1.7999999523162842,0.0,1.7999999523162842,1.7999999523162842,1.7999999523162842
01-04-2021,1.5399999618530273,1.5399999618530273,369.0,1.5399999618530273,1.5399999618530273,1.5399999618530273
05-04-2021,1.600000023841858,1.600000023841858,42.0,1.600000023841858,1.600000023841858,1.600000023841858
06-04-2021,1.600000023841858,1.600000023841858,0.0,1.600000023841858,1.600000023841858,1.600000023841858
07-04-2021,1.600000023841858,1.600000023841858,0.0,1.600000023841858,1.600000023841858,1.600000023841858
08-04-2021,1.600000023841858,1.600000023841858,0.0,1.600000023841858,1.600000023841858,1.600000023841858
09-04-2021,,,,,,
12-04-2021,1.350000023841858,1.3899999856948853,142.0,1.3899999856948853,1.350000023841858,1.350000023841858
13-04-2021,1.350000023841858,1.350000023841858,0.0,1.350000023841858,1.350000023841858,1.350000023841858
14-04-2021,1.3300000429153442,1.3300000429153442,300.0,1.3300000429153442,1.3300000429153442,1.3300000429153442
15-04-2021,1.3300000429153442,1.3300000429153442,0.0,1.3300000429153442,1.3300000429153442,1.3300000429153442
16-04-2021,1.3300000429153442,1.3300000429153442,0.0,1.3300000429153442,1.3300000429153442,1.3300000429153442
19-04-2021,1.4800000190734863,1.4800000190734863,1.0,1.4800000190734863,1.4800000190734863,1.4800000190734863
20-04-2021,1.5199999809265137,1.5199999809265137,2.0,1.5199999809265137,1.5199999809265137,1.5199999809265137
21-04-2021,1.5199999809265137,1.5199999809265137,0.0,1.5199999809265137,1.5199999809265137,1.5199999809265137
22-04-2021,1.6200000047683716,1.6200000047683716,2.0,1.6200000047683716,1.6200000047683716,1.6200000047683716
23-04-2021,1.6200000047683716,1.6200000047683716,121.0,1.6200000047683716,1.6200000047683716,1.6200000047683716
26-04-2021,1.649999976158142,1.649999976158142,217.0,1.6699999570846558,1.6699999570846558,1.6699999570846558
27-04-2021,1.7200000286102295,1.7200000286102295,50.0,1.7200000286102295,1.7200000286102295,1.7200000286102295
28-04-2021,1.7200000286102295,1.7200000286102295,0.0,1.7200000286102295,1.7200000286102295,1.7200000286102295
29-04-2021,1.7200000286102295,1.7200000286102295,0.0,1.7200000286102295,1.7200000286102295,1.7200000286102295
30-04-2021,1.7200000286102295,1.7200000286102295,0.0,1.7200000286102295,1.7200000286102295,1.7200000286102295
03-05-2021,1.5800000429153442,1.5800000429153442,90.0,1.5800000429153442,1.5800000429153442,1.5800000429153442
04-05-2021,1.5800000429153442,1.5800000429153442,300.0,1.5800000429153442,1.5800000429153442,1.5800000429153442
05-05-2021,1.6200000047683716,1.6200000047683716,20.0,1.6200000047683716,1.6200000047683716,1.6200000047683716
06-05-2021,1.6399999856948853,1.6399999856948853,20.0,1.6399999856948853,1.6399999856948853,1.6399999856948853
07-05-2021,1.6399999856948853,1.6399999856948853,0.0,1.6399999856948853,1.6399999856948853,1.6399999856948853
10-05-2021,1.6399999856948853,1.6399999856948853,0.0,1.6399999856948853,1.6399999856948853,1.6399999856948853
11-05-2021,1.6399999856948853,1.6399999856948853,0.0,1.6399999856948853,1.6399999856948853,1.6399999856948853
12-05-2021,1.6399999856948853,1.6399999856948853,0.0,1.6399999856948853,1.6399999856948853,1.6399999856948853
13-05-2021,1.6399999856948853,1.6399999856948853,0.0,1.6399999856948853,1.6399999856948853,1.6399999856948853
14-05-2021,11.0,11.0,0.0,11.0,11.0,11.0
17-05-2021,11.0,11.0,0.0,11.0,11.0,11.0
18-05-2021,11.0,11.0,0.0,11.0,11.0,11.0
19-05-2021,11.0,11.0,0.0,11.0,11.0,11.0
20-05-2021,11.0,11.0,0.0,11.0,11.0,11.0
21-05-2021,11.0,11.0,0.0,11.0,11.0,11.0
24-05-2021,11.0,11.0,0.0,11.0,11.0,11.0
25-05-2021,11.0,11.0,0.0,11.0,11.0,11.0
26-05-2021,1.600000023841858,1.600000023841858,0.0,1.600000023841858,1.600000023841858,1.600000023841858
27-05-2021,1.600000023841858,1.600000023841858,0.0,1.600000023841858,1.600000023841858,1.600000023841858
28-05-2021,1.4900000095367432,1.4900000095367432,390.0,1.4900000095367432,1.4900000095367432,1.4900000095367432
01-06-2021,1.5499999523162842,1.5499999523162842,18.0,1.5499999523162842,1.5499999523162842,1.5499999523162842
02-06-2021,1.5499999523162842,1.5499999523162842,0.0,1.5499999523162842,1.5499999523162842,1.5499999523162842
03-06-2021,1.5499999523162842,1.5499999523162842,0.0,1.5499999523162842,1.5499999523162842,1.5499999523162842
04-06-2021,1.5499999523162842,1.5499999523162842,0.0,1.5499999523162842,1.5499999523162842,1.5499999523162842
07-06-2021,1.559999942779541,1.559999942779541,10.0,1.559999942779541,1.559999942779541,1.559999942779541
08-06-2021,1.5199999809265137,1.5199999809265137,180.0,1.5199999809265137,1.5199999809265137,1.5199999809265137
09-06-2021,1.559999942779541,1.559999942779541,20.0,1.559999942779541,1.559999942779541,1.559999942779541
10-06-2021,1.559999942779541,1.559999942779541,0.0,1.559999942779541,1.559999942779541,1.559999942779541
11-06-2021,1.559999942779541,1.559999942779541,0.0,1.559999942779541,1.559999942779541,1.559999942779541
14-06-2021,1.559999942779541,1.559999942779541,0.0,1.559999942779541,1.559999942779541,1.559999942779541
15-06-2021,1.559999942779541,1.559999942779541,0.0,1.559999942779541,1.559999942779541,1.559999942779541
16-06-2021,1.559999942779541,1.559999942779541,0.0,1.559999942779541,1.559999942779541,1.559999942779541
17-06-2021,1.559999942779541,1.559999942779541,0.0,1.559999942779541,1.559999942779541,1.559999942779541
18-06-2021,1.3700000047683716,1.3700000047683716,400.0,1.3700000047683716,1.3700000047683716,1.3700000047683716
21-06-2021,1.309999942779541,1.309999942779541,10.0,1.309999942779541,1.309999942779541,1.309999942779541
22-06-2021,,,,,,
23-06-2021,,,,,,
24-06-2021,,,,,,
25-06-2021,,,,,,
28-06-2021,,,,,,
29-06-2021,1.3200000524520874,1.3200000524520874,1436.0,1.3200000524520874,1.3200000524520874,1.3200000524520874
30-06-2021,1.3200000524520874,1.3200000524520874,555.0,1.3200000524520874,1.3200000524520874,1.3200000524520874
01-07-2021,1.3200000524520874,1.3200000524520874,0.0,1.3200000524520874,1.3200000524520874,1.3200000524520874
02-07-2021,1.3200000524520874,1.3200000524520874,0.0,1.3200000524520874,1.3200000524520874,1.3200000524520874
06-07-2021,1.3200000524520874,1.3200000524520874,205.0,1.3200000524520874,1.3200000524520874,1.3200000524520874
07-07-2021,1.2999999523162842,1.2999999523162842,145.0,1.2999999523162842,1.2999999523162842,1.2999999523162842
08-07-2021,1.2999999523162842,1.2999999523162842,0.0,1.2999999523162842,1.2999999523162842,1.2999999523162842
09-07-2021,1.2999999523162842,1.2999999523162842,0.0,1.2999999523162842,1.2999999523162842,1.2999999523162842
12-07-2021,1.2999999523162842,1.2999999523162842,0.0,1.2999999523162842,1.2999999523162842,1.2999999523162842
13-07-2021,1.2999999523162842,1.2999999523162842,0.0,1.2999999523162842,1.2999999523162842,1.2999999523162842
14-07-2021,1.2999999523162842,1.2999999523162842,0.0,1.2999999523162842,1.2999999523162842,1.2999999523162842
15-07-2021,1.2999999523162842,1.2999999523162842,0.0,1.2999999523162842,1.2999999523162842,1.2999999523162842
16-07-2021,1.2999999523162842,1.2999999523162842,0.0,1.2999999523162842,1.2999999523162842,1.2999999523162842
19-07-2021,1.2999999523162842,1.2999999523162842,0.0,1.2999999523162842,1.2999999523162842,1.2999999523162842
20-07-2021,1.2999999523162842,1.2999999523162842,0.0,1.2999999523162842,1.2999999523162842,1.2999999523162842
21-07-2021,1.2999999523162842,1.2999999523162842,0.0,1.2999999523162842,1.2999999523162842,1.2999999523162842
22-07-2021,1.2999999523162842,1.2999999523162842,0.0,1.2999999523162842,1.2999999523162842,1.2999999523162842
23-07-2021,1.559999942779541,1.559999942779541,800.0,1.559999942779541,1.559999942779541,1.559999942779541
26-07-2021,1.600000023841858,1.600000023841858,150.0,1.600000023841858,1.600000023841858,1.600000023841858
27-07-2021,1.600000023841858,1.600000023841858,300.0,1.600000023841858,1.600000023841858,1.600000023841858
28-07-2021,1.600000023841858,1.600000023841858,0.0,1.600000023841858,1.600000023841858,1.600000023841858
29-07-2021,1.5499999523162842,1.5499999523162842,170.0,1.5499999523162842,1.5499999523162842,1.5499999523162842
30-07-2021,1.5099999904632568,1.5099999904632568,1800.0,1.5099999904632568,1.5099999904632568,1.5099999904632568
02-08-2021,1.5099999904632568,1.5099999904632568,0.0,1.5099999904632568,1.5099999904632568,1.5099999904632568
03-08-2021,1.5099999904632568,1.5099999904632568,0.0,1.5099999904632568,1.5099999904632568,1.5099999904632568
04-08-2021,1.5099999904632568,1.5099999904632568,0.0,1.5099999904632568,1.5099999904632568,1.5099999904632568
05-08-2021,1.5099999904632568,1.5099999904632568,0.0,1.5099999904632568,1.5099999904632568,1.5099999904632568
06-08-2021,1.5099999904632568,1.5099999904632568,0.0,1.5099999904632568,1.5099999904632568,1.5099999904632568
09-08-2021,1.5,1.5,24.0,1.5,1.5,1.5
10-08-2021,11.0,11.0,0.0,11.0,11.0,11.0
11-08-2021,1.5,1.5,141.0,1.5,1.5,1.5
12-08-2021,1.5,1.5,0.0,1.5,1.5,1.5
13-08-2021,11.0,11.0,0.0,11.0,11.0,11.0
16-08-2021,1.5,1.5,0.0,1.5,1.5,1.5
17-08-2021,1.5,1.5,0.0,1.5,1.5,1.5
18-08-2021,1.5,1.5,0.0,1.5,1.5,1.5
19-08-2021,1.5,1.5,0.0,1.5,1.5,1.5
20-08-2021,1.5,1.5,200.0,1.5,1.5,1.5
23-08-2021,1.5,1.5,0.0,1.5,1.5,1.5
24-08-2021,1.4900000095367432,1.4900000095367432,5.0,1.4900000095367432,1.4900000095367432,1.4900000095367432
25-08-2021,1.4900000095367432,1.4900000095367432,0.0,1.4900000095367432,1.4900000095367432,1.4900000095367432
26-08-2021,1.4900000095367432,1.4900000095367432,0.0,1.4900000095367432,1.4900000095367432,1.4900000095367432
27-08-2021,,,,,,
30-08-2021,,,,,,
