Date,Low,Open,Volume,High,Close,Adjusted Close
18-03-1980,1.4722222089767456,1.4722222089767456,3200.0,1.5833333730697632,1.4722222089767456,0.8639814257621765
19-03-1980,1.3888888359069824,1.4722222089767456,800.0,1.5,1.3888888359069824,0.8150766491889954
20-03-1980,1.3611111640930176,1.3888888359069824,15200.0,1.4722222089767456,1.3611111640930176,0.7987748980522156
21-03-1980,1.3611111640930176,1.3611111640930176,800.0,1.4722222089767456,1.3611111640930176,0.7987748980522156
24-03-1980,1.3333333730697632,1.3611111640930176,3200.0,1.4444444179534912,1.3333333730697632,0.7824734449386597
25-03-1980,1.3333333730697632,1.3333333730697632,0.0,1.3333333730697632,1.3333333730697632,0.7824734449386597
26-03-1980,1.3333333730697632,1.3333333730697632,0.0,1.3333333730697632,1.3333333730697632,0.7824734449386597
27-03-1980,1.3333333730697632,1.3333333730697632,26400.0,1.4444444179534912,1.3333333730697632,0.7824734449386597
28-03-1980,1.3333333730697632,1.3333333730697632,3200.0,1.4444444179534912,1.3333333730697632,0.7824734449386597
31-03-1980,1.3333333730697632,1.3333333730697632,17600.0,1.4444444179534912,1.3333333730697632,0.7824734449386597
01-04-1980,1.3333333730697632,1.3333333730697632,8000.0,1.4444444179534912,1.3333333730697632,0.7824734449386597
02-04-1980,1.3333333730697632,1.3333333730697632,10400.0,1.4444444179534912,1.3333333730697632,0.7824734449386597
03-04-1980,1.3333333730697632,1.3333333730697632,800.0,1.4444444179534912,1.3333333730697632,0.7824734449386597
07-04-1980,1.3333333730697632,1.3333333730697632,800.0,1.4444444179534912,1.3333333730697632,0.7824734449386597
08-04-1980,1.3333333730697632,1.3333333730697632,3200.0,1.4444444179534912,1.3333333730697632,0.7824734449386597
09-04-1980,1.3333333730697632,1.3333333730697632,0.0,1.3333333730697632,1.3333333730697632,0.7824734449386597
10-04-1980,1.3333333730697632,1.3333333730697632,0.0,1.3333333730697632,1.3333333730697632,0.7824734449386597
11-04-1980,1.3333333730697632,1.3333333730697632,24800.0,1.4444444179534912,1.3333333730697632,0.7824734449386597
14-04-1980,1.3333333730697632,1.3333333730697632,4800.0,1.4444444179534912,1.3333333730697632,0.7824734449386597
15-04-1980,1.3333333730697632,1.3333333730697632,0.0,1.3333333730697632,1.3333333730697632,0.7824734449386597
16-04-1980,1.3333333730697632,1.3333333730697632,22400.0,1.4444444179534912,1.3333333730697632,0.7824734449386597
17-04-1980,1.2222222089767456,1.3333333730697632,10400.0,1.3333333730697632,1.2222222089767456,0.7172670960426331
18-04-1980,1.2222222089767456,1.2222222089767456,0.0,1.2222222089767456,1.2222222089767456,0.7172670960426331
21-04-1980,1.1944444179534912,1.2222222089767456,8000.0,1.3055555820465088,1.1944444179534912,0.700965940952301
22-04-1980,1.1944444179534912,1.1944444179534912,0.0,1.1944444179534912,1.1944444179534912,0.700965940952301
23-04-1980,1.1944444179534912,1.1944444179534912,800.0,1.3055555820465088,1.1944444179534912,0.700965940952301
24-04-1980,1.2222222089767456,1.2222222089767456,4800.0,1.3333333730697632,1.2222222089767456,0.7172670960426331
25-04-1980,1.2222222089767456,1.2222222089767456,0.0,1.2222222089767456,1.2222222089767456,0.7172670960426331
28-04-1980,1.2222222089767456,1.2222222089767456,0.0,1.2222222089767456,1.2222222089767456,0.7172670960426331
29-04-1980,1.2222222089767456,1.2222222089767456,800.0,1.3333333730697632,1.2222222089767456,0.7172670960426331
30-04-1980,1.2222222089767456,1.2222222089767456,3200.0,1.3333333730697632,1.2222222089767456,0.7172670960426331
01-05-1980,1.2222222089767456,1.2222222089767456,0.0,1.2222222089767456,1.2222222089767456,0.7172670960426331
02-05-1980,1.2222222089767456,1.2222222089767456,0.0,1.2222222089767456,1.2222222089767456,0.7172670960426331
05-05-1980,1.2222222089767456,1.2222222089767456,0.0,1.2222222089767456,1.2222222089767456,0.7172670960426331
06-05-1980,1.2222222089767456,1.2222222089767456,800.0,1.3333333730697632,1.2222222089767456,0.7172670960426331
07-05-1980,1.2222222089767456,1.2222222089767456,10400.0,1.3333333730697632,1.2222222089767456,0.7172670960426331
08-05-1980,1.25,1.25,8000.0,1.3611111640930176,1.25,0.7335691452026367
09-05-1980,1.2222222089767456,1.25,28800.0,1.3333333730697632,1.2222222089767456,0.7172670960426331
12-05-1980,1.2222222089767456,1.2222222089767456,0.0,1.2222222089767456,1.2222222089767456,0.7172670960426331
13-05-1980,1.2222222089767456,1.2222222089767456,800.0,1.3333333730697632,1.2222222089767456,0.7172670960426331
14-05-1980,1.2222222089767456,1.2222222089767456,0.0,1.2222222089767456,1.2222222089767456,0.7172670960426331
15-05-1980,1.2222222089767456,1.2222222089767456,0.0,1.2222222089767456,1.2222222089767456,0.7172670960426331
16-05-1980,1.2222222089767456,1.2222222089767456,0.0,1.2222222089767456,1.2222222089767456,0.7172670960426331
19-05-1980,1.2222222089767456,1.2222222089767456,12000.0,1.3333333730697632,1.2222222089767456,0.7172670960426331
20-05-1980,1.2222222089767456,1.2222222089767456,4800.0,1.3333333730697632,1.2222222089767456,0.7172670960426331
21-05-1980,1.2222222089767456,1.2222222089767456,0.0,1.2222222089767456,1.2222222089767456,0.7172670960426331
22-05-1980,1.2222222089767456,1.2222222089767456,75200.0,1.3333333730697632,1.2222222089767456,0.7172670960426331
23-05-1980,1.2222222089767456,1.2222222089767456,7200.0,1.3333333730697632,1.2222222089767456,0.7172670960426331
27-05-1980,1.2222222089767456,1.2222222089767456,4800.0,1.3333333730697632,1.2222222089767456,0.7172670960426331
28-05-1980,1.2222222089767456,1.2222222089767456,7200.0,1.3333333730697632,1.2222222089767456,0.7172670960426331
29-05-1980,1.2222222089767456,1.2222222089767456,3200.0,1.3333333730697632,1.2222222089767456,0.7172670960426331
30-05-1980,1.2222222089767456,1.2222222089767456,800.0,1.3333333730697632,1.2222222089767456,0.7172670960426331
02-06-1980,1.2222222089767456,1.2222222089767456,0.0,1.2222222089767456,1.2222222089767456,0.7172670960426331
03-06-1980,1.2222222089767456,1.2222222089767456,14400.0,1.3333333730697632,1.2222222089767456,0.7172670960426331
04-06-1980,1.2222222089767456,1.2222222089767456,72000.0,1.3333333730697632,1.2222222089767456,0.7172670960426331
05-06-1980,1.2222222089767456,1.2222222089767456,0.0,1.2222222089767456,1.2222222089767456,0.7172670960426331
06-06-1980,1.2222222089767456,1.2222222089767456,22400.0,1.3333333730697632,1.2222222089767456,0.7172670960426331
09-06-1980,1.2222222089767456,1.2222222089767456,3200.0,1.3333333730697632,1.2222222089767456,0.7172670960426331
10-06-1980,1.2222222089767456,1.2222222089767456,0.0,1.2222222089767456,1.2222222089767456,0.7172670960426331
11-06-1980,1.2222222089767456,1.2222222089767456,8000.0,1.3333333730697632,1.2222222089767456,0.7172670960426331
12-06-1980,1.2222222089767456,1.2222222089767456,4800.0,1.3333333730697632,1.2222222089767456,0.7172670960426331
13-06-1980,1.2222222089767456,1.2222222089767456,19200.0,1.3333333730697632,1.2222222089767456,0.7172670960426331
16-06-1980,1.2222222089767456,1.2222222089767456,8000.0,1.3333333730697632,1.2222222089767456,0.7172670960426331
17-06-1980,1.2222222089767456,1.2222222089767456,12000.0,1.3333333730697632,1.2222222089767456,0.7172670960426331
18-06-1980,1.2222222089767456,1.2222222089767456,0.0,1.2222222089767456,1.2222222089767456,0.7172670960426331
19-06-1980,1.2222222089767456,1.2222222089767456,0.0,1.2222222089767456,1.2222222089767456,0.7172670960426331
20-06-1980,1.2222222089767456,1.2222222089767456,28800.0,1.3333333730697632,1.2222222089767456,0.7172670960426331
23-06-1980,1.25,1.25,14400.0,1.3611111640930176,1.25,0.7335691452026367
24-06-1980,1.25,1.25,8000.0,1.3611111640930176,1.25,0.7335691452026367
25-06-1980,1.25,1.25,800.0,1.3611111640930176,1.25,0.7335691452026367
26-06-1980,1.25,1.25,800.0,1.3611111640930176,1.25,0.7335691452026367
27-06-1980,1.25,1.25,7200.0,1.3611111640930176,1.25,0.7335691452026367
30-06-1980,1.25,1.25,0.0,1.25,1.25,0.7335691452026367
01-07-1980,1.25,1.25,43200.0,1.3611111640930176,1.25,0.7335691452026367
02-07-1980,1.25,1.25,4800.0,1.3611111640930176,1.25,0.7335691452026367
03-07-1980,1.25,1.25,10400.0,1.3611111640930176,1.25,0.7335691452026367
07-07-1980,1.25,1.25,4800.0,1.3333333730697632,1.25,0.7335691452026367
08-07-1980,1.25,1.25,0.0,1.25,1.25,0.7335691452026367
09-07-1980,1.25,1.25,7200.0,1.3333333730697632,1.25,0.7335691452026367
10-07-1980,1.25,1.25,21600.0,1.3333333730697632,1.25,0.7335691452026367
11-07-1980,1.25,1.25,72000.0,1.3333333730697632,1.25,0.7335691452026367
14-07-1980,1.25,1.25,0.0,1.25,1.25,0.7335691452026367
15-07-1980,1.25,1.25,0.0,1.25,1.25,0.7335691452026367
16-07-1980,1.25,1.25,36800.0,1.3333333730697632,1.25,0.7335691452026367
17-07-1980,1.25,1.25,3200.0,1.3333333730697632,1.25,0.7335691452026367
18-07-1980,1.25,1.25,55200.0,1.3333333730697632,1.25,0.7335691452026367
21-07-1980,1.25,1.25,3200.0,1.3333333730697632,1.25,0.7335691452026367
22-07-1980,1.2777777910232544,1.2777777910232544,39200.0,1.3333333730697632,1.2777777910232544,0.7498703002929688
23-07-1980,1.2777777910232544,1.2777777910232544,21600.0,1.3333333730697632,1.2777777910232544,0.7498703002929688
24-07-1980,1.2777777910232544,1.2777777910232544,22400.0,1.3611111640930176,1.2777777910232544,0.7498703002929688
25-07-1980,1.2777777910232544,1.2777777910232544,0.0,1.2777777910232544,1.2777777910232544,0.7498703002929688
28-07-1980,1.2777777910232544,1.2777777910232544,3200.0,1.3611111640930176,1.2777777910232544,0.7498703002929688
29-07-1980,1.2777777910232544,1.2777777910232544,8000.0,1.3611111640930176,1.2777777910232544,0.7498703002929688
30-07-1980,1.2777777910232544,1.2777777910232544,40800.0,1.3611111640930176,1.2777777910232544,0.7498703002929688
31-07-1980,1.2777777910232544,1.2777777910232544,17600.0,1.3611111640930176,1.2777777910232544,0.7498703002929688
01-08-1980,1.2777777910232544,1.2777777910232544,21600.0,1.3611111640930176,1.2777777910232544,0.7498703002929688
04-08-1980,1.2777777910232544,1.2777777910232544,4800.0,1.3611111640930176,1.2777777910232544,0.7498703002929688
05-08-1980,1.2777777910232544,1.2777777910232544,7200.0,1.3611111640930176,1.2777777910232544,0.7498703002929688
06-08-1980,1.2777777910232544,1.2777777910232544,3200.0,1.3611111640930176,1.2777777910232544,0.7498703002929688
07-08-1980,1.2777777910232544,1.2777777910232544,3200.0,1.3611111640930176,1.2777777910232544,0.7498703002929688
08-08-1980,1.2777777910232544,1.2777777910232544,17600.0,1.3611111640930176,1.2777777910232544,0.7498703002929688
11-08-1980,1.2777777910232544,1.2777777910232544,0.0,1.2777777910232544,1.2777777910232544,0.7498703002929688
12-08-1980,1.2777777910232544,1.2777777910232544,0.0,1.2777777910232544,1.2777777910232544,0.7498703002929688
13-08-1980,1.2777777910232544,1.2777777910232544,0.0,1.2777777910232544,1.2777777910232544,0.7498703002929688
14-08-1980,1.2777777910232544,1.2777777910232544,800.0,1.3611111640930176,1.2777777910232544,0.7498703002929688
15-08-1980,1.2777777910232544,1.2777777910232544,0.0,1.2777777910232544,1.2777777910232544,0.7498703002929688
18-08-1980,1.2777777910232544,1.2777777910232544,14400.0,1.3611111640930176,1.2777777910232544,0.7498703002929688
19-08-1980,1.2777777910232544,1.2777777910232544,26400.0,1.3611111640930176,1.2777777910232544,0.7498703002929688
20-08-1980,1.3055555820465088,1.3055555820465088,57600.0,1.3611111640930176,1.3055555820465088,0.766171932220459
21-08-1980,1.3055555820465088,1.3055555820465088,82400.0,1.3611111640930176,1.3055555820465088,0.766171932220459
22-08-1980,1.4444444179534912,1.4444444179534912,180800.0,1.5277777910232544,1.4444444179534912,0.8476795554161072
25-08-1980,1.5833333730697632,1.5833333730697632,132800.0,1.6666666269302368,1.5833333730697632,0.9291872382164001
26-08-1980,1.6666666269302368,1.6666666269302368,116000.0,1.7222222089767456,1.6666666269302368,0.9780911803245544
27-08-1980,1.6111111640930176,1.6666666269302368,108800.0,1.6666666269302368,1.6111111640930176,0.9454883337020874
28-08-1980,1.5277777910232544,1.6111111640930176,32000.0,1.6111111640930176,1.5277777910232544,0.8965849280357361
29-08-1980,1.5,1.5277777910232544,4800.0,1.5833333730697632,1.5,0.8802825808525085
02-09-1980,1.5277777910232544,1.5277777910232544,800.0,1.6111111640930176,1.5277777910232544,0.8965849280357361
03-09-1980,1.6111111640930176,1.6111111640930176,26400.0,1.6666666269302368,1.6111111640930176,0.9454883337020874
04-09-1980,1.6111111640930176,1.6111111640930176,62400.0,1.6666666269302368,1.6111111640930176,0.9454883337020874
05-09-1980,1.6111111640930176,1.6111111640930176,64800.0,1.6666666269302368,1.6111111640930176,0.9454883337020874
08-09-1980,1.6111111640930176,1.6111111640930176,75200.0,1.6666666269302368,1.6111111640930176,0.9454883337020874
09-09-1980,1.5833333730697632,1.6111111640930176,108000.0,1.6666666269302368,1.5833333730697632,0.9291872382164001
10-09-1980,1.5833333730697632,1.5833333730697632,127200.0,1.6666666269302368,1.5833333730697632,0.9291872382164001
11-09-1980,1.6111111640930176,1.6111111640930176,12000.0,1.7222222089767456,1.6111111640930176,0.9454883337020874
12-09-1980,1.6944444179534912,1.6944444179534912,98400.0,1.7777777910232544,1.6944444179534912,0.9943936467170715
15-09-1980,1.6944444179534912,1.6944444179534912,100800.0,1.7777777910232544,1.6944444179534912,0.9943936467170715
16-09-1980,1.75,1.75,255200.0,1.8333333730697632,1.75,1.0269958972930908
17-09-1980,1.9444444179534912,1.9444444179534912,480000.0,2.027777671813965,1.9444444179534912,1.1411073207855225
18-09-1980,1.9722222089767456,1.9722222089767456,497600.0,2.055555582046509,1.9722222089767456,1.1574089527130127
19-09-1980,1.9722222089767456,1.9722222089767456,312800.0,2.055555582046509,1.9722222089767456,1.1574089527130127
22-09-1980,2.0,2.0,233600.0,2.055555582046509,2.0,1.1737102270126343
23-09-1980,2.0,2.0,341600.0,2.055555582046509,2.0,1.1737102270126343
24-09-1980,2.0,2.0,296000.0,2.055555582046509,2.0,1.1737102270126343
25-09-1980,2.0,2.0,82400.0,2.055555582046509,2.0,1.1737102270126343
26-09-1980,2.0,2.0,144000.0,2.055555582046509,2.0,1.1737102270126343
29-09-1980,1.9722222089767456,2.0,108800.0,2.027777671813965,1.9722222089767456,1.1574089527130127
30-09-1980,1.9444444179534912,1.9722222089767456,96800.0,2.027777671813965,1.9444444179534912,1.1411073207855225
01-10-1980,1.9722222089767456,1.9722222089767456,28800.0,2.027777671813965,1.9722222089767456,1.1574089527130127
02-10-1980,2.0,2.0,33600.0,2.055555582046509,2.0,1.1737102270126343
03-10-1980,2.027777671813965,2.027777671813965,108000.0,2.1111111640930176,2.027777671813965,1.190011978149414
06-10-1980,2.0833332538604736,2.0833332538604736,154400.0,2.125,2.0833332538604736,1.2226148843765259
07-10-1980,2.1111111640930176,2.1111111640930176,105600.0,2.194444417953491,2.1111111640930176,1.238916039466858
08-10-1980,2.1111111640930176,2.1111111640930176,28800.0,2.194444417953491,2.1111111640930176,1.238916039466858
09-10-1980,2.1111111640930176,2.1111111640930176,87200.0,2.194444417953491,2.1111111640930176,1.238916039466858
10-10-1980,2.1111111640930176,2.1111111640930176,53600.0,2.194444417953491,2.1111111640930176,1.238916039466858
13-10-1980,2.1111111640930176,2.1111111640930176,7200.0,2.194444417953491,2.1111111640930176,1.238916039466858
14-10-1980,2.1111111640930176,2.1111111640930176,64800.0,2.194444417953491,2.1111111640930176,1.238916039466858
15-10-1980,2.1111111640930176,2.1111111640930176,10400.0,2.194444417953491,2.1111111640930176,1.238916039466858
16-10-1980,2.1111111640930176,2.1111111640930176,240800.0,2.194444417953491,2.1111111640930176,1.238916039466858
17-10-1980,2.1111111640930176,2.1111111640930176,26400.0,2.194444417953491,2.1111111640930176,1.238916039466858
20-10-1980,2.1111111640930176,2.1111111640930176,43200.0,2.194444417953491,2.1111111640930176,1.238916039466858
21-10-1980,2.1111111640930176,2.1111111640930176,84000.0,2.1666667461395264,2.1111111640930176,1.238916039466858
22-10-1980,2.1111111640930176,2.1111111640930176,12000.0,2.194444417953491,2.1111111640930176,1.238916039466858
23-10-1980,2.1388888359069824,2.1388888359069824,26400.0,2.194444417953491,2.1388888359069824,1.2552175521850586
24-10-1980,2.1666667461395264,2.1666667461395264,33600.0,2.222222328186035,2.1666667461395264,1.271519660949707
27-10-1980,2.1666667461395264,2.1666667461395264,10400.0,2.25,2.1666667461395264,1.271519660949707
28-10-1980,2.1666667461395264,2.1666667461395264,7200.0,2.25,2.1666667461395264,1.271519660949707
29-10-1980,2.1666667461395264,2.1666667461395264,12000.0,2.25,2.1666667461395264,1.271519660949707
30-10-1980,2.1666667461395264,2.1666667461395264,800.0,2.25,2.1666667461395264,1.271519660949707
31-10-1980,2.194444417953491,2.194444417953491,129600.0,2.25,2.194444417953491,1.2878212928771973
03-11-1980,2.194444417953491,2.194444417953491,242400.0,2.25,2.194444417953491,1.2878212928771973
05-11-1980,2.194444417953491,2.194444417953491,57600.0,2.25,2.194444417953491,1.2878212928771973
06-11-1980,2.194444417953491,2.194444417953491,55200.0,2.25,2.194444417953491,1.2878212928771973
07-11-1980,2.1666667461395264,2.194444417953491,262400.0,2.25,2.1666667461395264,1.271519660949707
10-11-1980,2.1666667461395264,2.1666667461395264,19200.0,2.25,2.1666667461395264,1.271519660949707
11-11-1980,2.1666667461395264,2.1666667461395264,19200.0,2.222222328186035,2.1666667461395264,1.271519660949707
12-11-1980,2.1666667461395264,2.1666667461395264,39200.0,2.25,2.1666667461395264,1.271519660949707
13-11-1980,2.1666667461395264,2.1666667461395264,800.0,2.25,2.1666667461395264,1.271519660949707
14-11-1980,2.1666667461395264,2.1666667461395264,36000.0,2.25,2.1666667461395264,1.271519660949707
17-11-1980,2.1666667461395264,2.1666667461395264,26400.0,2.25,2.1666667461395264,1.271519660949707
18-11-1980,2.1666667461395264,2.1666667461395264,12000.0,2.25,2.1666667461395264,1.271519660949707
19-11-1980,2.222222328186035,2.222222328186035,57600.0,2.277777671813965,2.222222328186035,1.3041224479675293
20-11-1980,2.222222328186035,2.222222328186035,22400.0,2.277777671813965,2.222222328186035,1.3041224479675293
21-11-1980,2.222222328186035,2.222222328186035,21600.0,2.277777671813965,2.222222328186035,1.3041224479675293
24-11-1980,2.222222328186035,2.222222328186035,19200.0,2.277777671813965,2.222222328186035,1.3041224479675293
25-11-1980,2.222222328186035,2.222222328186035,40800.0,2.305555582046509,2.222222328186035,1.3041224479675293
26-11-1980,2.222222328186035,2.222222328186035,17600.0,2.305555582046509,2.222222328186035,1.3041224479675293
28-11-1980,2.222222328186035,2.222222328186035,24800.0,2.277777671813965,2.222222328186035,1.3041224479675293
01-12-1980,2.222222328186035,2.222222328186035,48000.0,2.277777671813965,2.222222328186035,1.3041224479675293
02-12-1980,2.2083332538604736,2.222222328186035,51200.0,2.25,2.2083332538604736,1.2959715127944946
03-12-1980,2.194444417953491,2.2083332538604736,22400.0,2.25,2.194444417953491,1.2878212928771973
04-12-1980,2.180555582046509,2.194444417953491,58400.0,2.222222328186035,2.180555582046509,1.2796697616577148
05-12-1980,2.180555582046509,2.180555582046509,98400.0,2.222222328186035,2.180555582046509,1.2796697616577148
08-12-1980,2.180555582046509,2.180555582046509,64800.0,2.222222328186035,2.180555582046509,1.2796697616577148
09-12-1980,2.1388888359069824,2.180555582046509,161600.0,2.222222328186035,2.1388888359069824,1.2552175521850586
10-12-1980,2.1111111640930176,2.1388888359069824,17600.0,2.194444417953491,2.1111111640930176,1.238916039466858
11-12-1980,1.9444444179534912,2.027777671813965,55200.0,2.027777671813965,1.9444444179534912,1.1411073207855225
12-12-1980,1.9444444179534912,1.9444444179534912,3200.0,2.027777671813965,1.9444444179534912,1.1411073207855225
15-12-1980,1.8888888359069824,1.9444444179534912,15200.0,1.9722222089767456,1.8888888359069824,1.108504056930542
16-12-1980,1.8888888359069824,1.8888888359069824,26400.0,1.9722222089767456,1.8888888359069824,1.108504056930542
17-12-1980,1.8888888359069824,1.8888888359069824,800.0,1.9722222089767456,1.8888888359069824,1.108504056930542
18-12-1980,1.8888888359069824,1.8888888359069824,17600.0,2.0,1.8888888359069824,1.108504056930542
19-12-1980,1.9166666269302368,1.9166666269302368,10400.0,2.027777671813965,1.9166666269302368,1.1248058080673218
22-12-1980,1.9444444179534912,1.9444444179534912,8000.0,2.027777671813965,1.9444444179534912,1.1411073207855225
23-12-1980,1.9444444179534912,1.9444444179534912,64800.0,2.027777671813965,1.9444444179534912,1.1411073207855225
24-12-1980,1.9444444179534912,1.9444444179534912,82400.0,2.027777671813965,1.9444444179534912,1.1411073207855225
26-12-1980,1.9444444179534912,1.9444444179534912,8000.0,2.027777671813965,1.9444444179534912,1.1411073207855225
29-12-1980,1.9444444179534912,1.9444444179534912,46400.0,2.027777671813965,1.9444444179534912,1.1411073207855225
30-12-1980,1.9444444179534912,1.9444444179534912,28800.0,2.027777671813965,1.9444444179534912,1.1411073207855225
31-12-1980,1.9444444179534912,1.9444444179534912,0.0,1.9444444179534912,1.9444444179534912,1.1411073207855225
02-01-1981,1.9444444179534912,1.9444444179534912,3200.0,2.027777671813965,1.9444444179534912,1.1411073207855225
05-01-1981,1.9444444179534912,1.9444444179534912,800.0,2.027777671813965,1.9444444179534912,1.1411073207855225
06-01-1981,1.9444444179534912,1.9444444179534912,22400.0,2.027777671813965,1.9444444179534912,1.1411073207855225
07-01-1981,1.9444444179534912,1.9444444179534912,22400.0,2.027777671813965,1.9444444179534912,1.1411073207855225
08-01-1981,1.9444444179534912,1.9444444179534912,26400.0,2.027777671813965,1.9444444179534912,1.1411073207855225
09-01-1981,2.1111111640930176,2.1111111640930176,86400.0,2.222222328186035,2.1111111640930176,1.238916039466858
12-01-1981,2.1111111640930176,2.1111111640930176,0.0,2.1111111640930176,2.1111111640930176,1.238916039466858
13-01-1981,2.1388888359069824,2.1388888359069824,12000.0,2.222222328186035,2.1388888359069824,1.2552175521850586
14-01-1981,2.1388888359069824,2.1388888359069824,19200.0,2.222222328186035,2.1388888359069824,1.2552175521850586
15-01-1981,2.1388888359069824,2.1388888359069824,29600.0,2.222222328186035,2.1388888359069824,1.2552175521850586
16-01-1981,2.1388888359069824,2.1388888359069824,36000.0,2.25,2.1388888359069824,1.2552175521850586
19-01-1981,2.1388888359069824,2.1388888359069824,26400.0,2.25,2.1388888359069824,1.2552175521850586
20-01-1981,2.1388888359069824,2.1388888359069824,76800.0,2.25,2.1388888359069824,1.2552175521850586
21-01-1981,2.1388888359069824,2.1388888359069824,14400.0,2.222222328186035,2.1388888359069824,1.2552175521850586
22-01-1981,2.1388888359069824,2.1388888359069824,33600.0,2.25,2.1388888359069824,1.2552175521850586
23-01-1981,2.1388888359069824,2.1388888359069824,55200.0,2.25,2.1388888359069824,1.2552175521850586
26-01-1981,2.1388888359069824,2.1388888359069824,108800.0,2.222222328186035,2.1388888359069824,1.2552175521850586
27-01-1981,2.1388888359069824,2.1388888359069824,0.0,2.1388888359069824,2.1388888359069824,1.2552175521850586
28-01-1981,2.1388888359069824,2.1388888359069824,48000.0,2.194444417953491,2.1388888359069824,1.2552175521850586
29-01-1981,2.1388888359069824,2.1388888359069824,12000.0,2.194444417953491,2.1388888359069824,1.2552175521850586
30-01-1981,2.1388888359069824,2.1388888359069824,8000.0,2.194444417953491,2.1388888359069824,1.2552175521850586
02-02-1981,2.1388888359069824,2.1388888359069824,26400.0,2.194444417953491,2.1388888359069824,1.2552175521850586
03-02-1981,2.1388888359069824,2.1388888359069824,80000.0,2.194444417953491,2.1388888359069824,1.2552175521850586
04-02-1981,2.1388888359069824,2.1388888359069824,72000.0,2.194444417953491,2.1388888359069824,1.2552175521850586
05-02-1981,2.1388888359069824,2.1388888359069824,57600.0,2.194444417953491,2.1388888359069824,1.2552175521850586
06-02-1981,2.1388888359069824,2.1388888359069824,7200.0,2.194444417953491,2.1388888359069824,1.2552175521850586
09-02-1981,2.1388888359069824,2.1388888359069824,19200.0,2.194444417953491,2.1388888359069824,1.2552175521850586
10-02-1981,2.1111111640930176,2.1388888359069824,21600.0,2.194444417953491,2.1111111640930176,1.238916039466858
11-02-1981,2.055555582046509,2.1111111640930176,44000.0,2.1388888359069824,2.055555582046509,1.2063133716583252
12-02-1981,2.055555582046509,2.055555582046509,58400.0,2.1388888359069824,2.055555582046509,1.2063133716583252
13-02-1981,2.055555582046509,2.055555582046509,19200.0,2.1388888359069824,2.055555582046509,1.2063133716583252
17-02-1981,2.055555582046509,2.055555582046509,75200.0,2.1388888359069824,2.055555582046509,1.2063133716583252
18-02-1981,2.027777671813965,2.055555582046509,19200.0,2.0833332538604736,2.027777671813965,1.190011978149414
19-02-1981,2.0,2.027777671813965,33600.0,2.055555582046509,2.0,1.1737102270126343
20-02-1981,1.9444444179534912,2.0,32000.0,2.027777671813965,1.9444444179534912,1.1411073207855225
23-02-1981,1.9166666269302368,1.9444444179534912,21600.0,2.0,1.9166666269302368,1.1248058080673218
24-02-1981,1.9166666269302368,1.9166666269302368,3200.0,2.0,1.9166666269302368,1.1248058080673218
25-02-1981,1.9166666269302368,1.9166666269302368,0.0,1.9166666269302368,1.9166666269302368,1.1248058080673218
26-02-1981,1.9166666269302368,1.9166666269302368,19200.0,2.0,1.9166666269302368,1.1248058080673218
27-02-1981,1.8888888359069824,1.9166666269302368,44000.0,1.9722222089767456,1.8888888359069824,1.108504056930542
02-03-1981,1.8888888359069824,1.8888888359069824,8000.0,1.9722222089767456,1.8888888359069824,1.108504056930542
03-03-1981,1.8888888359069824,1.8888888359069824,17600.0,1.9722222089767456,1.8888888359069824,1.108504056930542
04-03-1981,1.8888888359069824,1.8888888359069824,39200.0,1.9722222089767456,1.8888888359069824,1.108504056930542
05-03-1981,1.8888888359069824,1.8888888359069824,3200.0,1.9722222089767456,1.8888888359069824,1.108504056930542
06-03-1981,1.8888888359069824,1.8888888359069824,40800.0,1.9444444179534912,1.8888888359069824,1.108504056930542
09-03-1981,1.8888888359069824,1.8888888359069824,7200.0,1.9444444179534912,1.8888888359069824,1.108504056930542
10-03-1981,1.8888888359069824,1.8888888359069824,800.0,1.9444444179534912,1.8888888359069824,1.108504056930542
11-03-1981,1.8888888359069824,1.8888888359069824,26400.0,1.9444444179534912,1.8888888359069824,1.108504056930542
12-03-1981,1.8888888359069824,1.8888888359069824,68000.0,1.9722222089767456,1.8888888359069824,1.108504056930542
13-03-1981,1.8888888359069824,1.8888888359069824,46400.0,1.9722222089767456,1.8888888359069824,1.108504056930542
16-03-1981,1.8888888359069824,1.8888888359069824,10400.0,1.9722222089767456,1.8888888359069824,1.108504056930542
17-03-1981,1.8888888359069824,1.8888888359069824,14400.0,1.9722222089767456,1.8888888359069824,1.108504056930542
18-03-1981,1.8611111640930176,1.8888888359069824,12000.0,1.9722222089767456,1.8611111640930176,1.0922030210494995
19-03-1981,1.8611111640930176,1.8611111640930176,7200.0,1.9444444179534912,1.8611111640930176,1.0922030210494995
20-03-1981,1.8472222089767456,1.8611111640930176,12000.0,1.9444444179534912,1.8472222089767456,1.0840516090393066
23-03-1981,1.8333333730697632,1.8472222089767456,4800.0,1.9444444179534912,1.8333333730697632,1.075900912284851
24-03-1981,1.8333333730697632,1.8333333730697632,44000.0,1.9166666269302368,1.8333333730697632,1.075900912284851
25-03-1981,1.8333333730697632,1.8333333730697632,800.0,1.9166666269302368,1.8333333730697632,1.075900912284851
26-03-1981,1.8333333730697632,1.8333333730697632,8000.0,1.9166666269302368,1.8333333730697632,1.075900912284851
27-03-1981,1.8333333730697632,1.8333333730697632,3200.0,1.8888888359069824,1.8333333730697632,1.075900912284851
30-03-1981,1.8055555820465088,1.8333333730697632,7200.0,1.8888888359069824,1.8055555820465088,1.0595999956130981
31-03-1981,1.8055555820465088,1.8055555820465088,22400.0,1.8611111640930176,1.8055555820465088,1.0595999956130981
01-04-1981,1.7777777910232544,1.8055555820465088,12000.0,1.8611111640930176,1.7777777910232544,1.0432984828948975
02-04-1981,1.8055555820465088,1.8055555820465088,15200.0,1.8888888359069824,1.8055555820465088,1.0595999956130981
03-04-1981,1.8055555820465088,1.8055555820465088,4800.0,1.8888888359069824,1.8055555820465088,1.0595999956130981
06-04-1981,1.8055555820465088,1.8055555820465088,12000.0,1.8888888359069824,1.8055555820465088,1.0595999956130981
07-04-1981,1.8333333730697632,1.8333333730697632,36000.0,1.8888888359069824,1.8333333730697632,1.075900912284851
08-04-1981,1.8333333730697632,1.8333333730697632,75200.0,1.8888888359069824,1.8333333730697632,1.075900912284851
09-04-1981,1.8333333730697632,1.8333333730697632,28800.0,1.9166666269302368,1.8333333730697632,1.075900912284851
10-04-1981,1.8611111640930176,1.8611111640930176,72000.0,1.9166666269302368,1.8611111640930176,1.0922030210494995
13-04-1981,1.8611111640930176,1.8611111640930176,19200.0,1.9166666269302368,1.8611111640930176,1.0922030210494995
14-04-1981,1.8611111640930176,1.8611111640930176,21600.0,1.9166666269302368,1.8611111640930176,1.0922030210494995
15-04-1981,1.8611111640930176,1.8611111640930176,19200.0,1.9166666269302368,1.8611111640930176,1.0922030210494995
16-04-1981,1.8611111640930176,1.8611111640930176,58400.0,1.9166666269302368,1.8611111640930176,1.0922030210494995
20-04-1981,1.8611111640930176,1.8611111640930176,33600.0,1.9166666269302368,1.8611111640930176,1.0922030210494995
21-04-1981,1.8611111640930176,1.8611111640930176,24800.0,1.9166666269302368,1.8611111640930176,1.0922030210494995
22-04-1981,1.8611111640930176,1.8611111640930176,123200.0,1.9166666269302368,1.8611111640930176,1.0922030210494995
23-04-1981,1.8611111640930176,1.8611111640930176,598400.0,1.9166666269302368,1.8611111640930176,1.0922030210494995
24-04-1981,1.8611111640930176,1.8611111640930176,224000.0,1.9166666269302368,1.8611111640930176,1.0922030210494995
27-04-1981,1.8611111640930176,1.8611111640930176,96800.0,1.9166666269302368,1.8611111640930176,1.0922030210494995
28-04-1981,1.8888888359069824,1.8888888359069824,22400.0,1.9444444179534912,1.8888888359069824,1.108504056930542
29-04-1981,1.8888888359069824,1.8888888359069824,8000.0,1.9444444179534912,1.8888888359069824,1.108504056930542
30-04-1981,1.8888888359069824,1.8888888359069824,32000.0,1.9444444179534912,1.8888888359069824,1.108504056930542
01-05-1981,1.8888888359069824,1.8888888359069824,14400.0,1.9444444179534912,1.8888888359069824,1.108504056930542
04-05-1981,1.8888888359069824,1.8888888359069824,8000.0,1.9444444179534912,1.8888888359069824,1.108504056930542
05-05-1981,1.8888888359069824,1.8888888359069824,3200.0,1.9444444179534912,1.8888888359069824,1.108504056930542
06-05-1981,1.8888888359069824,1.8888888359069824,4800.0,1.9444444179534912,1.8888888359069824,1.108504056930542
07-05-1981,1.8888888359069824,1.8888888359069824,0.0,1.8888888359069824,1.8888888359069824,1.108504056930542
08-05-1981,1.8888888359069824,1.8888888359069824,19200.0,1.9444444179534912,1.8888888359069824,1.108504056930542
11-05-1981,1.8888888359069824,1.8888888359069824,4800.0,1.9444444179534912,1.8888888359069824,1.108504056930542
12-05-1981,1.8888888359069824,1.8888888359069824,8000.0,1.9444444179534912,1.8888888359069824,1.108504056930542
13-05-1981,1.8888888359069824,1.8888888359069824,3200.0,1.9444444179534912,1.8888888359069824,1.108504056930542
14-05-1981,1.8888888359069824,1.8888888359069824,4800.0,1.9444444179534912,1.8888888359069824,1.108504056930542
15-05-1981,1.8888888359069824,1.8888888359069824,0.0,1.8888888359069824,1.8888888359069824,1.108504056930542
18-05-1981,1.8888888359069824,1.8888888359069824,3200.0,1.9444444179534912,1.8888888359069824,1.108504056930542
19-05-1981,1.8888888359069824,1.8888888359069824,93600.0,1.9444444179534912,1.8888888359069824,1.108504056930542
20-05-1981,1.8888888359069824,1.8888888359069824,36000.0,1.9444444179534912,1.8888888359069824,1.108504056930542
21-05-1981,1.8888888359069824,1.8888888359069824,800.0,1.9444444179534912,1.8888888359069824,1.108504056930542
22-05-1981,1.8888888359069824,1.8888888359069824,0.0,1.8888888359069824,1.8888888359069824,1.108504056930542
26-05-1981,1.8888888359069824,1.8888888359069824,0.0,1.8888888359069824,1.8888888359069824,1.108504056930542
27-05-1981,1.8888888359069824,1.8888888359069824,51200.0,1.9444444179534912,1.8888888359069824,1.108504056930542
28-05-1981,1.8888888359069824,1.8888888359069824,17600.0,1.9444444179534912,1.8888888359069824,1.108504056930542
29-05-1981,1.8888888359069824,1.8888888359069824,12000.0,1.9444444179534912,1.8888888359069824,1.108504056930542
01-06-1981,1.8888888359069824,1.8888888359069824,40800.0,1.9444444179534912,1.8888888359069824,1.108504056930542
02-06-1981,1.8888888359069824,1.8888888359069824,19200.0,1.9444444179534912,1.8888888359069824,1.108504056930542
03-06-1981,1.8888888359069824,1.8888888359069824,8000.0,1.9444444179534912,1.8888888359069824,1.108504056930542
04-06-1981,1.8888888359069824,1.8888888359069824,800.0,1.9444444179534912,1.8888888359069824,1.108504056930542
05-06-1981,1.8888888359069824,1.8888888359069824,800.0,1.9444444179534912,1.8888888359069824,1.108504056930542
08-06-1981,1.8888888359069824,1.8888888359069824,36000.0,1.9444444179534912,1.8888888359069824,1.108504056930542
09-06-1981,1.8888888359069824,1.8888888359069824,21600.0,1.9444444179534912,1.8888888359069824,1.108504056930542
10-06-1981,1.8888888359069824,1.8888888359069824,17600.0,1.9444444179534912,1.8888888359069824,1.108504056930542
11-06-1981,1.8888888359069824,1.8888888359069824,32000.0,1.9444444179534912,1.8888888359069824,1.108504056930542
12-06-1981,1.8888888359069824,1.8888888359069824,28800.0,1.9444444179534912,1.8888888359069824,1.108504056930542
15-06-1981,1.8888888359069824,1.8888888359069824,800.0,1.9444444179534912,1.8888888359069824,1.108504056930542
16-06-1981,1.8888888359069824,1.8888888359069824,7200.0,1.9444444179534912,1.8888888359069824,1.108504056930542
17-06-1981,1.8888888359069824,1.8888888359069824,800.0,1.9444444179534912,1.8888888359069824,1.108504056930542
18-06-1981,1.8888888359069824,1.8888888359069824,8000.0,1.9444444179534912,1.8888888359069824,1.108504056930542
19-06-1981,1.8888888359069824,1.8888888359069824,72800.0,1.9444444179534912,1.8888888359069824,1.108504056930542
22-06-1981,1.8888888359069824,1.8888888359069824,24800.0,1.9444444179534912,1.8888888359069824,1.108504056930542
23-06-1981,1.8888888359069824,1.8888888359069824,12000.0,1.9444444179534912,1.8888888359069824,1.108504056930542
24-06-1981,1.8888888359069824,1.8888888359069824,57600.0,1.9444444179534912,1.8888888359069824,1.108504056930542
25-06-1981,1.8333333730697632,1.8888888359069824,17600.0,1.9444444179534912,1.8333333730697632,1.075900912284851
26-06-1981,1.8055555820465088,1.8333333730697632,39200.0,1.8888888359069824,1.8055555820465088,1.0595999956130981
29-06-1981,1.7777777910232544,1.8055555820465088,12000.0,1.8611111640930176,1.7777777910232544,1.0432984828948975
30-06-1981,1.75,1.7777777910232544,8000.0,1.8333333730697632,1.75,1.0269958972930908
01-07-1981,1.75,1.75,0.0,1.75,1.75,1.0269958972930908
02-07-1981,1.75,1.75,0.0,1.75,1.75,1.0269958972930908
06-07-1981,1.6944444179534912,1.75,17600.0,1.7777777910232544,1.6944444179534912,0.9943936467170715
07-07-1981,1.6388888359069824,1.6944444179534912,36000.0,1.7222222089767456,1.6388888359069824,0.9617902040481567
08-07-1981,1.6388888359069824,1.6388888359069824,4800.0,1.7222222089767456,1.6388888359069824,0.9617902040481567
09-07-1981,1.6111111640930176,1.6388888359069824,43200.0,1.6944444179534912,1.6111111640930176,0.9454883337020874
10-07-1981,1.5833333730697632,1.6111111640930176,28800.0,1.6666666269302368,1.5833333730697632,0.9291872382164001
13-07-1981,1.5833333730697632,1.5833333730697632,4800.0,1.6666666269302368,1.5833333730697632,0.9291872382164001
14-07-1981,1.5833333730697632,1.5833333730697632,32000.0,1.6666666269302368,1.5833333730697632,0.9291872382164001
15-07-1981,1.5833333730697632,1.5833333730697632,0.0,1.5833333730697632,1.5833333730697632,0.9291872382164001
16-07-1981,1.5555555820465088,1.5833333730697632,39200.0,1.6666666269302368,1.5555555820465088,0.9128856658935547
17-07-1981,1.4444444179534912,1.4722222089767456,44000.0,1.4722222089767456,1.4444444179534912,0.8476795554161072
20-07-1981,1.3611111640930176,1.4444444179534912,12000.0,1.4444444179534912,1.3611111640930176,0.7987748980522156
21-07-1981,1.3611111640930176,1.3611111640930176,8000.0,1.4444444179534912,1.3611111640930176,0.7987748980522156
22-07-1981,1.3611111640930176,1.3611111640930176,3200.0,1.4444444179534912,1.3611111640930176,0.7987748980522156
23-07-1981,1.3611111640930176,1.3611111640930176,39200.0,1.4444444179534912,1.3611111640930176,0.7987748980522156
24-07-1981,1.3611111640930176,1.3611111640930176,19200.0,1.4444444179534912,1.3611111640930176,0.7987748980522156
27-07-1981,1.4444444179534912,1.4444444179534912,10400.0,1.5277777910232544,1.4444444179534912,0.8476795554161072
28-07-1981,1.4722222089767456,1.4722222089767456,4800.0,1.5277777910232544,1.4722222089767456,0.8639814257621765
29-07-1981,1.4722222089767456,1.4722222089767456,3200.0,1.5555555820465088,1.4722222089767456,0.8639814257621765
30-07-1981,1.4722222089767456,1.4722222089767456,0.0,1.4722222089767456,1.4722222089767456,0.8639814257621765
31-07-1981,1.5,1.5,19200.0,1.5833333730697632,1.5,0.8802825808525085
03-08-1981,1.5,1.5,8000.0,1.5833333730697632,1.5,0.8802825808525085
04-08-1981,1.5,1.5,53600.0,1.5833333730697632,1.5,0.8802825808525085
05-08-1981,1.5,1.5,800.0,1.6111111640930176,1.5,0.8802825808525085
06-08-1981,1.5,1.5,0.0,1.5,1.5,0.8802825808525085
07-08-1981,1.3611111640930176,1.4166666269302368,60800.0,1.4166666269302368,1.3611111640930176,0.7987748980522156
10-08-1981,1.3611111640930176,1.3611111640930176,0.0,1.3611111640930176,1.3611111640930176,0.7987748980522156
11-08-1981,1.3333333730697632,1.3611111640930176,230400.0,1.4166666269302368,1.3333333730697632,0.7824734449386597
12-08-1981,1.3333333730697632,1.3333333730697632,75200.0,1.4166666269302368,1.3333333730697632,0.7824734449386597
13-08-1981,1.3333333730697632,1.3333333730697632,17600.0,1.4166666269302368,1.3333333730697632,0.7824734449386597
14-08-1981,1.3333333730697632,1.3333333730697632,7200.0,1.3888888359069824,1.3333333730697632,0.7824734449386597
17-08-1981,1.3055555820465088,1.3333333730697632,19200.0,1.3888888359069824,1.3055555820465088,0.766171932220459
18-08-1981,1.2777777910232544,1.3055555820465088,3200.0,1.3611111640930176,1.2777777910232544,0.7498703002929688
19-08-1981,1.25,1.2777777910232544,14400.0,1.3333333730697632,1.25,0.7335691452026367
20-08-1981,1.25,1.25,3200.0,1.3333333730697632,1.25,0.7335691452026367
21-08-1981,1.25,1.25,17600.0,1.3333333730697632,1.25,0.7335691452026367
24-08-1981,1.1944444179534912,1.25,10400.0,1.3055555820465088,1.1944444179534912,0.700965940952301
25-08-1981,1.1388888359069824,1.1944444179534912,32000.0,1.2222222089767456,1.1388888359069824,0.6683626770973206
26-08-1981,1.1111111640930176,1.1388888359069824,8000.0,1.1944444179534912,1.1111111640930176,0.6520612239837646
27-08-1981,1.1111111640930176,1.1111111640930176,0.0,1.1111111640930176,1.1111111640930176,0.6520612239837646
28-08-1981,1.1111111640930176,1.1111111640930176,33600.0,1.1944444179534912,1.1111111640930176,0.6520612239837646
31-08-1981,1.1111111640930176,1.1111111640930176,19200.0,1.1944444179534912,1.1111111640930176,0.6520612239837646
01-09-1981,1.1111111640930176,1.1111111640930176,22400.0,1.1944444179534912,1.1111111640930176,0.6520612239837646
02-09-1981,1.1111111640930176,1.1111111640930176,3200.0,1.1944444179534912,1.1111111640930176,0.6520612239837646
03-09-1981,1.1111111640930176,1.1111111640930176,24800.0,1.1944444179534912,1.1111111640930176,0.6520612239837646
04-09-1981,1.1111111640930176,1.1111111640930176,0.0,1.1111111640930176,1.1111111640930176,0.6520612239837646
08-09-1981,1.0833333730697632,1.1111111640930176,4800.0,1.1666666269302368,1.0833333730697632,0.6357598304748535
09-09-1981,1.0277777910232544,1.0833333730697632,144000.0,1.1111111640930176,1.0277777910232544,0.6031566858291626
10-09-1981,1.0277777910232544,1.0277777910232544,17600.0,1.1111111640930176,1.0277777910232544,0.6031566858291626
11-09-1981,1.0277777910232544,1.0277777910232544,12000.0,1.1111111640930176,1.0277777910232544,0.6031566858291626
14-09-1981,1.0277777910232544,1.0277777910232544,17600.0,1.1111111640930176,1.0277777910232544,0.6031566858291626
15-09-1981,1.0277777910232544,1.0277777910232544,10400.0,1.1111111640930176,1.0277777910232544,0.6031566858291626
16-09-1981,1.0555555820465088,1.0555555820465088,10400.0,1.1111111640930176,1.0555555820465088,0.619458019733429
17-09-1981,1.0555555820465088,1.0555555820465088,8000.0,1.1111111640930176,1.0555555820465088,0.619458019733429
18-09-1981,1.0555555820465088,1.0555555820465088,36000.0,1.1388888359069824,1.0555555820465088,0.619458019733429
21-09-1981,1.0833333730697632,1.0833333730697632,111200.0,1.1388888359069824,1.0833333730697632,0.6357598304748535
22-09-1981,1.0833333730697632,1.0833333730697632,28800.0,1.1388888359069824,1.0833333730697632,0.6357598304748535
23-09-1981,1.0833333730697632,1.0833333730697632,0.0,1.0833333730697632,1.0833333730697632,0.6357598304748535
24-09-1981,1.0833333730697632,1.0833333730697632,21600.0,1.1666666269302368,1.0833333730697632,0.6357598304748535
25-09-1981,1.0833333730697632,1.0833333730697632,28800.0,1.1388888359069824,1.0833333730697632,0.6357598304748535
28-09-1981,1.0833333730697632,1.0833333730697632,4800.0,1.1388888359069824,1.0833333730697632,0.6357598304748535
29-09-1981,1.0555555820465088,1.0833333730697632,28800.0,1.1388888359069824,1.0555555820465088,0.619458019733429
30-09-1981,1.0694444179534912,1.0694444179534912,3200.0,1.1388888359069824,1.0694444179534912,0.6276087760925293
01-10-1981,1.0694444179534912,1.0694444179534912,8000.0,1.1388888359069824,1.0694444179534912,0.6276087760925293
02-10-1981,1.0833333730697632,1.0833333730697632,4800.0,1.1388888359069824,1.0833333730697632,0.6357598304748535
05-10-1981,1.0833333730697632,1.0833333730697632,80000.0,1.1388888359069824,1.0833333730697632,0.6357598304748535
06-10-1981,1.0833333730697632,1.0833333730697632,800.0,1.1388888359069824,1.0833333730697632,0.6357598304748535
07-10-1981,1.0833333730697632,1.0833333730697632,10400.0,1.1388888359069824,1.0833333730697632,0.6357598304748535
08-10-1981,1.0833333730697632,1.0833333730697632,96800.0,1.1388888359069824,1.0833333730697632,0.6357598304748535
09-10-1981,1.0833333730697632,1.0833333730697632,10400.0,1.1388888359069824,1.0833333730697632,0.6357598304748535
12-10-1981,1.0833333730697632,1.0833333730697632,800.0,1.1388888359069824,1.0833333730697632,0.6357598304748535
13-10-1981,1.0833333730697632,1.0833333730697632,17600.0,1.1388888359069824,1.0833333730697632,0.6357598304748535
14-10-1981,1.0833333730697632,1.0833333730697632,3200.0,1.1388888359069824,1.0833333730697632,0.6357598304748535
15-10-1981,1.0833333730697632,1.0833333730697632,3200.0,1.1388888359069824,1.0833333730697632,0.6357598304748535
16-10-1981,1.0833333730697632,1.0833333730697632,327200.0,1.1388888359069824,1.0833333730697632,0.6357598304748535
19-10-1981,1.0833333730697632,1.0833333730697632,28800.0,1.1388888359069824,1.0833333730697632,0.6357598304748535
20-10-1981,1.0833333730697632,1.0833333730697632,36000.0,1.1388888359069824,1.0833333730697632,0.6357598304748535
21-10-1981,1.0833333730697632,1.0833333730697632,22400.0,1.1388888359069824,1.0833333730697632,0.6357598304748535
22-10-1981,1.0833333730697632,1.0833333730697632,22400.0,1.1388888359069824,1.0833333730697632,0.6357598304748535
23-10-1981,1.0833333730697632,1.0833333730697632,19200.0,1.1388888359069824,1.0833333730697632,0.6357598304748535
26-10-1981,1.0833333730697632,1.0833333730697632,3200.0,1.1388888359069824,1.0833333730697632,0.6357598304748535
27-10-1981,1.0833333730697632,1.0833333730697632,36800.0,1.1388888359069824,1.0833333730697632,0.6357598304748535
28-10-1981,1.0833333730697632,1.0833333730697632,86400.0,1.1388888359069824,1.0833333730697632,0.6357598304748535
29-10-1981,1.0833333730697632,1.0833333730697632,7200.0,1.1388888359069824,1.0833333730697632,0.6357598304748535
30-10-1981,1.0833333730697632,1.0833333730697632,3200.0,1.1388888359069824,1.0833333730697632,0.6357598304748535
02-11-1981,1.0833333730697632,1.0833333730697632,12000.0,1.1388888359069824,1.0833333730697632,0.6357598304748535
03-11-1981,1.0833333730697632,1.0833333730697632,19200.0,1.1388888359069824,1.0833333730697632,0.6357598304748535
04-11-1981,1.0833333730697632,1.0833333730697632,26400.0,1.1388888359069824,1.0833333730697632,0.6357598304748535
05-11-1981,1.0833333730697632,1.0833333730697632,10400.0,1.1388888359069824,1.0833333730697632,0.6357598304748535
06-11-1981,1.0833333730697632,1.0833333730697632,0.0,1.0833333730697632,1.0833333730697632,0.6357598304748535
09-11-1981,1.0833333730697632,1.0833333730697632,28800.0,1.1388888359069824,1.0833333730697632,0.6357598304748535
10-11-1981,1.0833333730697632,1.0833333730697632,10400.0,1.1388888359069824,1.0833333730697632,0.6357598304748535
11-11-1981,1.0833333730697632,1.0833333730697632,800.0,1.1388888359069824,1.0833333730697632,0.6357598304748535
12-11-1981,1.0833333730697632,1.0833333730697632,0.0,1.0833333730697632,1.0833333730697632,0.6357598304748535
13-11-1981,1.0833333730697632,1.0833333730697632,0.0,1.0833333730697632,1.0833333730697632,0.6357598304748535
16-11-1981,1.0833333730697632,1.0833333730697632,0.0,1.0833333730697632,1.0833333730697632,0.6357598304748535
17-11-1981,1.0833333730697632,1.0833333730697632,28800.0,1.1388888359069824,1.0833333730697632,0.6357598304748535
18-11-1981,1.0833333730697632,1.0833333730697632,3200.0,1.1388888359069824,1.0833333730697632,0.6357598304748535
19-11-1981,1.0833333730697632,1.0833333730697632,176000.0,1.1388888359069824,1.0833333730697632,0.6357598304748535
20-11-1981,1.0833333730697632,1.0833333730697632,158400.0,1.1388888359069824,1.0833333730697632,0.6357598304748535
23-11-1981,1.0833333730697632,1.0833333730697632,12000.0,1.1388888359069824,1.0833333730697632,0.6357598304748535
24-11-1981,1.0833333730697632,1.0833333730697632,26400.0,1.1388888359069824,1.0833333730697632,0.6357598304748535
25-11-1981,1.0833333730697632,1.0833333730697632,32000.0,1.1388888359069824,1.0833333730697632,0.6357598304748535
27-11-1981,1.0833333730697632,1.0833333730697632,17600.0,1.1388888359069824,1.0833333730697632,0.6357598304748535
30-11-1981,1.0833333730697632,1.0833333730697632,14400.0,1.1388888359069824,1.0833333730697632,0.6357598304748535
01-12-1981,1.0277777910232544,1.0833333730697632,36800.0,1.1111111640930176,1.0277777910232544,0.6031566858291626
02-12-1981,1.0277777910232544,1.0277777910232544,228000.0,1.1111111640930176,1.0277777910232544,0.6031566858291626
03-12-1981,1.0555555820465088,1.0555555820465088,201600.0,1.1111111640930176,1.0555555820465088,0.619458019733429
04-12-1981,1.0555555820465088,1.0555555820465088,8000.0,1.1111111640930176,1.0555555820465088,0.619458019733429
07-12-1981,1.0277777910232544,1.0555555820465088,33600.0,1.1111111640930176,1.0277777910232544,0.6031566858291626
08-12-1981,1.0,1.0277777910232544,36800.0,1.0833333730697632,1.0,0.5868551135063171
09-12-1981,0.9722222089767456,1.0,111200.0,1.0555555820465088,0.9722222089767456,0.5705536603927612
10-12-1981,0.9722222089767456,0.9722222089767456,800.0,1.0555555820465088,0.9722222089767456,0.5705536603927612
11-12-1981,0.9166666865348816,0.9722222089767456,39200.0,1.0,0.9166666865348816,0.5379504561424255
14-12-1981,0.9166666865348816,0.9166666865348816,46400.0,1.0,0.9166666865348816,0.5379504561424255
15-12-1981,0.9166666865348816,0.9166666865348816,24800.0,1.0,0.9166666865348816,0.5379504561424255
16-12-1981,0.9166666865348816,0.9166666865348816,48000.0,1.0,0.9166666865348816,0.5379504561424255
17-12-1981,0.8888888955116272,0.9166666865348816,26400.0,1.0,0.8888888955116272,0.5216492414474487
18-12-1981,0.9166666865348816,0.9166666865348816,176000.0,1.0,0.9166666865348816,0.5379504561424255
21-12-1981,0.9444444179534912,0.9444444179534912,3200.0,1.0,0.9444444179534912,0.554252028465271
22-12-1981,0.9444444179534912,0.9444444179534912,10400.0,1.0,0.9444444179534912,0.554252028465271
23-12-1981,0.9444444179534912,0.9444444179534912,94400.0,1.0277777910232544,0.9444444179534912,0.554252028465271
24-12-1981,0.9444444179534912,0.9444444179534912,96800.0,1.0277777910232544,0.9444444179534912,0.554252028465271
28-12-1981,0.9444444179534912,0.9444444179534912,26400.0,1.0277777910232544,0.9444444179534912,0.554252028465271
29-12-1981,0.9722222089767456,0.9722222089767456,48000.0,1.0833333730697632,0.9722222089767456,0.5705536603927612
30-12-1981,1.0,1.0,3200.0,1.0833333730697632,1.0,0.5868551135063171
31-12-1981,1.0277777910232544,1.0277777910232544,48000.0,1.1111111640930176,1.0277777910232544,0.6031566858291626
04-01-1982,1.0555555820465088,1.0555555820465088,12000.0,1.1111111640930176,1.0555555820465088,0.619458019733429
05-01-1982,1.0555555820465088,1.0555555820465088,800.0,1.1111111640930176,1.0555555820465088,0.619458019733429
06-01-1982,1.0555555820465088,1.0555555820465088,26400.0,1.1388888359069824,1.0555555820465088,0.619458019733429
07-01-1982,1.1111111640930176,1.1111111640930176,48000.0,1.1944444179534912,1.1111111640930176,0.6520612239837646
08-01-1982,1.1388888359069824,1.1388888359069824,24800.0,1.2222222089767456,1.1388888359069824,0.6683626770973206
11-01-1982,1.1388888359069824,1.1388888359069824,19200.0,1.2222222089767456,1.1388888359069824,0.6683626770973206
12-01-1982,1.1944444179534912,1.1944444179534912,65600.0,1.2222222089767456,1.1944444179534912,0.700965940952301
13-01-1982,1.2222222089767456,1.2222222089767456,60800.0,1.3055555820465088,1.2222222089767456,0.7172670960426331
14-01-1982,1.25,1.25,19200.0,1.3333333730697632,1.25,0.7335691452026367
15-01-1982,1.2777777910232544,1.2777777910232544,28800.0,1.3611111640930176,1.2777777910232544,0.7498703002929688
18-01-1982,1.25,1.2777777910232544,64800.0,1.3333333730697632,1.25,0.7335691452026367
19-01-1982,1.2222222089767456,1.25,21600.0,1.3055555820465088,1.2222222089767456,0.7172670960426331
20-01-1982,1.2222222089767456,1.2222222089767456,14400.0,1.3055555820465088,1.2222222089767456,0.7172670960426331
21-01-1982,1.2222222089767456,1.2222222089767456,4800.0,1.3055555820465088,1.2222222089767456,0.7172670960426331
22-01-1982,1.2222222089767456,1.2222222089767456,800.0,1.3055555820465088,1.2222222089767456,0.7172670960426331
25-01-1982,1.2222222089767456,1.2222222089767456,22400.0,1.2777777910232544,1.2222222089767456,0.7172670960426331
26-01-1982,1.1666666269302368,1.2222222089767456,79200.0,1.25,1.1666666269302368,0.6846641302108765
27-01-1982,1.1666666269302368,1.1666666269302368,10400.0,1.25,1.1666666269302368,0.6846641302108765
28-01-1982,1.1944444179534912,1.1944444179534912,10400.0,1.2777777910232544,1.1944444179534912,0.700965940952301
29-01-1982,1.25,1.25,24800.0,1.3333333730697632,1.25,0.7335691452026367
01-02-1982,1.2222222089767456,1.25,55200.0,1.3055555820465088,1.2222222089767456,0.7172670960426331
02-02-1982,1.2222222089767456,1.2222222089767456,0.0,1.2222222089767456,1.2222222089767456,0.7172670960426331
03-02-1982,1.2222222089767456,1.2222222089767456,4800.0,1.3055555820465088,1.2222222089767456,0.7172670960426331
04-02-1982,1.25,1.25,3200.0,1.3055555820465088,1.25,0.7335691452026367
05-02-1982,1.25,1.25,4800.0,1.3055555820465088,1.25,0.7335691452026367
08-02-1982,1.2222222089767456,1.25,21600.0,1.3055555820465088,1.2222222089767456,0.7172670960426331
09-02-1982,1.1666666269302368,1.2222222089767456,22400.0,1.2222222089767456,1.1666666269302368,0.6846641302108765
10-02-1982,1.1111111640930176,1.1666666269302368,15200.0,1.1944444179534912,1.1111111640930176,0.6520612239837646
11-02-1982,1.0833333730697632,1.1111111640930176,10400.0,1.1666666269302368,1.0833333730697632,0.6357598304748535
12-02-1982,1.0833333730697632,1.0833333730697632,29600.0,1.1666666269302368,1.0833333730697632,0.6357598304748535
16-02-1982,1.0555555820465088,1.0833333730697632,3200.0,1.1666666269302368,1.0555555820465088,0.619458019733429
17-02-1982,1.0555555820465088,1.0555555820465088,4800.0,1.1666666269302368,1.0555555820465088,0.619458019733429
18-02-1982,1.0555555820465088,1.0555555820465088,4800.0,1.1666666269302368,1.0555555820465088,0.619458019733429
19-02-1982,1.0555555820465088,1.0555555820465088,0.0,1.0555555820465088,1.0555555820465088,0.619458019733429
22-02-1982,1.0555555820465088,1.0555555820465088,800.0,1.1666666269302368,1.0555555820465088,0.619458019733429
23-02-1982,1.0277777910232544,1.0555555820465088,50400.0,1.1388888359069824,1.0277777910232544,0.6031566858291626
24-02-1982,1.0277777910232544,1.0277777910232544,7200.0,1.1388888359069824,1.0277777910232544,0.6031566858291626
25-02-1982,1.0277777910232544,1.0277777910232544,3200.0,1.1388888359069824,1.0277777910232544,0.6031566858291626
26-02-1982,1.0277777910232544,1.0277777910232544,0.0,1.0277777910232544,1.0277777910232544,0.6031566858291626
01-03-1982,1.0277777910232544,1.0277777910232544,17600.0,1.1388888359069824,1.0277777910232544,0.6031566858291626
02-03-1982,1.0277777910232544,1.0277777910232544,4800.0,1.1388888359069824,1.0277777910232544,0.6031566858291626
03-03-1982,1.0277777910232544,1.0277777910232544,3200.0,1.1388888359069824,1.0277777910232544,0.6031566858291626
04-03-1982,1.0277777910232544,1.0277777910232544,800.0,1.1111111640930176,1.0277777910232544,0.6031566858291626
05-03-1982,1.0277777910232544,1.0277777910232544,19200.0,1.1111111640930176,1.0277777910232544,0.6031566858291626
08-03-1982,1.0,1.0277777910232544,21600.0,1.0833333730697632,1.0,0.5868551135063171
09-03-1982,1.0,1.0,8000.0,1.0833333730697632,1.0,0.5868551135063171
10-03-1982,1.0,1.0,0.0,1.0,1.0,0.5868551135063171
11-03-1982,0.9722222089767456,1.0,10400.0,1.0555555820465088,0.9722222089767456,0.5705536603927612
12-03-1982,0.9722222089767456,0.9722222089767456,24800.0,1.0555555820465088,0.9722222089767456,0.5705536603927612
15-03-1982,0.9722222089767456,0.9722222089767456,12000.0,1.0277777910232544,0.9722222089767456,0.5705536603927612
16-03-1982,0.9722222089767456,0.9722222089767456,190400.0,1.0277777910232544,0.9722222089767456,0.5705536603927612
17-03-1982,0.9722222089767456,0.9722222089767456,7200.0,1.0277777910232544,0.9722222089767456,0.5705536603927612
18-03-1982,0.9722222089767456,0.9722222089767456,0.0,0.9722222089767456,0.9722222089767456,0.5705536603927612
19-03-1982,0.9722222089767456,0.9722222089767456,0.0,0.9722222089767456,0.9722222089767456,0.5705536603927612
22-03-1982,1.0,1.0,4800.0,1.0833333730697632,1.0,0.5868551135063171
23-03-1982,1.0,1.0,4800.0,1.1111111640930176,1.0,0.5868551135063171
24-03-1982,1.0277777910232544,1.0277777910232544,4800.0,1.1111111640930176,1.0277777910232544,0.6031566858291626
25-03-1982,1.0277777910232544,1.0277777910232544,36800.0,1.1388888359069824,1.0277777910232544,0.6031566858291626
26-03-1982,1.1111111640930176,1.1111111640930176,12000.0,1.1666666269302368,1.1111111640930176,0.6520612239837646
29-03-1982,1.1111111640930176,1.1111111640930176,10400.0,1.1666666269302368,1.1111111640930176,0.6520612239837646
30-03-1982,1.1111111640930176,1.1111111640930176,57600.0,1.1666666269302368,1.1111111640930176,0.6520612239837646
31-03-1982,1.1111111640930176,1.1111111640930176,0.0,1.1111111640930176,1.1111111640930176,0.6520612239837646
01-04-1982,1.1111111640930176,1.1111111640930176,800.0,1.1666666269302368,1.1111111640930176,0.6520612239837646
02-04-1982,1.1111111640930176,1.1111111640930176,0.0,1.1111111640930176,1.1111111640930176,0.6520612239837646
05-04-1982,1.1111111640930176,1.1111111640930176,8000.0,1.1666666269302368,1.1111111640930176,0.6520612239837646
06-04-1982,1.1111111640930176,1.1111111640930176,26400.0,1.1666666269302368,1.1111111640930176,0.6520612239837646
07-04-1982,1.1111111640930176,1.1111111640930176,12000.0,1.1666666269302368,1.1111111640930176,0.6520612239837646
08-04-1982,1.1111111640930176,1.1111111640930176,10400.0,1.1666666269302368,1.1111111640930176,0.6520612239837646
12-04-1982,1.1111111640930176,1.1111111640930176,8000.0,1.1666666269302368,1.1111111640930176,0.6520612239837646
13-04-1982,1.1111111640930176,1.1111111640930176,19200.0,1.1666666269302368,1.1111111640930176,0.6520612239837646
14-04-1982,1.1111111640930176,1.1111111640930176,0.0,1.1111111640930176,1.1111111640930176,0.6520612239837646
15-04-1982,1.1111111640930176,1.1111111640930176,4800.0,1.1666666269302368,1.1111111640930176,0.6520612239837646
16-04-1982,1.1111111640930176,1.1111111640930176,19200.0,1.1666666269302368,1.1111111640930176,0.6520612239837646
19-04-1982,1.1388888359069824,1.1388888359069824,50400.0,1.1666666269302368,1.1388888359069824,0.6683626770973206
20-04-1982,1.1388888359069824,1.1388888359069824,3200.0,1.1666666269302368,1.1388888359069824,0.6683626770973206
21-04-1982,1.1388888359069824,1.1388888359069824,0.0,1.1388888359069824,1.1388888359069824,0.6683626770973206
22-04-1982,1.1388888359069824,1.1388888359069824,24800.0,1.1666666269302368,1.1388888359069824,0.6683626770973206
23-04-1982,1.1111111640930176,1.1388888359069824,17600.0,1.1666666269302368,1.1111111640930176,0.6520612239837646
26-04-1982,1.1111111640930176,1.1111111640930176,44000.0,1.1666666269302368,1.1111111640930176,0.6520612239837646
27-04-1982,1.1111111640930176,1.1111111640930176,0.0,1.1111111640930176,1.1111111640930176,0.6520612239837646
28-04-1982,1.1111111640930176,1.1111111640930176,800.0,1.1666666269302368,1.1111111640930176,0.6520612239837646
29-04-1982,1.1111111640930176,1.1111111640930176,22400.0,1.1666666269302368,1.1111111640930176,0.6520612239837646
30-04-1982,1.1111111640930176,1.1111111640930176,800.0,1.1666666269302368,1.1111111640930176,0.6520612239837646
03-05-1982,1.1111111640930176,1.1111111640930176,24800.0,1.1666666269302368,1.1111111640930176,0.6520612239837646
04-05-1982,1.1111111640930176,1.1111111640930176,4800.0,1.1666666269302368,1.1111111640930176,0.6520612239837646
05-05-1982,1.0833333730697632,1.1111111640930176,4800.0,1.1666666269302368,1.0833333730697632,0.6357598304748535
06-05-1982,1.0833333730697632,1.0833333730697632,0.0,1.0833333730697632,1.0833333730697632,0.6357598304748535
07-05-1982,1.0833333730697632,1.0833333730697632,3200.0,1.1666666269302368,1.0833333730697632,0.6357598304748535
10-05-1982,1.0555555820465088,1.0833333730697632,29600.0,1.1388888359069824,1.0555555820465088,0.619458019733429
11-05-1982,1.0555555820465088,1.0555555820465088,0.0,1.0555555820465088,1.0555555820465088,0.619458019733429
12-05-1982,1.0555555820465088,1.0555555820465088,4800.0,1.1388888359069824,1.0555555820465088,0.619458019733429
13-05-1982,1.0555555820465088,1.0555555820465088,55200.0,1.1388888359069824,1.0555555820465088,0.619458019733429
14-05-1982,1.0555555820465088,1.0555555820465088,21600.0,1.1111111640930176,1.0555555820465088,0.619458019733429
17-05-1982,1.0555555820465088,1.0555555820465088,0.0,1.0555555820465088,1.0555555820465088,0.619458019733429
18-05-1982,1.0277777910232544,1.0555555820465088,60800.0,1.0833333730697632,1.0277777910232544,0.6031566858291626
19-05-1982,1.0277777910232544,1.0277777910232544,15200.0,1.0833333730697632,1.0277777910232544,0.6031566858291626
20-05-1982,1.0277777910232544,1.0277777910232544,26400.0,1.0833333730697632,1.0277777910232544,0.6031566858291626
21-05-1982,1.0277777910232544,1.0277777910232544,3200.0,1.0833333730697632,1.0277777910232544,0.6031566858291626
24-05-1982,1.0,1.0277777910232544,36800.0,1.0833333730697632,1.0,0.5868551135063171
25-05-1982,1.0,1.0,15200.0,1.0555555820465088,1.0,0.5868551135063171
26-05-1982,1.0,1.0,7200.0,1.0555555820465088,1.0,0.5868551135063171
27-05-1982,1.0,1.0,10400.0,1.0833333730697632,1.0,0.5868551135063171
28-05-1982,1.0,1.0,32000.0,1.0833333730697632,1.0,0.5868551135063171
01-06-1982,1.0,1.0,10400.0,1.0833333730697632,1.0,0.5868551135063171
02-06-1982,1.0,1.0,3200.0,1.0833333730697632,1.0,0.5868551135063171
03-06-1982,1.0,1.0,0.0,1.0,1.0,0.5868551135063171
04-06-1982,1.0,1.0,3200.0,1.0833333730697632,1.0,0.5868551135063171
07-06-1982,1.0,1.0,3200.0,1.0833333730697632,1.0,0.5868551135063171
08-06-1982,1.0,1.0,33600.0,1.0833333730697632,1.0,0.5868551135063171
09-06-1982,1.0,1.0,3200.0,1.0833333730697632,1.0,0.5868551135063171
10-06-1982,0.9444444179534912,1.0,72000.0,1.0277777910232544,0.9444444179534912,0.554252028465271
11-06-1982,0.9444444179534912,0.9444444179534912,8000.0,1.0277777910232544,0.9444444179534912,0.554252028465271
14-06-1982,0.9444444179534912,0.9444444179534912,0.0,0.9444444179534912,0.9444444179534912,0.554252028465271
15-06-1982,0.9444444179534912,0.9444444179534912,10400.0,1.0277777910232544,0.9444444179534912,0.554252028465271
16-06-1982,0.9166666865348816,0.9444444179534912,10400.0,1.0,0.9166666865348816,0.5379504561424255
17-06-1982,0.9166666865348816,0.9166666865348816,3200.0,1.0,0.9166666865348816,0.5379504561424255
18-06-1982,0.9166666865348816,0.9166666865348816,0.0,0.9166666865348816,0.9166666865348816,0.5379504561424255
21-06-1982,0.9166666865348816,0.9166666865348816,0.0,0.9166666865348816,0.9166666865348816,0.5379504561424255
22-06-1982,0.9166666865348816,0.9166666865348816,0.0,0.9166666865348816,0.9166666865348816,0.5379504561424255
23-06-1982,0.9444444179534912,0.9444444179534912,19200.0,1.0277777910232544,0.9444444179534912,0.554252028465271
24-06-1982,0.9444444179534912,0.9444444179534912,3200.0,1.0277777910232544,0.9444444179534912,0.554252028465271
25-06-1982,0.9444444179534912,0.9444444179534912,0.0,0.9444444179534912,0.9444444179534912,0.554252028465271
28-06-1982,0.9444444179534912,0.9444444179534912,800.0,1.0,0.9444444179534912,0.554252028465271
29-06-1982,0.9444444179534912,0.9444444179534912,0.0,0.9444444179534912,0.9444444179534912,0.554252028465271
30-06-1982,0.9444444179534912,0.9444444179534912,3200.0,1.0,0.9444444179534912,0.554252028465271
01-07-1982,0.9444444179534912,0.9444444179534912,0.0,0.9444444179534912,0.9444444179534912,0.554252028465271
02-07-1982,0.9444444179534912,0.9444444179534912,4800.0,1.0,0.9444444179534912,0.554252028465271
06-07-1982,0.9444444179534912,0.9444444179534912,17600.0,1.0,0.9444444179534912,0.554252028465271
07-07-1982,0.9722222089767456,0.9722222089767456,40800.0,1.0277777910232544,0.9722222089767456,0.5705536603927612
08-07-1982,0.9722222089767456,0.9722222089767456,57600.0,1.0277777910232544,0.9722222089767456,0.5705536603927612
09-07-1982,0.9722222089767456,0.9722222089767456,14400.0,1.0555555820465088,0.9722222089767456,0.5705536603927612
12-07-1982,0.9722222089767456,0.9722222089767456,800.0,1.0555555820465088,0.9722222089767456,0.5705536603927612
13-07-1982,0.9722222089767456,0.9722222089767456,0.0,0.9722222089767456,0.9722222089767456,0.5705536603927612
14-07-1982,0.9722222089767456,0.9722222089767456,8000.0,1.0555555820465088,0.9722222089767456,0.5705536603927612
15-07-1982,0.9722222089767456,0.9722222089767456,0.0,0.9722222089767456,0.9722222089767456,0.5705536603927612
16-07-1982,0.9722222089767456,0.9722222089767456,0.0,0.9722222089767456,0.9722222089767456,0.5705536603927612
19-07-1982,0.9722222089767456,0.9722222089767456,4800.0,1.0555555820465088,0.9722222089767456,0.5705536603927612
20-07-1982,0.9722222089767456,0.9722222089767456,36000.0,1.0555555820465088,0.9722222089767456,0.5705536603927612
21-07-1982,0.9722222089767456,0.9722222089767456,3200.0,1.0555555820465088,0.9722222089767456,0.5705536603927612
22-07-1982,0.9722222089767456,0.9722222089767456,26400.0,1.0555555820465088,0.9722222089767456,0.5705536603927612
23-07-1982,0.9722222089767456,0.9722222089767456,12000.0,1.0555555820465088,0.9722222089767456,0.5705536603927612
26-07-1982,0.9722222089767456,0.9722222089767456,800.0,1.0555555820465088,0.9722222089767456,0.5705536603927612
27-07-1982,0.9444444179534912,0.9722222089767456,8000.0,1.0277777910232544,0.9444444179534912,0.554252028465271
28-07-1982,0.9444444179534912,0.9444444179534912,800.0,1.0277777910232544,0.9444444179534912,0.554252028465271
29-07-1982,0.9166666865348816,0.9444444179534912,48000.0,1.0,0.9166666865348816,0.5379504561424255
30-07-1982,0.9166666865348816,0.9166666865348816,3200.0,1.0,0.9166666865348816,0.5379504561424255
02-08-1982,0.9166666865348816,0.9166666865348816,8000.0,1.0,0.9166666865348816,0.5379504561424255
03-08-1982,0.9166666865348816,0.9166666865348816,0.0,0.9166666865348816,0.9166666865348816,0.5379504561424255
04-08-1982,0.8888888955116272,0.9166666865348816,46400.0,0.9722222089767456,0.8888888955116272,0.5216492414474487
05-08-1982,0.8888888955116272,0.8888888955116272,800.0,0.9722222089767456,0.8888888955116272,0.5216492414474487
06-08-1982,0.8888888955116272,0.8888888955116272,800.0,0.9722222089767456,0.8888888955116272,0.5216492414474487
09-08-1982,0.8888888955116272,0.8888888955116272,0.0,0.8888888955116272,0.8888888955116272,0.5216492414474487
10-08-1982,0.8888888955116272,0.8888888955116272,800.0,0.9722222089767456,0.8888888955116272,0.5216492414474487
11-08-1982,0.8888888955116272,0.8888888955116272,50400.0,0.9722222089767456,0.8888888955116272,0.5216492414474487
12-08-1982,0.8888888955116272,0.8888888955116272,0.0,0.8888888955116272,0.8888888955116272,0.5216492414474487
13-08-1982,0.8888888955116272,0.8888888955116272,15200.0,0.9722222089767456,0.8888888955116272,0.5216492414474487
16-08-1982,0.8888888955116272,0.8888888955116272,800.0,0.9722222089767456,0.8888888955116272,0.5216492414474487
17-08-1982,0.8888888955116272,0.8888888955116272,0.0,0.8888888955116272,0.8888888955116272,0.5216492414474487
18-08-1982,0.8888888955116272,0.8888888955116272,8000.0,0.9444444179534912,0.8888888955116272,0.5216492414474487
19-08-1982,0.8888888955116272,0.8888888955116272,44000.0,0.9444444179534912,0.8888888955116272,0.5216492414474487
20-08-1982,0.9166666865348816,0.9166666865348816,36800.0,0.9722222089767456,0.9166666865348816,0.5379504561424255
23-08-1982,0.9166666865348816,0.9166666865348816,24800.0,0.9722222089767456,0.9166666865348816,0.5379504561424255
24-08-1982,0.9166666865348816,0.9166666865348816,0.0,0.9166666865348816,0.9166666865348816,0.5379504561424255
25-08-1982,0.9166666865348816,0.9166666865348816,10400.0,0.9722222089767456,0.9166666865348816,0.5379504561424255
26-08-1982,0.9166666865348816,0.9166666865348816,91200.0,0.9722222089767456,0.9166666865348816,0.5379504561424255
27-08-1982,0.8888888955116272,0.9166666865348816,7200.0,0.9444444179534912,0.8888888955116272,0.5216492414474487
30-08-1982,0.8888888955116272,0.8888888955116272,134400.0,0.9444444179534912,0.8888888955116272,0.5216492414474487
31-08-1982,0.8888888955116272,0.8888888955116272,4800.0,0.9444444179534912,0.8888888955116272,0.5216492414474487
01-09-1982,0.8888888955116272,0.8888888955116272,3200.0,0.9444444179534912,0.8888888955116272,0.5216492414474487
02-09-1982,0.8888888955116272,0.8888888955116272,17600.0,0.9444444179534912,0.8888888955116272,0.5216492414474487
03-09-1982,0.8888888955116272,0.8888888955116272,22400.0,0.9722222089767456,0.8888888955116272,0.5216492414474487
07-09-1982,0.9166666865348816,0.9166666865348816,24800.0,1.0,0.9166666865348816,0.5379504561424255
08-09-1982,0.9444444179534912,0.9444444179534912,105600.0,1.0277777910232544,0.9444444179534912,0.554252028465271
09-09-1982,0.9722222089767456,0.9722222089767456,72000.0,1.0833333730697632,0.9722222089767456,0.5705536603927612
10-09-1982,1.0277777910232544,1.0277777910232544,86400.0,1.1111111640930176,1.0277777910232544,0.6031566858291626
13-09-1982,1.0555555820465088,1.0555555820465088,12000.0,1.1111111640930176,1.0555555820465088,0.619458019733429
14-09-1982,1.0555555820465088,1.0555555820465088,53600.0,1.1388888359069824,1.0555555820465088,0.619458019733429
15-09-1982,1.0555555820465088,1.0555555820465088,7200.0,1.1388888359069824,1.0555555820465088,0.619458019733429
16-09-1982,1.0555555820465088,1.0555555820465088,21600.0,1.1388888359069824,1.0555555820465088,0.619458019733429
17-09-1982,1.0833333730697632,1.0833333730697632,22400.0,1.1388888359069824,1.0833333730697632,0.6357598304748535
20-09-1982,1.1111111640930176,1.1111111640930176,36800.0,1.1944444179534912,1.1111111640930176,0.6520612239837646
21-09-1982,1.1111111640930176,1.1111111640930176,17600.0,1.1666666269302368,1.1111111640930176,0.6520612239837646
22-09-1982,1.1111111640930176,1.1111111640930176,15200.0,1.1944444179534912,1.1111111640930176,0.6520612239837646
23-09-1982,1.1111111640930176,1.1111111640930176,7200.0,1.1944444179534912,1.1111111640930176,0.6520612239837646
24-09-1982,1.1111111640930176,1.1111111640930176,7200.0,1.1944444179534912,1.1111111640930176,0.6520612239837646
27-09-1982,1.1111111640930176,1.1111111640930176,7200.0,1.1944444179534912,1.1111111640930176,0.6520612239837646
28-09-1982,1.1111111640930176,1.1111111640930176,7200.0,1.1666666269302368,1.1111111640930176,0.6520612239837646
29-09-1982,1.1111111640930176,1.1111111640930176,40800.0,1.1666666269302368,1.1111111640930176,0.6520612239837646
30-09-1982,1.1111111640930176,1.1111111640930176,29600.0,1.1666666269302368,1.1111111640930176,0.6520612239837646
01-10-1982,1.0833333730697632,1.1111111640930176,64800.0,1.1666666269302368,1.0833333730697632,0.6357598304748535
04-10-1982,1.0833333730697632,1.0833333730697632,108800.0,1.1388888359069824,1.0833333730697632,0.6357598304748535
05-10-1982,1.0555555820465088,1.0833333730697632,4800.0,1.1388888359069824,1.0555555820465088,0.619458019733429
06-10-1982,1.0555555820465088,1.0555555820465088,8000.0,1.1111111640930176,1.0555555820465088,0.619458019733429
07-10-1982,1.0833333730697632,1.0833333730697632,62400.0,1.1388888359069824,1.0833333730697632,0.6357598304748535
08-10-1982,1.0833333730697632,1.0833333730697632,15200.0,1.1388888359069824,1.0833333730697632,0.6357598304748535
11-10-1982,1.0833333730697632,1.0833333730697632,43200.0,1.1666666269302368,1.0833333730697632,0.6357598304748535
12-10-1982,1.0833333730697632,1.0833333730697632,15200.0,1.1666666269302368,1.0833333730697632,0.6357598304748535
13-10-1982,1.0833333730697632,1.0833333730697632,50400.0,1.1388888359069824,1.0833333730697632,0.6357598304748535
14-10-1982,1.1111111640930176,1.1111111640930176,115200.0,1.1944444179534912,1.1111111640930176,0.6520612239837646
15-10-1982,1.1111111640930176,1.1111111640930176,55200.0,1.1944444179534912,1.1111111640930176,0.6520612239837646
18-10-1982,1.1388888359069824,1.1388888359069824,65600.0,1.2222222089767456,1.1388888359069824,0.6683626770973206
19-10-1982,1.1388888359069824,1.1388888359069824,134400.0,1.2222222089767456,1.1388888359069824,0.6683626770973206
20-10-1982,1.1388888359069824,1.1388888359069824,72800.0,1.2222222089767456,1.1388888359069824,0.6683626770973206
21-10-1982,1.1666666269302368,1.1666666269302368,76800.0,1.2222222089767456,1.1666666269302368,0.6846641302108765
22-10-1982,1.1666666269302368,1.1666666269302368,10400.0,1.2222222089767456,1.1666666269302368,0.6846641302108765
25-10-1982,1.1666666269302368,1.1666666269302368,39200.0,1.2222222089767456,1.1666666269302368,0.6846641302108765
26-10-1982,1.1666666269302368,1.1666666269302368,26400.0,1.2222222089767456,1.1666666269302368,0.6846641302108765
27-10-1982,1.1666666269302368,1.1666666269302368,7200.0,1.2222222089767456,1.1666666269302368,0.6846641302108765
28-10-1982,1.1666666269302368,1.1666666269302368,33600.0,1.2222222089767456,1.1666666269302368,0.6846641302108765
29-10-1982,1.1666666269302368,1.1666666269302368,48000.0,1.2222222089767456,1.1666666269302368,0.6846641302108765
01-11-1982,1.1666666269302368,1.1666666269302368,14400.0,1.2222222089767456,1.1666666269302368,0.6846641302108765
02-11-1982,1.1944444179534912,1.1944444179534912,15200.0,1.2222222089767456,1.1944444179534912,0.700965940952301
03-11-1982,1.1944444179534912,1.1944444179534912,69600.0,1.2222222089767456,1.1944444179534912,0.700965940952301
04-11-1982,1.2222222089767456,1.2222222089767456,132800.0,1.2777777910232544,1.2222222089767456,0.7172670960426331
05-11-1982,1.2222222089767456,1.2222222089767456,62400.0,1.2777777910232544,1.2222222089767456,0.7172670960426331
08-11-1982,1.2222222089767456,1.2222222089767456,17600.0,1.2777777910232544,1.2222222089767456,0.7172670960426331
09-11-1982,1.25,1.25,86400.0,1.3333333730697632,1.25,0.7335691452026367
10-11-1982,1.3055555820465088,1.3055555820465088,40800.0,1.3888888359069824,1.3055555820465088,0.766171932220459
11-11-1982,1.3888888359069824,1.3888888359069824,60800.0,1.4722222089767456,1.3888888359069824,0.8150766491889954
12-11-1982,1.3888888359069824,1.3888888359069824,53600.0,1.4722222089767456,1.3888888359069824,0.8150766491889954
15-11-1982,1.4166666269302368,1.4166666269302368,50400.0,1.5,1.4166666269302368,0.8313781023025513
16-11-1982,1.4166666269302368,1.4166666269302368,55200.0,1.4722222089767456,1.4166666269302368,0.8313781023025513
17-11-1982,1.3888888359069824,1.4166666269302368,21600.0,1.4722222089767456,1.3888888359069824,0.8150766491889954
18-11-1982,1.3888888359069824,1.3888888359069824,14400.0,1.4722222089767456,1.3888888359069824,0.8150766491889954
19-11-1982,1.3611111640930176,1.3888888359069824,93600.0,1.4444444179534912,1.3611111640930176,0.7987748980522156
22-11-1982,1.3611111640930176,1.3611111640930176,8000.0,1.4166666269302368,1.3611111640930176,0.7987748980522156
23-11-1982,1.3055555820465088,1.3611111640930176,15200.0,1.3888888359069824,1.3055555820465088,0.766171932220459
24-11-1982,1.3055555820465088,1.3055555820465088,44000.0,1.3888888359069824,1.3055555820465088,0.766171932220459
26-11-1982,1.3055555820465088,1.3055555820465088,800.0,1.3888888359069824,1.3055555820465088,0.766171932220459
29-11-1982,1.3055555820465088,1.3055555820465088,3200.0,1.3888888359069824,1.3055555820465088,0.766171932220459
30-11-1982,1.3055555820465088,1.3055555820465088,17600.0,1.3611111640930176,1.3055555820465088,0.766171932220459
01-12-1982,1.3055555820465088,1.3055555820465088,43200.0,1.3611111640930176,1.3055555820465088,0.766171932220459
02-12-1982,1.2916666269302368,1.3055555820465088,17600.0,1.3611111640930176,1.2916666269302368,0.7580208778381348
03-12-1982,1.2777777910232544,1.2916666269302368,15200.0,1.3888888359069824,1.2777777910232544,0.7498703002929688
06-12-1982,1.2777777910232544,1.2777777910232544,8000.0,1.3611111640930176,1.2777777910232544,0.7498703002929688
07-12-1982,1.2777777910232544,1.2777777910232544,14400.0,1.3611111640930176,1.2777777910232544,0.7498703002929688
08-12-1982,1.3055555820465088,1.3055555820465088,4800.0,1.3611111640930176,1.3055555820465088,0.766171932220459
09-12-1982,1.2777777910232544,1.3055555820465088,26400.0,1.3611111640930176,1.2777777910232544,0.7498703002929688
10-12-1982,1.2777777910232544,1.2777777910232544,800.0,1.3611111640930176,1.2777777910232544,0.7498703002929688
13-12-1982,1.2777777910232544,1.2777777910232544,36800.0,1.3611111640930176,1.2777777910232544,0.7498703002929688
14-12-1982,1.2777777910232544,1.2777777910232544,3200.0,1.3611111640930176,1.2777777910232544,0.7498703002929688
15-12-1982,1.2777777910232544,1.2777777910232544,12000.0,1.3611111640930176,1.2777777910232544,0.7498703002929688
16-12-1982,1.2777777910232544,1.2777777910232544,3200.0,1.3611111640930176,1.2777777910232544,0.7498703002929688
17-12-1982,1.2777777910232544,1.2777777910232544,800.0,1.3611111640930176,1.2777777910232544,0.7498703002929688
20-12-1982,1.25,1.2777777910232544,17600.0,1.3333333730697632,1.25,0.7335691452026367
21-12-1982,1.25,1.25,14400.0,1.3333333730697632,1.25,0.7335691452026367
22-12-1982,1.25,1.25,19200.0,1.3333333730697632,1.25,0.7335691452026367
23-12-1982,1.2777777910232544,1.2777777910232544,26400.0,1.3333333730697632,1.2777777910232544,0.7498703002929688
27-12-1982,1.3055555820465088,1.3055555820465088,4800.0,1.3611111640930176,1.3055555820465088,0.766171932220459
28-12-1982,1.3055555820465088,1.3055555820465088,15200.0,1.3611111640930176,1.3055555820465088,0.766171932220459
29-12-1982,1.3055555820465088,1.3055555820465088,65600.0,1.3611111640930176,1.3055555820465088,0.766171932220459
30-12-1982,1.2777777910232544,1.3055555820465088,21600.0,1.3611111640930176,1.2777777910232544,0.7498703002929688
31-12-1982,1.2777777910232544,1.2777777910232544,10400.0,1.3611111640930176,1.2777777910232544,0.7498703002929688
03-01-1983,1.2777777910232544,1.2777777910232544,4800.0,1.3611111640930176,1.2777777910232544,0.7498703002929688
04-01-1983,1.2777777910232544,1.2777777910232544,800.0,1.3611111640930176,1.2777777910232544,0.7498703002929688
05-01-1983,1.3055555820465088,1.3055555820465088,122400.0,1.3611111640930176,1.3055555820465088,0.766171932220459
06-01-1983,1.3055555820465088,1.3055555820465088,14400.0,1.3888888359069824,1.3055555820465088,0.766171932220459
07-01-1983,1.3333333730697632,1.3333333730697632,800.0,1.3888888359069824,1.3333333730697632,0.7824734449386597
10-01-1983,1.3333333730697632,1.3333333730697632,60800.0,1.3888888359069824,1.3333333730697632,0.7824734449386597
11-01-1983,1.3333333730697632,1.3333333730697632,29600.0,1.3888888359069824,1.3333333730697632,0.7824734449386597
12-01-1983,1.3333333730697632,1.3333333730697632,55200.0,1.3888888359069824,1.3333333730697632,0.7824734449386597
13-01-1983,1.3611111640930176,1.3611111640930176,19200.0,1.4166666269302368,1.3611111640930176,0.7987748980522156
14-01-1983,1.3888888359069824,1.3888888359069824,28800.0,1.4166666269302368,1.3888888359069824,0.8150766491889954
17-01-1983,1.3888888359069824,1.3888888359069824,14400.0,1.4166666269302368,1.3888888359069824,0.8150766491889954
18-01-1983,1.3888888359069824,1.3888888359069824,87200.0,1.4444444179534912,1.3888888359069824,0.8150766491889954
19-01-1983,1.4166666269302368,1.4166666269302368,93600.0,1.5,1.4166666269302368,0.8313781023025513
20-01-1983,1.4166666269302368,1.4166666269302368,40800.0,1.5,1.4166666269302368,0.8313781023025513
21-01-1983,1.4166666269302368,1.4166666269302368,50400.0,1.5,1.4166666269302368,0.8313781023025513
24-01-1983,1.3888888359069824,1.4166666269302368,57600.0,1.4722222089767456,1.3888888359069824,0.8150766491889954
25-01-1983,1.3333333730697632,1.3888888359069824,46400.0,1.4166666269302368,1.3333333730697632,0.7824734449386597
26-01-1983,1.3611111640930176,1.3611111640930176,39200.0,1.4444444179534912,1.3611111640930176,0.7987748980522156
27-01-1983,1.3611111640930176,1.3611111640930176,15200.0,1.4166666269302368,1.3611111640930176,0.7987748980522156
28-01-1983,1.3888888359069824,1.3888888359069824,55200.0,1.4444444179534912,1.3888888359069824,0.8150766491889954
31-01-1983,1.3888888359069824,1.3888888359069824,17600.0,1.4722222089767456,1.3888888359069824,0.8150766491889954
01-02-1983,1.3888888359069824,1.3888888359069824,53600.0,1.4444444179534912,1.3888888359069824,0.8150766491889954
02-02-1983,1.4166666269302368,1.4166666269302368,29600.0,1.4722222089767456,1.4166666269302368,0.8313781023025513
03-02-1983,1.4444444179534912,1.4444444179534912,98400.0,1.5277777910232544,1.4444444179534912,0.8476795554161072
04-02-1983,1.5,1.5,24800.0,1.5555555820465088,1.5,0.8802825808525085
07-02-1983,1.5,1.5,105600.0,1.5277777910232544,1.5,0.8802825808525085
08-02-1983,1.4722222089767456,1.5,28800.0,1.5277777910232544,1.4722222089767456,0.8639814257621765
09-02-1983,1.5,1.5,44000.0,1.5277777910232544,1.5,0.8802825808525085
10-02-1983,1.5277777910232544,1.5277777910232544,180000.0,1.5833333730697632,1.5277777910232544,0.8965849280357361
11-02-1983,1.5277777910232544,1.5277777910232544,15200.0,1.5833333730697632,1.5277777910232544,0.8965849280357361
14-02-1983,1.5277777910232544,1.5277777910232544,19200.0,1.5833333730697632,1.5277777910232544,0.8965849280357361
15-02-1983,1.5277777910232544,1.5277777910232544,130400.0,1.5833333730697632,1.5277777910232544,0.8965849280357361
16-02-1983,1.6111111640930176,1.6111111640930176,72800.0,1.6944444179534912,1.6111111640930176,0.9454883337020874
17-02-1983,1.6111111640930176,1.6111111640930176,17600.0,1.6944444179534912,1.6111111640930176,0.9454883337020874
18-02-1983,1.6388888359069824,1.6388888359069824,108000.0,1.6944444179534912,1.6388888359069824,0.9617902040481567
22-02-1983,1.7222222089767456,1.7222222089767456,144000.0,1.8055555820465088,1.7222222089767456,1.0106947422027588
23-02-1983,1.6666666269302368,1.7222222089767456,141600.0,1.75,1.6666666269302368,0.9780911803245544
24-02-1983,1.6666666269302368,1.6666666269302368,111200.0,1.7222222089767456,1.6666666269302368,0.9780911803245544
25-02-1983,1.6666666269302368,1.6666666269302368,108000.0,1.7222222089767456,1.6666666269302368,0.9780911803245544
28-02-1983,1.6666666269302368,1.6666666269302368,36000.0,1.7222222089767456,1.6666666269302368,0.9780911803245544
01-03-1983,1.6666666269302368,1.6666666269302368,79200.0,1.7222222089767456,1.6666666269302368,0.9780911803245544
02-03-1983,1.6666666269302368,1.6666666269302368,8000.0,1.7222222089767456,1.6666666269302368,0.9780911803245544
03-03-1983,1.6666666269302368,1.6666666269302368,10400.0,1.7222222089767456,1.6666666269302368,0.9780911803245544
04-03-1983,1.6388888359069824,1.6666666269302368,334400.0,1.6666666269302368,1.6388888359069824,0.9617902040481567
07-03-1983,1.5833333730697632,1.6388888359069824,65600.0,1.6388888359069824,1.5833333730697632,0.9291872382164001
08-03-1983,1.5555555820465088,1.5833333730697632,32000.0,1.6111111640930176,1.5555555820465088,0.9128856658935547
09-03-1983,1.5555555820465088,1.5555555820465088,15200.0,1.6111111640930176,1.5555555820465088,0.9128856658935547
10-03-1983,1.5555555820465088,1.5555555820465088,14400.0,1.6111111640930176,1.5555555820465088,0.9128856658935547
11-03-1983,1.5555555820465088,1.5555555820465088,12000.0,1.6111111640930176,1.5555555820465088,0.9128856658935547
14-03-1983,1.5555555820465088,1.5555555820465088,33600.0,1.6388888359069824,1.5555555820465088,0.9128856658935547
15-03-1983,1.5555555820465088,1.5555555820465088,3200.0,1.6388888359069824,1.5555555820465088,0.9128856658935547
16-03-1983,1.5555555820465088,1.5555555820465088,19200.0,1.6388888359069824,1.5555555820465088,0.9128856658935547
17-03-1983,1.5555555820465088,1.5555555820465088,32000.0,1.6388888359069824,1.5555555820465088,0.9128856658935547
18-03-1983,1.5694444179534912,1.5694444179534912,62400.0,1.6111111640930176,1.5694444179534912,0.9210367798805237
21-03-1983,1.5694444179534912,1.5694444179534912,32000.0,1.6111111640930176,1.5694444179534912,0.9210367798805237
22-03-1983,1.5694444179534912,1.5694444179534912,10400.0,1.6111111640930176,1.5694444179534912,0.9210367798805237
23-03-1983,1.5694444179534912,1.5694444179534912,8000.0,1.6111111640930176,1.5694444179534912,0.9210367798805237
24-03-1983,1.5555555820465088,1.5694444179534912,36000.0,1.6111111640930176,1.5555555820465088,0.9128856658935547
25-03-1983,1.5555555820465088,1.5555555820465088,53600.0,1.6111111640930176,1.5555555820465088,0.9128856658935547
28-03-1983,1.5833333730697632,1.5833333730697632,118400.0,1.6944444179534912,1.5833333730697632,0.9291872382164001
29-03-1983,1.6111111640930176,1.6111111640930176,29600.0,1.6944444179534912,1.6111111640930176,0.9454883337020874
30-03-1983,1.6111111640930176,1.6111111640930176,36800.0,1.7083333730697632,1.6111111640930176,0.9454883337020874
31-03-1983,1.6111111640930176,1.6111111640930176,12000.0,1.6944444179534912,1.6111111640930176,0.9454883337020874
04-04-1983,1.6111111640930176,1.6111111640930176,50400.0,1.6944444179534912,1.6111111640930176,0.9454883337020874
05-04-1983,1.625,1.625,43200.0,1.6944444179534912,1.625,0.9536386132240295
06-04-1983,1.625,1.625,8000.0,1.6944444179534912,1.625,0.9536386132240295
07-04-1983,1.625,1.625,3200.0,1.6944444179534912,1.625,0.9536386132240295
08-04-1983,1.625,1.625,21600.0,1.6944444179534912,1.625,0.9536386132240295
11-04-1983,1.625,1.625,8000.0,1.6944444179534912,1.625,0.9536386132240295
12-04-1983,1.6388888359069824,1.6388888359069824,26400.0,1.6944444179534912,1.6388888359069824,0.9617902040481567
13-04-1983,1.6388888359069824,1.6388888359069824,3200.0,1.6944444179534912,1.6388888359069824,0.9617902040481567
14-04-1983,1.6388888359069824,1.6388888359069824,12000.0,1.6944444179534912,1.6388888359069824,0.9617902040481567
15-04-1983,1.6388888359069824,1.6388888359069824,15200.0,1.6805555820465088,1.6388888359069824,0.9617902040481567
18-04-1983,1.625,1.6388888359069824,79200.0,1.6666666269302368,1.625,0.9536386132240295
19-04-1983,1.625,1.625,26400.0,1.6666666269302368,1.625,0.9536386132240295
20-04-1983,1.5972222089767456,1.625,32000.0,1.6666666269302368,1.5972222089767456,0.9373376369476318
21-04-1983,1.6111111640930176,1.6111111640930176,48000.0,1.6666666269302368,1.6111111640930176,0.9454883337020874
22-04-1983,1.6111111640930176,1.6111111640930176,14400.0,1.6944444179534912,1.6111111640930176,0.9454883337020874
25-04-1983,1.6111111640930176,1.6111111640930176,15200.0,1.6944444179534912,1.6111111640930176,0.9454883337020874
26-04-1983,1.6111111640930176,1.6111111640930176,22400.0,1.6944444179534912,1.6111111640930176,0.9454883337020874
27-04-1983,1.5833333730697632,1.6111111640930176,10400.0,1.6666666269302368,1.5833333730697632,0.9291872382164001
28-04-1983,1.5833333730697632,1.5833333730697632,4800.0,1.6666666269302368,1.5833333730697632,0.9291872382164001
29-04-1983,1.5555555820465088,1.5833333730697632,26400.0,1.6666666269302368,1.5555555820465088,0.9128856658935547
02-05-1983,1.5555555820465088,1.5555555820465088,33600.0,1.6111111640930176,1.5555555820465088,0.9128856658935547
03-05-1983,1.5555555820465088,1.5555555820465088,8000.0,1.6111111640930176,1.5555555820465088,0.9128856658935547
04-05-1983,1.5555555820465088,1.5555555820465088,53600.0,1.6111111640930176,1.5555555820465088,0.9128856658935547
05-05-1983,1.5694444179534912,1.5694444179534912,148800.0,1.6111111640930176,1.5694444179534912,0.9210367798805237
06-05-1983,1.5833333730697632,1.5833333730697632,29600.0,1.6388888359069824,1.5833333730697632,0.9291872382164001
09-05-1983,1.5833333730697632,1.5833333730697632,14400.0,1.6388888359069824,1.5833333730697632,0.9291872382164001
10-05-1983,1.5833333730697632,1.5833333730697632,12000.0,1.6388888359069824,1.5833333730697632,0.9291872382164001
11-05-1983,1.5972222089767456,1.5972222089767456,24800.0,1.6388888359069824,1.5972222089767456,0.9373376369476318
12-05-1983,1.5833333730697632,1.5972222089767456,28800.0,1.6388888359069824,1.5833333730697632,0.9291872382164001
13-05-1983,1.5833333730697632,1.5833333730697632,3200.0,1.6388888359069824,1.5833333730697632,0.9291872382164001
16-05-1983,1.5833333730697632,1.5833333730697632,57600.0,1.6111111640930176,1.5833333730697632,0.9291872382164001
17-05-1983,1.5833333730697632,1.5833333730697632,154400.0,1.6111111640930176,1.5833333730697632,0.9291872382164001
18-05-1983,1.5833333730697632,1.5833333730697632,8000.0,1.6111111640930176,1.5833333730697632,0.9291872382164001
19-05-1983,1.5833333730697632,1.5833333730697632,44000.0,1.6111111640930176,1.5833333730697632,0.9291872382164001
20-05-1983,1.5833333730697632,1.5833333730697632,26400.0,1.6111111640930176,1.5833333730697632,0.9291872382164001
23-05-1983,1.5833333730697632,1.5833333730697632,93600.0,1.6111111640930176,1.5833333730697632,0.9291872382164001
24-05-1983,1.5833333730697632,1.5833333730697632,147200.0,1.6111111640930176,1.5833333730697632,0.9291872382164001
25-05-1983,1.5833333730697632,1.5833333730697632,24800.0,1.6111111640930176,1.5833333730697632,0.9291872382164001
26-05-1983,1.5833333730697632,1.5833333730697632,14400.0,1.625,1.5833333730697632,0.9291872382164001
27-05-1983,1.5833333730697632,1.5833333730697632,4800.0,1.6111111640930176,1.5833333730697632,0.9291872382164001
31-05-1983,1.5833333730697632,1.5833333730697632,24800.0,1.6111111640930176,1.5833333730697632,0.9291872382164001
01-06-1983,1.5833333730697632,1.5833333730697632,36000.0,1.6111111640930176,1.5833333730697632,0.9291872382164001
02-06-1983,1.5833333730697632,1.5833333730697632,89600.0,1.6111111640930176,1.5833333730697632,0.9291872382164001
03-06-1983,1.5833333730697632,1.5833333730697632,3200.0,1.6111111640930176,1.5833333730697632,0.9291872382164001
06-06-1983,1.5833333730697632,1.5833333730697632,4800.0,1.6111111640930176,1.5833333730697632,0.9291872382164001
07-06-1983,1.5833333730697632,1.5833333730697632,53600.0,1.6111111640930176,1.5833333730697632,0.9291872382164001
08-06-1983,1.5833333730697632,1.5833333730697632,32000.0,1.6111111640930176,1.5833333730697632,0.9291872382164001
09-06-1983,1.5833333730697632,1.5833333730697632,79200.0,1.6111111640930176,1.5833333730697632,0.9291872382164001
10-06-1983,1.5833333730697632,1.5833333730697632,15200.0,1.6111111640930176,1.5833333730697632,0.9291872382164001
13-06-1983,1.5833333730697632,1.5833333730697632,4800.0,1.6111111640930176,1.5833333730697632,0.9291872382164001
14-06-1983,1.5833333730697632,1.5833333730697632,72000.0,1.6111111640930176,1.5833333730697632,0.9291872382164001
15-06-1983,1.6111111640930176,1.6111111640930176,79200.0,1.7222222089767456,1.6111111640930176,0.9454883337020874
16-06-1983,1.6388888359069824,1.6388888359069824,12000.0,1.7222222089767456,1.6388888359069824,0.9617902040481567
17-06-1983,1.6388888359069824,1.6388888359069824,10400.0,1.7222222089767456,1.6388888359069824,0.9617902040481567
20-06-1983,1.6944444179534912,1.6944444179534912,62400.0,1.7777777910232544,1.6944444179534912,0.9943936467170715
21-06-1983,1.6666666269302368,1.6944444179534912,32000.0,1.75,1.6666666269302368,0.9780911803245544
22-06-1983,1.6666666269302368,1.6666666269302368,26400.0,1.75,1.6666666269302368,0.9780911803245544
23-06-1983,1.6666666269302368,1.6666666269302368,28800.0,1.75,1.6666666269302368,0.9780911803245544
24-06-1983,1.6666666269302368,1.6666666269302368,4800.0,1.75,1.6666666269302368,0.9780911803245544
27-06-1983,1.6666666269302368,1.6666666269302368,17600.0,1.75,1.6666666269302368,0.9780911803245544
28-06-1983,1.6666666269302368,1.6666666269302368,33600.0,1.75,1.6666666269302368,0.9780911803245544
29-06-1983,1.6666666269302368,1.6666666269302368,800.0,1.7222222089767456,1.6666666269302368,0.9780911803245544
30-06-1983,1.6666666269302368,1.6666666269302368,7200.0,1.7222222089767456,1.6666666269302368,0.9780911803245544
01-07-1983,1.6666666269302368,1.6666666269302368,33600.0,1.7777777910232544,1.6666666269302368,0.9780911803245544
05-07-1983,1.6944444179534912,1.6944444179534912,55200.0,1.7777777910232544,1.6944444179534912,0.9943936467170715
06-07-1983,1.6944444179534912,1.6944444179534912,800.0,1.7777777910232544,1.6944444179534912,0.9943936467170715
07-07-1983,1.6944444179534912,1.6944444179534912,3200.0,1.7777777910232544,1.6944444179534912,0.9943936467170715
08-07-1983,1.7222222089767456,1.7222222089767456,134400.0,1.7777777910232544,1.7222222089767456,1.0106947422027588
11-07-1983,1.6944444179534912,1.7222222089767456,32000.0,1.7777777910232544,1.6944444179534912,0.9943936467170715
12-07-1983,1.6944444179534912,1.6944444179534912,28800.0,1.75,1.6944444179534912,0.9943936467170715
13-07-1983,1.6944444179534912,1.6944444179534912,177600.0,1.7222222089767456,1.6944444179534912,0.9943936467170715
14-07-1983,1.6944444179534912,1.6944444179534912,33600.0,1.7222222089767456,1.6944444179534912,0.9943936467170715
15-07-1983,1.6944444179534912,1.6944444179534912,7200.0,1.7222222089767456,1.6944444179534912,0.9943936467170715
18-07-1983,1.6944444179534912,1.6944444179534912,22400.0,1.7222222089767456,1.6944444179534912,0.9943936467170715
19-07-1983,1.6944444179534912,1.6944444179534912,94400.0,1.7222222089767456,1.6944444179534912,0.9943936467170715
20-07-1983,1.6944444179534912,1.6944444179534912,10400.0,1.7222222089767456,1.6944444179534912,0.9943936467170715
21-07-1983,1.6944444179534912,1.6944444179534912,91200.0,1.7222222089767456,1.6944444179534912,0.9943936467170715
22-07-1983,1.6944444179534912,1.6944444179534912,24800.0,1.7222222089767456,1.6944444179534912,0.9943936467170715
25-07-1983,1.6944444179534912,1.6944444179534912,19200.0,1.7222222089767456,1.6944444179534912,0.9943936467170715
26-07-1983,1.7083333730697632,1.7083333730697632,194400.0,1.75,1.7083333730697632,1.002543568611145
27-07-1983,1.7083333730697632,1.7083333730697632,14400.0,1.75,1.7083333730697632,1.002543568611145
28-07-1983,1.7083333730697632,1.7083333730697632,0.0,1.7083333730697632,1.7083333730697632,1.002543568611145
29-07-1983,1.7222222089767456,1.7222222089767456,28800.0,1.75,1.7222222089767456,1.0106947422027588
01-08-1983,1.7222222089767456,1.7222222089767456,93600.0,1.7777777910232544,1.7222222089767456,1.0106947422027588
02-08-1983,1.7222222089767456,1.7222222089767456,94400.0,1.7777777910232544,1.7222222089767456,1.0106947422027588
03-08-1983,1.7222222089767456,1.7222222089767456,10400.0,1.7777777910232544,1.7222222089767456,1.0106947422027588
04-08-1983,1.7222222089767456,1.7222222089767456,800.0,1.7777777910232544,1.7222222089767456,1.0106947422027588
05-08-1983,1.7222222089767456,1.7222222089767456,3200.0,1.7777777910232544,1.7222222089767456,1.0106947422027588
08-08-1983,1.7222222089767456,1.7222222089767456,8000.0,1.7777777910232544,1.7222222089767456,1.0106947422027588
09-08-1983,1.7222222089767456,1.7222222089767456,26400.0,1.7777777910232544,1.7222222089767456,1.0106947422027588
10-08-1983,1.7222222089767456,1.7222222089767456,91200.0,1.7777777910232544,1.7222222089767456,1.0106947422027588
11-08-1983,1.7222222089767456,1.7222222089767456,12000.0,1.7777777910232544,1.7222222089767456,1.0106947422027588
12-08-1983,1.7222222089767456,1.7222222089767456,14400.0,1.7777777910232544,1.7222222089767456,1.0106947422027588
15-08-1983,1.7222222089767456,1.7222222089767456,28800.0,1.75,1.7222222089767456,1.0106947422027588
16-08-1983,1.7222222089767456,1.7222222089767456,170400.0,1.7777777910232544,1.7222222089767456,1.0106947422027588
17-08-1983,1.7222222089767456,1.7222222089767456,8000.0,1.7777777910232544,1.7222222089767456,1.0106947422027588
18-08-1983,1.7222222089767456,1.7222222089767456,10400.0,1.7777777910232544,1.7222222089767456,1.0106947422027588
19-08-1983,1.7222222089767456,1.7222222089767456,3200.0,1.7777777910232544,1.7222222089767456,1.0106947422027588
22-08-1983,1.7222222089767456,1.7222222089767456,3200.0,1.7777777910232544,1.7222222089767456,1.0106947422027588
23-08-1983,1.7222222089767456,1.7222222089767456,19200.0,1.7777777910232544,1.7222222089767456,1.0106947422027588
24-08-1983,1.7222222089767456,1.7222222089767456,108000.0,1.7777777910232544,1.7222222089767456,1.0106947422027588
25-08-1983,1.7222222089767456,1.7222222089767456,3200.0,1.7777777910232544,1.7222222089767456,1.0106947422027588
26-08-1983,1.7222222089767456,1.7222222089767456,44000.0,1.7777777910232544,1.7222222089767456,1.0106947422027588
29-08-1983,1.7222222089767456,1.7222222089767456,36800.0,1.7777777910232544,1.7222222089767456,1.0106947422027588
30-08-1983,1.7222222089767456,1.7222222089767456,7200.0,1.7777777910232544,1.7222222089767456,1.0106947422027588
31-08-1983,1.7222222089767456,1.7222222089767456,800.0,1.7777777910232544,1.7222222089767456,1.0106947422027588
01-09-1983,1.7222222089767456,1.7222222089767456,26400.0,1.7777777910232544,1.7222222089767456,1.0106947422027588
02-09-1983,1.7222222089767456,1.7222222089767456,94400.0,1.7777777910232544,1.7222222089767456,1.0106947422027588
06-09-1983,1.7222222089767456,1.7222222089767456,15200.0,1.7777777910232544,1.7222222089767456,1.0106947422027588
07-09-1983,1.7222222089767456,1.7222222089767456,12000.0,1.7777777910232544,1.7222222089767456,1.0106947422027588
08-09-1983,1.7222222089767456,1.7222222089767456,10400.0,1.7777777910232544,1.7222222089767456,1.0106947422027588
09-09-1983,1.7222222089767456,1.7222222089767456,17600.0,1.7777777910232544,1.7222222089767456,1.0106947422027588
12-09-1983,1.7222222089767456,1.7222222089767456,10400.0,1.7777777910232544,1.7222222089767456,1.0106947422027588
13-09-1983,1.7222222089767456,1.7222222089767456,28800.0,1.7638888359069824,1.7222222089767456,1.0106947422027588
14-09-1983,1.7222222089767456,1.7222222089767456,24800.0,1.7638888359069824,1.7222222089767456,1.0106947422027588
15-09-1983,1.7222222089767456,1.7222222089767456,94400.0,1.7638888359069824,1.7222222089767456,1.0106947422027588
16-09-1983,1.7222222089767456,1.7222222089767456,36800.0,1.7638888359069824,1.7222222089767456,1.0106947422027588
19-09-1983,1.7222222089767456,1.7222222089767456,86400.0,1.7638888359069824,1.7222222089767456,1.0106947422027588
20-09-1983,1.7222222089767456,1.7222222089767456,7200.0,1.7638888359069824,1.7222222089767456,1.0106947422027588
21-09-1983,1.7222222089767456,1.7222222089767456,44000.0,1.7638888359069824,1.7222222089767456,1.0106947422027588
22-09-1983,1.7222222089767456,1.7222222089767456,800.0,1.7777777910232544,1.7222222089767456,1.0106947422027588
23-09-1983,1.7222222089767456,1.7222222089767456,14400.0,1.7777777910232544,1.7222222089767456,1.0106947422027588
26-09-1983,1.7222222089767456,1.7222222089767456,10400.0,1.7638888359069824,1.7222222089767456,1.0106947422027588
27-09-1983,1.7222222089767456,1.7222222089767456,93600.0,1.7638888359069824,1.7222222089767456,1.0106947422027588
28-09-1983,1.7222222089767456,1.7222222089767456,22400.0,1.7638888359069824,1.7222222089767456,1.0106947422027588
29-09-1983,1.7222222089767456,1.7222222089767456,4800.0,1.7638888359069824,1.7222222089767456,1.0106947422027588
30-09-1983,1.7222222089767456,1.7222222089767456,4800.0,1.7638888359069824,1.7222222089767456,1.0106947422027588
03-10-1983,1.7222222089767456,1.7222222089767456,4800.0,1.7638888359069824,1.7222222089767456,1.0106947422027588
04-10-1983,1.7222222089767456,1.7222222089767456,122400.0,1.7638888359069824,1.7222222089767456,1.0106947422027588
05-10-1983,1.7222222089767456,1.7222222089767456,12000.0,1.7638888359069824,1.7222222089767456,1.0106947422027588
06-10-1983,1.7222222089767456,1.7222222089767456,94400.0,1.7638888359069824,1.7222222089767456,1.0106947422027588
07-10-1983,1.7222222089767456,1.7222222089767456,800.0,1.7638888359069824,1.7222222089767456,1.0106947422027588
10-10-1983,1.7222222089767456,1.7222222089767456,39200.0,1.7638888359069824,1.7222222089767456,1.0106947422027588
11-10-1983,1.7222222089767456,1.7222222089767456,0.0,1.7222222089767456,1.7222222089767456,1.0106947422027588
12-10-1983,1.7222222089767456,1.7222222089767456,3200.0,1.7638888359069824,1.7222222089767456,1.0106947422027588
13-10-1983,1.7222222089767456,1.7222222089767456,3200.0,1.7638888359069824,1.7222222089767456,1.0106947422027588
14-10-1983,1.7222222089767456,1.7222222089767456,36800.0,1.7638888359069824,1.7222222089767456,1.0106947422027588
17-10-1983,1.7222222089767456,1.7222222089767456,22400.0,1.7638888359069824,1.7222222089767456,1.0106947422027588
18-10-1983,1.7222222089767456,1.7222222089767456,0.0,1.7638888359069824,1.7222222089767456,1.0106947422027588
19-10-1983,1.7222222089767456,1.7222222089767456,26400.0,1.7638888359069824,1.7222222089767456,1.0106947422027588
20-10-1983,1.7222222089767456,1.7222222089767456,15200.0,1.7638888359069824,1.7222222089767456,1.0106947422027588
21-10-1983,1.7361111640930176,1.7361111640930176,89600.0,1.7638888359069824,1.7361111640930176,1.018845796585083
24-10-1983,1.7083333730697632,1.7361111640930176,100800.0,1.7638888359069824,1.7083333730697632,1.002543568611145
25-10-1983,1.7083333730697632,1.7083333730697632,26400.0,1.7638888359069824,1.7083333730697632,1.002543568611145
26-10-1983,1.7083333730697632,1.7083333730697632,8000.0,1.7638888359069824,1.7083333730697632,1.002543568611145
27-10-1983,1.7083333730697632,1.7083333730697632,0.0,1.7083333730697632,1.7083333730697632,1.002543568611145
28-10-1983,1.7083333730697632,1.7083333730697632,29600.0,1.75,1.7083333730697632,1.002543568611145
31-10-1983,1.7222222089767456,1.7222222089767456,132800.0,1.7638888359069824,1.7222222089767456,1.0106947422027588
01-11-1983,1.7222222089767456,1.7222222089767456,39200.0,1.7638888359069824,1.7222222089767456,1.0106947422027588
02-11-1983,1.6944444179534912,1.7222222089767456,40800.0,1.75,1.6944444179534912,0.9943936467170715
03-11-1983,1.6666666269302368,1.6944444179534912,19200.0,1.75,1.6666666269302368,0.9780911803245544
04-11-1983,1.6666666269302368,1.6666666269302368,7200.0,1.75,1.6666666269302368,0.9780911803245544
07-11-1983,1.6666666269302368,1.6666666269302368,0.0,1.6666666269302368,1.6666666269302368,0.9780911803245544
08-11-1983,1.6388888359069824,1.6666666269302368,19200.0,1.7222222089767456,1.6388888359069824,0.9617902040481567
09-11-1983,1.6111111640930176,1.6388888359069824,72800.0,1.6666666269302368,1.6111111640930176,0.9454883337020874
10-11-1983,1.6111111640930176,1.6111111640930176,216000.0,1.6666666269302368,1.6111111640930176,0.9454883337020874
11-11-1983,1.6111111640930176,1.6111111640930176,4800.0,1.6666666269302368,1.6111111640930176,0.9454883337020874
14-11-1983,1.6111111640930176,1.6111111640930176,7200.0,1.6666666269302368,1.6111111640930176,0.9454883337020874
15-11-1983,1.6111111640930176,1.6111111640930176,4800.0,1.6666666269302368,1.6111111640930176,0.9454883337020874
16-11-1983,1.6111111640930176,1.6111111640930176,14400.0,1.6666666269302368,1.6111111640930176,0.9454883337020874
17-11-1983,1.6388888359069824,1.6388888359069824,17600.0,1.6944444179534912,1.6388888359069824,0.9617902040481567
18-11-1983,1.6388888359069824,1.6388888359069824,33600.0,1.7222222089767456,1.6388888359069824,0.9617902040481567
21-11-1983,1.6527777910232544,1.6527777910232544,800.0,1.7222222089767456,1.6527777910232544,0.9699414968490601
22-11-1983,1.6527777910232544,1.6527777910232544,3200.0,1.7222222089767456,1.6527777910232544,0.9699414968490601
23-11-1983,1.6527777910232544,1.6527777910232544,26400.0,1.7222222089767456,1.6527777910232544,0.9699414968490601
25-11-1983,1.6527777910232544,1.6527777910232544,8000.0,1.7222222089767456,1.6527777910232544,0.9699414968490601
28-11-1983,1.6527777910232544,1.6527777910232544,3200.0,1.7222222089767456,1.6527777910232544,0.9699414968490601
29-11-1983,1.6527777910232544,1.6527777910232544,0.0,1.6527777910232544,1.6527777910232544,0.9699414968490601
30-11-1983,1.6527777910232544,1.6527777910232544,10400.0,1.7222222089767456,1.6527777910232544,0.9699414968490601
01-12-1983,1.6527777910232544,1.6527777910232544,3200.0,1.7222222089767456,1.6527777910232544,0.9699414968490601
02-12-1983,1.6527777910232544,1.6527777910232544,800.0,1.7222222089767456,1.6527777910232544,0.9699414968490601
05-12-1983,1.6527777910232544,1.6527777910232544,3200.0,1.7222222089767456,1.6527777910232544,0.9699414968490601
06-12-1983,1.6527777910232544,1.6527777910232544,0.0,1.7222222089767456,1.6527777910232544,0.9699414968490601
07-12-1983,1.6527777910232544,1.6527777910232544,3200.0,1.75,1.6527777910232544,0.9699414968490601
08-12-1983,1.6666666269302368,1.6666666269302368,10400.0,1.75,1.6666666269302368,0.9780911803245544
09-12-1983,1.6805555820465088,1.6805555820465088,800.0,1.75,1.6805555820465088,0.9862419366836548
12-12-1983,1.6944444179534912,1.6944444179534912,4800.0,1.75,1.6944444179534912,0.9943936467170715
13-12-1983,1.6944444179534912,1.6944444179534912,7200.0,1.75,1.6944444179534912,0.9943936467170715
14-12-1983,1.6944444179534912,1.6944444179534912,8000.0,1.75,1.6944444179534912,0.9943936467170715
15-12-1983,1.6944444179534912,1.6944444179534912,7200.0,1.75,1.6944444179534912,0.9943936467170715
16-12-1983,1.6944444179534912,1.6944444179534912,8000.0,1.75,1.6944444179534912,0.9943936467170715
19-12-1983,1.6944444179534912,1.6944444179534912,12000.0,1.75,1.6944444179534912,0.9943936467170715
20-12-1983,1.6527777910232544,1.6944444179534912,62400.0,1.6944444179534912,1.6527777910232544,0.9699414968490601
21-12-1983,1.6111111640930176,1.6527777910232544,60800.0,1.6666666269302368,1.6111111640930176,0.9454883337020874
22-12-1983,1.4444444179534912,1.4861111640930176,69600.0,1.4861111640930176,1.4444444179534912,0.8476795554161072
23-12-1983,1.4444444179534912,1.4444444179534912,8000.0,1.5277777910232544,1.4444444179534912,0.8476795554161072
27-12-1983,1.4722222089767456,1.4722222089767456,4800.0,1.5277777910232544,1.4722222089767456,0.8639814257621765
28-12-1983,1.4722222089767456,1.4722222089767456,10400.0,1.5277777910232544,1.4722222089767456,0.8639814257621765
29-12-1983,1.4305555820465088,1.4722222089767456,53600.0,1.5277777910232544,1.4305555820465088,0.8395285606384277
30-12-1983,1.4166666269302368,1.4305555820465088,12000.0,1.5,1.4166666269302368,0.8313781023025513
03-01-1984,1.4444444179534912,1.4444444179534912,39200.0,1.5,1.4444444179534912,0.8476795554161072
04-01-1984,1.4583333730697632,1.5833333730697632,48000.0,1.5833333730697632,1.4583333730697632,0.8558305501937866
05-01-1984,1.4583333730697632,1.4583333730697632,29600.0,1.5833333730697632,1.4583333730697632,0.8558305501937866
06-01-1984,1.4583333730697632,1.4583333730697632,2400.0,1.5416666269302368,1.4583333730697632,0.8558305501937866
09-01-1984,1.4166666269302368,1.4583333730697632,12800.0,1.5416666269302368,1.4166666269302368,0.8313781023025513
10-01-1984,1.4583333730697632,1.4583333730697632,3200.0,1.5833333730697632,1.4583333730697632,0.8558305501937866
11-01-1984,1.4583333730697632,1.4583333730697632,800.0,1.5833333730697632,1.4583333730697632,0.8558305501937866
12-01-1984,1.4583333730697632,1.4583333730697632,5600.0,1.5833333730697632,1.4583333730697632,0.8558305501937866
13-01-1984,1.4583333730697632,1.4583333730697632,24800.0,1.5833333730697632,1.4583333730697632,0.8558305501937866
16-01-1984,1.4583333730697632,1.4583333730697632,38400.0,1.5833333730697632,1.4583333730697632,0.8558305501937866
17-01-1984,1.4583333730697632,1.4583333730697632,0.0,1.4583333730697632,1.4583333730697632,0.8558305501937866
18-01-1984,1.4583333730697632,1.4583333730697632,3200.0,1.5833333730697632,1.4583333730697632,0.8558305501937866
19-01-1984,1.4583333730697632,1.4583333730697632,8000.0,1.5833333730697632,1.4583333730697632,0.8558305501937866
20-01-1984,1.4583333730697632,1.4583333730697632,4800.0,1.5833333730697632,1.4583333730697632,0.8558305501937866
23-01-1984,1.4583333730697632,1.4583333730697632,91200.0,1.5833333730697632,1.4583333730697632,0.8558305501937866
24-01-1984,1.4375,1.4583333730697632,104000.0,1.5416666269302368,1.4375,0.8436042070388794
25-01-1984,1.4375,1.4375,0.0,1.4375,1.4375,0.8436042070388794
26-01-1984,1.4166666269302368,1.4375,800.0,1.5208333730697632,1.4166666269302368,0.8313781023025513
27-01-1984,1.4166666269302368,1.4166666269302368,0.0,1.4166666269302368,1.4166666269302368,0.8313781023025513
30-01-1984,1.4166666269302368,1.4166666269302368,14400.0,1.5,1.4166666269302368,0.8313781023025513
31-01-1984,1.4166666269302368,1.4166666269302368,2400.0,1.5,1.4166666269302368,0.8313781023025513
01-02-1984,1.4166666269302368,1.4166666269302368,27200.0,1.5,1.4166666269302368,0.8313781023025513
02-02-1984,1.4166666269302368,1.4166666269302368,5600.0,1.5,1.4166666269302368,0.8313781023025513
03-02-1984,1.4166666269302368,1.4166666269302368,3200.0,1.5,1.4166666269302368,0.8313781023025513
06-02-1984,1.375,1.4166666269302368,3200.0,1.4583333730697632,1.375,0.8069260120391846
07-02-1984,1.2916666269302368,1.375,22400.0,1.4166666269302368,1.2916666269302368,0.7580208778381348
08-02-1984,1.3333333730697632,1.3333333730697632,19200.0,1.4166666269302368,1.3333333730697632,0.7824734449386597
09-02-1984,1.2916666269302368,1.3333333730697632,46400.0,1.4166666269302368,1.2916666269302368,0.7580208778381348
10-02-1984,1.2916666269302368,1.2916666269302368,5600.0,1.4166666269302368,1.2916666269302368,0.7580208778381348
13-02-1984,1.25,1.2916666269302368,33600.0,1.375,1.25,0.7335691452026367
14-02-1984,1.25,1.25,22400.0,1.375,1.25,0.7335691452026367
15-02-1984,1.2916666269302368,1.2916666269302368,17600.0,1.375,1.2916666269302368,0.7580208778381348
16-02-1984,1.2083333730697632,1.2916666269302368,33600.0,1.3333333730697632,1.2083333730697632,0.7091162204742432
17-02-1984,1.1666666269302368,1.2083333730697632,40800.0,1.25,1.1666666269302368,0.6846641302108765
21-02-1984,1.0833333730697632,1.1666666269302368,24000.0,1.2083333730697632,1.0833333730697632,0.6357598304748535
22-02-1984,1.0,1.0833333730697632,34400.0,1.0833333730697632,1.0,0.5868551135063171
23-02-1984,1.0,1.0,39200.0,1.0833333730697632,1.0,0.5868551135063171
24-02-1984,1.0208333730697632,1.0208333730697632,108000.0,1.0833333730697632,1.0208333730697632,0.5990812182426453
27-02-1984,1.0416666269302368,1.0416666269302368,104000.0,1.0833333730697632,1.0416666269302368,0.6113074421882629
28-02-1984,1.0416666269302368,1.0416666269302368,27200.0,1.1666666269302368,1.0416666269302368,0.6113074421882629
29-02-1984,1.0833333730697632,1.0833333730697632,45600.0,1.2083333730697632,1.0833333730697632,0.6357598304748535
01-03-1984,1.0833333730697632,1.0833333730697632,800.0,1.2083333730697632,1.0833333730697632,0.6357598304748535
02-03-1984,1.125,1.125,22400.0,1.2083333730697632,1.125,0.660211980342865
05-03-1984,1.2083333730697632,1.2083333730697632,160800.0,1.3333333730697632,1.2083333730697632,0.7091162204742432
06-03-1984,1.2916666269302368,1.2916666269302368,38400.0,1.4166666269302368,1.2916666269302368,0.7580208778381348
07-03-1984,1.2916666269302368,1.2916666269302368,4800.0,1.4166666269302368,1.2916666269302368,0.7580208778381348
08-03-1984,1.2916666269302368,1.2916666269302368,31200.0,1.4166666269302368,1.2916666269302368,0.7580208778381348
09-03-1984,1.2916666269302368,1.2916666269302368,12800.0,1.4166666269302368,1.2916666269302368,0.7580208778381348
12-03-1984,1.3333333730697632,1.3333333730697632,32000.0,1.4166666269302368,1.3333333730697632,0.7824734449386597
13-03-1984,1.3333333730697632,1.3333333730697632,9600.0,1.4166666269302368,1.3333333730697632,0.7824734449386597
14-03-1984,1.3333333730697632,1.3333333730697632,7200.0,1.4166666269302368,1.3333333730697632,0.7824734449386597
15-03-1984,1.25,1.3333333730697632,53600.0,1.375,1.25,0.7335691452026367
16-03-1984,1.25,1.25,34400.0,1.3333333730697632,1.25,0.7335691452026367
19-03-1984,1.3333333730697632,1.3333333730697632,108000.0,1.4166666269302368,1.3333333730697632,0.7824734449386597
20-03-1984,1.2916666269302368,1.3333333730697632,45600.0,1.375,1.2916666269302368,0.7580208778381348
21-03-1984,1.2916666269302368,1.2916666269302368,12800.0,1.4166666269302368,1.2916666269302368,0.7580208778381348
22-03-1984,1.2916666269302368,1.2916666269302368,800.0,1.4166666269302368,1.2916666269302368,0.7580208778381348
23-03-1984,1.2916666269302368,1.2916666269302368,800.0,1.4166666269302368,1.2916666269302368,0.7580208778381348
26-03-1984,1.3333333730697632,1.3333333730697632,12800.0,1.4166666269302368,1.3333333730697632,0.7824734449386597
27-03-1984,1.3333333730697632,1.3333333730697632,26400.0,1.4166666269302368,1.3333333730697632,0.7824734449386597
28-03-1984,1.3333333730697632,1.3333333730697632,2400.0,1.4166666269302368,1.3333333730697632,0.7824734449386597
29-03-1984,1.3333333730697632,1.3333333730697632,24000.0,1.4166666269302368,1.3333333730697632,0.7824734449386597
30-03-1984,1.2916666269302368,1.3333333730697632,48800.0,1.3958333730697632,1.2916666269302368,0.7580208778381348
02-04-1984,1.2916666269302368,1.2916666269302368,9600.0,1.3958333730697632,1.2916666269302368,0.7580208778381348
03-04-1984,1.2708333730697632,1.2916666269302368,36800.0,1.375,1.2708333730697632,0.7457946538925171
04-04-1984,1.2708333730697632,1.2708333730697632,2400.0,1.3333333730697632,1.2708333730697632,0.7457946538925171
05-04-1984,1.25,1.2708333730697632,800.0,1.3333333730697632,1.25,0.7335691452026367
06-04-1984,1.1875,1.25,36000.0,1.2916666269302368,1.1875,0.6968908905982971
09-04-1984,1.1875,1.1875,0.0,1.1875,1.1875,0.6968908905982971
10-04-1984,1.1875,1.1875,3200.0,1.2916666269302368,1.1875,0.6968908905982971
11-04-1984,1.2083333730697632,1.2083333730697632,7200.0,1.2916666269302368,1.2083333730697632,0.7091162204742432
12-04-1984,1.2083333730697632,1.2083333730697632,800.0,1.2916666269302368,1.2083333730697632,0.7091162204742432
13-04-1984,1.2083333730697632,1.2083333730697632,17600.0,1.2916666269302368,1.2083333730697632,0.7091162204742432
16-04-1984,1.2083333730697632,1.2083333730697632,7200.0,1.2916666269302368,1.2083333730697632,0.7091162204742432
17-04-1984,1.2083333730697632,1.2083333730697632,0.0,1.2083333730697632,1.2083333730697632,0.7091162204742432
18-04-1984,1.2083333730697632,1.2083333730697632,48800.0,1.2916666269302368,1.2083333730697632,0.7091162204742432
19-04-1984,1.1875,1.2083333730697632,10400.0,1.2916666269302368,1.1875,0.6968908905982971
23-04-1984,1.1875,1.1875,4800.0,1.2916666269302368,1.1875,0.6968908905982971
24-04-1984,1.1875,1.1875,39200.0,1.2916666269302368,1.1875,0.6968908905982971
25-04-1984,1.2083333730697632,1.2083333730697632,800.0,1.3125,1.2083333730697632,0.7091162204742432
26-04-1984,1.2083333730697632,1.2083333730697632,24800.0,1.3125,1.2083333730697632,0.7091162204742432
27-04-1984,1.2083333730697632,1.2083333730697632,31200.0,1.2916666269302368,1.2083333730697632,0.7091162204742432
30-04-1984,1.1875,1.2083333730697632,43200.0,1.2708333730697632,1.1875,0.6968908905982971
01-05-1984,1.2083333730697632,1.2083333730697632,50400.0,1.2708333730697632,1.2083333730697632,0.7091162204742432
02-05-1984,1.2083333730697632,1.2083333730697632,48000.0,1.2708333730697632,1.2083333730697632,0.7091162204742432
03-05-1984,1.2083333730697632,1.2083333730697632,12800.0,1.2708333730697632,1.2083333730697632,0.7091162204742432
04-05-1984,1.2083333730697632,1.2083333730697632,2400.0,1.2708333730697632,1.2083333730697632,0.7091162204742432
07-05-1984,1.2083333730697632,1.2083333730697632,8000.0,1.2708333730697632,1.2083333730697632,0.7091162204742432
08-05-1984,1.2083333730697632,1.2083333730697632,3200.0,1.2708333730697632,1.2083333730697632,0.7091162204742432
09-05-1984,1.2083333730697632,1.2083333730697632,3200.0,1.2708333730697632,1.2083333730697632,0.7091162204742432
10-05-1984,1.2083333730697632,1.2083333730697632,3200.0,1.2708333730697632,1.2083333730697632,0.7091162204742432
11-05-1984,1.2083333730697632,1.2083333730697632,0.0,1.2083333730697632,1.2083333730697632,0.7091162204742432
14-05-1984,1.2083333730697632,1.2083333730697632,3200.0,1.2708333730697632,1.2083333730697632,0.7091162204742432
15-05-1984,1.2083333730697632,1.2083333730697632,800.0,1.2708333730697632,1.2083333730697632,0.7091162204742432
16-05-1984,1.2083333730697632,1.2083333730697632,17600.0,1.2708333730697632,1.2083333730697632,0.7091162204742432
17-05-1984,1.2083333730697632,1.2083333730697632,36000.0,1.2708333730697632,1.2083333730697632,0.7091162204742432
18-05-1984,1.2083333730697632,1.2083333730697632,7200.0,1.2708333730697632,1.2083333730697632,0.7091162204742432
21-05-1984,1.2083333730697632,1.2083333730697632,27200.0,1.2708333730697632,1.2083333730697632,0.7091162204742432
22-05-1984,1.2083333730697632,1.2083333730697632,12800.0,1.2708333730697632,1.2083333730697632,0.7091162204742432
23-05-1984,1.2083333730697632,1.2083333730697632,7200.0,1.2708333730697632,1.2083333730697632,0.7091162204742432
24-05-1984,1.2083333730697632,1.2083333730697632,38400.0,1.2708333730697632,1.2083333730697632,0.7091162204742432
25-05-1984,1.2291666269302368,1.2291666269302368,28800.0,1.2708333730697632,1.2291666269302368,0.7213426828384399
29-05-1984,1.2291666269302368,1.2291666269302368,27200.0,1.2708333730697632,1.2291666269302368,0.7213426828384399
30-05-1984,1.2291666269302368,1.2291666269302368,268800.0,1.2708333730697632,1.2291666269302368,0.7213426828384399
31-05-1984,1.2291666269302368,1.2291666269302368,38400.0,1.2916666269302368,1.2291666269302368,0.7213426828384399
01-06-1984,1.2708333730697632,1.2708333730697632,111200.0,1.3541666269302368,1.2708333730697632,0.7457946538925171
04-06-1984,1.2708333730697632,1.2708333730697632,800.0,1.375,1.2708333730697632,0.7457946538925171
05-06-1984,1.2916666269302368,1.2916666269302368,8000.0,1.375,1.2916666269302368,0.7580208778381348
06-06-1984,1.3333333730697632,1.3333333730697632,16800.0,1.375,1.3333333730697632,0.7824734449386597
07-06-1984,1.3125,1.3333333730697632,31200.0,1.375,1.3125,0.7702471017837524
08-06-1984,1.3333333730697632,1.3333333730697632,24000.0,1.375,1.3333333730697632,0.7824734449386597
11-06-1984,1.3333333730697632,1.3333333730697632,5600.0,1.4166666269302368,1.3333333730697632,0.7824734449386597
12-06-1984,1.3333333730697632,1.3333333730697632,67200.0,1.4166666269302368,1.3333333730697632,0.7824734449386597
13-06-1984,1.3541666269302368,1.3541666269302368,72800.0,1.4166666269302368,1.3541666269302368,0.7946994304656982
14-06-1984,1.3541666269302368,1.3541666269302368,68000.0,1.4166666269302368,1.3541666269302368,0.7946994304656982
15-06-1984,1.3541666269302368,1.3541666269302368,4800.0,1.4166666269302368,1.3541666269302368,0.7946994304656982
18-06-1984,1.3541666269302368,1.3541666269302368,2400.0,1.4166666269302368,1.3541666269302368,0.7946994304656982
19-06-1984,1.3541666269302368,1.3541666269302368,2400.0,1.4166666269302368,1.3541666269302368,0.7946994304656982
20-06-1984,1.3541666269302368,1.3541666269302368,64800.0,1.4166666269302368,1.3541666269302368,0.7946994304656982
21-06-1984,1.3541666269302368,1.3541666269302368,8000.0,1.4166666269302368,1.3541666269302368,0.7946994304656982
22-06-1984,1.375,1.375,21600.0,1.4166666269302368,1.375,0.8069260120391846
25-06-1984,1.375,1.375,800.0,1.4166666269302368,1.375,0.8069260120391846
26-06-1984,1.3541666269302368,1.375,3200.0,1.4166666269302368,1.3541666269302368,0.7946994304656982
27-06-1984,1.375,1.375,33600.0,1.4166666269302368,1.375,0.8069260120391846
28-06-1984,1.3541666269302368,1.375,63200.0,1.4166666269302368,1.3541666269302368,0.7946994304656982
29-06-1984,1.3541666269302368,1.3541666269302368,24000.0,1.4166666269302368,1.3541666269302368,0.7946994304656982
02-07-1984,1.3541666269302368,1.3541666269302368,24800.0,1.4166666269302368,1.3541666269302368,0.7946994304656982
03-07-1984,1.3541666269302368,1.3541666269302368,46400.0,1.4166666269302368,1.3541666269302368,0.7946994304656982
05-07-1984,1.3541666269302368,1.3541666269302368,0.0,1.3541666269302368,1.3541666269302368,0.7946994304656982
06-07-1984,1.3541666269302368,1.3541666269302368,4800.0,1.4166666269302368,1.3541666269302368,0.7946994304656982
09-07-1984,1.3541666269302368,1.3541666269302368,9600.0,1.4166666269302368,1.3541666269302368,0.7946994304656982
10-07-1984,1.3541666269302368,1.3541666269302368,3200.0,1.4166666269302368,1.3541666269302368,0.7946994304656982
11-07-1984,1.3541666269302368,1.3541666269302368,800.0,1.4166666269302368,1.3541666269302368,0.7946994304656982
12-07-1984,1.3541666269302368,1.3541666269302368,0.0,1.3541666269302368,1.3541666269302368,0.7946994304656982
13-07-1984,1.3541666269302368,1.3541666269302368,14400.0,1.4166666269302368,1.3541666269302368,0.7946994304656982
16-07-1984,1.3541666269302368,1.3541666269302368,4800.0,1.4166666269302368,1.3541666269302368,0.7946994304656982
17-07-1984,1.3541666269302368,1.3541666269302368,15200.0,1.375,1.375,0.8069260120391846
18-07-1984,1.375,1.375,0.0,1.375,1.375,0.8069260120391846
19-07-1984,1.3541666269302368,1.3541666269302368,2400.0,1.3541666269302368,1.3541666269302368,0.7946994304656982
20-07-1984,1.3541666269302368,1.3541666269302368,0.0,1.3541666269302368,1.3541666269302368,0.7946994304656982
23-07-1984,1.3541666269302368,1.3541666269302368,158400.0,1.4166666269302368,1.3541666269302368,0.7946994304656982
24-07-1984,1.3541666269302368,1.3541666269302368,53600.0,1.4166666269302368,1.375,0.8069260120391846
25-07-1984,1.3541666269302368,1.375,111200.0,1.375,1.375,0.8069260120391846
26-07-1984,1.375,1.375,800.0,1.375,1.375,0.8069260120391846
27-07-1984,1.3541666269302368,1.375,65600.0,1.375,1.3541666269302368,0.7946994304656982
30-07-1984,1.3541666269302368,1.3541666269302368,0.0,1.3541666269302368,1.3541666269302368,0.7946994304656982
31-07-1984,1.3541666269302368,1.3541666269302368,0.0,1.3541666269302368,1.3541666269302368,0.7946994304656982
01-08-1984,1.3541666269302368,1.3541666269302368,7200.0,1.3541666269302368,1.3541666269302368,0.7946994304656982
02-08-1984,1.4166666269302368,1.4166666269302368,800.0,1.4166666269302368,1.4166666269302368,0.8313781023025513
03-08-1984,1.3645833730697632,1.4166666269302368,14400.0,1.4166666269302368,1.3645833730697632,0.8008126616477966
06-08-1984,1.375,1.375,40800.0,1.4166666269302368,1.4166666269302368,0.8313781023025513
07-08-1984,1.40625,1.4166666269302368,74400.0,1.5208333730697632,1.5208333730697632,0.8925089836120605
08-08-1984,1.4583333730697632,1.5,8000.0,1.5,1.4583333730697632,0.8558305501937866
09-08-1984,1.4166666269302368,1.4583333730697632,38400.0,1.5,1.4375,0.8436042070388794
10-08-1984,1.4375,1.4375,0.0,1.4375,1.4375,0.8436042070388794
13-08-1984,1.4166666269302368,1.4375,24000.0,1.4791666269302368,1.4166666269302368,0.8313781023025513
14-08-1984,1.4375,1.4375,8000.0,1.4583333730697632,1.4375,0.8436042070388794
15-08-1984,1.4166666269302368,1.4375,24800.0,1.4791666269302368,1.4791666269302368,0.8680568933486938
16-08-1984,1.4583333730697632,1.4791666269302368,69600.0,1.5,1.5,0.8802825808525085
17-08-1984,1.4583333730697632,1.4791666269302368,17600.0,1.4791666269302368,1.4583333730697632,0.8558305501937866
20-08-1984,1.4791666269302368,1.4791666269302368,3200.0,1.4791666269302368,1.4791666269302368,0.8680568933486938
21-08-1984,1.4583333730697632,1.4791666269302368,14400.0,1.5,1.5,0.8802825808525085
22-08-1984,1.5,1.5,0.0,1.5,1.5,0.8802825808525085
23-08-1984,1.4583333730697632,1.4583333730697632,2400.0,1.4583333730697632,1.4583333730697632,0.8558305501937866
24-08-1984,1.4583333730697632,1.4583333730697632,14400.0,1.4791666269302368,1.4583333730697632,0.8558305501937866
27-08-1984,1.4583333730697632,1.4583333730697632,15200.0,1.4791666269302368,1.4583333730697632,0.8558305501937866
28-08-1984,1.4166666269302368,1.4375,7200.0,1.4375,1.4375,0.8436042070388794
29-08-1984,1.4166666269302368,1.4166666269302368,2400.0,1.4166666269302368,1.4166666269302368,0.8313781023025513
30-08-1984,1.4375,1.4375,16800.0,1.4583333730697632,1.4583333730697632,0.8558305501937866
31-08-1984,1.4583333730697632,1.4583333730697632,0.0,1.4583333730697632,1.4583333730697632,0.8558305501937866
04-09-1984,1.4166666269302368,1.4583333730697632,28800.0,1.4583333730697632,1.4583333730697632,0.8558305501937866
05-09-1984,1.4166666269302368,1.4375,4800.0,1.4375,1.4270833730697632,0.8374910950660706
06-09-1984,1.4166666269302368,1.4270833730697632,63200.0,1.4583333730697632,1.4583333730697632,0.8558305501937866
07-09-1984,1.46875,1.46875,5600.0,1.46875,1.46875,0.8619435429573059
10-09-1984,1.4166666269302368,1.46875,8000.0,1.4791666269302368,1.4166666269302368,0.8313781023025513
11-09-1984,1.4166666269302368,1.4166666269302368,8000.0,1.4583333730697632,1.4583333730697632,0.8558305501937866
12-09-1984,1.4270833730697632,1.4270833730697632,2400.0,1.4270833730697632,1.4270833730697632,0.8374910950660706
13-09-1984,1.4166666269302368,1.4270833730697632,3200.0,1.4270833730697632,1.4270833730697632,0.8374910950660706
14-09-1984,1.4166666269302368,1.4166666269302368,72800.0,1.4166666269302368,1.4166666269302368,0.8313781023025513
17-09-1984,1.4166666269302368,1.4166666269302368,24000.0,1.4791666269302368,1.4791666269302368,0.8680568933486938
18-09-1984,1.4166666269302368,1.4166666269302368,4800.0,1.4166666269302368,1.4166666269302368,0.8313781023025513
19-09-1984,1.4166666269302368,1.4166666269302368,65600.0,1.4583333730697632,1.4583333730697632,0.8558305501937866
20-09-1984,1.4166666269302368,1.4583333730697632,250400.0,1.46875,1.46875,0.8619435429573059
21-09-1984,1.46875,1.46875,2400.0,1.46875,1.46875,0.8619435429573059
24-09-1984,1.4166666269302368,1.4375,27200.0,1.4375,1.4375,0.8436042070388794
25-09-1984,1.4375,1.4375,15200.0,1.4375,1.4375,0.8436042070388794
26-09-1984,1.4166666269302368,1.4375,139200.0,1.4375,1.4166666269302368,0.8313781023025513
27-09-1984,1.4166666269302368,1.4166666269302368,10400.0,1.4166666269302368,1.4166666269302368,0.8313781023025513
28-09-1984,1.4166666269302368,1.4166666269302368,129600.0,1.4791666269302368,1.4791666269302368,0.8680568933486938
01-10-1984,1.4791666269302368,1.4791666269302368,0.0,1.4791666269302368,1.4791666269302368,0.8680568933486938
02-10-1984,1.4375,1.4375,3200.0,1.4375,1.4375,0.8436042070388794
03-10-1984,1.4375,1.4375,62400.0,1.4583333730697632,1.4375,0.8436042070388794
04-10-1984,1.4375,1.4375,480800.0,1.4583333730697632,1.4375,0.8436042070388794
05-10-1984,1.4375,1.4375,0.0,1.4375,1.4375,0.8436042070388794
08-10-1984,1.4375,1.4375,2400.0,1.4375,1.4375,0.8436042070388794
09-10-1984,1.4375,1.4375,180000.0,1.4791666269302368,1.4583333730697632,0.8558305501937866
10-10-1984,1.4375,1.4583333730697632,29600.0,1.4583333730697632,1.4375,0.8436042070388794
11-10-1984,1.4375,1.4375,7200.0,1.4375,1.4375,0.8436042070388794
12-10-1984,1.4375,1.4375,20000.0,1.4583333730697632,1.4375,0.8436042070388794
15-10-1984,1.4375,1.4375,2400.0,1.4375,1.4375,0.8436042070388794
16-10-1984,1.4479166269302368,1.4479166269302368,170400.0,1.5,1.5,0.8802825808525085
17-10-1984,1.4375,1.4375,14400.0,1.4375,1.4375,0.8436042070388794
18-10-1984,1.4375,1.4375,0.0,1.4375,1.4375,0.8436042070388794
19-10-1984,1.4375,1.4375,0.0,1.4375,1.4375,0.8436042070388794
22-10-1984,1.4375,1.4375,20000.0,1.4375,1.4375,0.8436042070388794
23-10-1984,1.4375,1.4375,0.0,1.4375,1.4375,0.8436042070388794
24-10-1984,1.4375,1.4375,800.0,1.4375,1.4375,0.8436042070388794
25-10-1984,1.4375,1.4375,0.0,1.4375,1.4375,0.8436042070388794
26-10-1984,1.4375,1.4375,7200.0,1.4375,1.4375,0.8436042070388794
29-10-1984,1.4375,1.4375,19200.0,1.4479166269302368,1.4375,0.8436042070388794
30-10-1984,1.4375,1.4375,72000.0,1.4583333730697632,1.4583333730697632,0.8558305501937866
31-10-1984,1.4583333730697632,1.4583333730697632,0.0,1.4583333730697632,1.4583333730697632,0.8558305501937866
01-11-1984,1.4375,1.4375,800.0,1.4375,1.4375,0.8436042070388794
02-11-1984,1.4583333730697632,1.4583333730697632,55200.0,1.5,1.4791666269302368,0.8680568933486938
05-11-1984,1.4583333730697632,1.4583333730697632,3200.0,1.4583333730697632,1.4583333730697632,0.8558305501937866
06-11-1984,1.4375,1.4583333730697632,15200.0,1.4583333730697632,1.4583333730697632,0.8558305501937866
07-11-1984,1.4583333730697632,1.4583333730697632,12000.0,1.46875,1.46875,0.8619435429573059
08-11-1984,1.4583333730697632,1.46875,9600.0,1.5,1.4583333730697632,0.8558305501937866
09-11-1984,1.5,1.5,31200.0,1.5416666269302368,1.5,0.8802825808525085
12-11-1984,1.4791666269302368,1.5,19200.0,1.5416666269302368,1.5416666269302368,0.904735267162323
13-11-1984,1.5416666269302368,1.5416666269302368,103200.0,1.5833333730697632,1.5833333730697632,0.9291872382164001
14-11-1984,1.625,1.625,800.0,1.625,1.625,0.9536386132240295
15-11-1984,1.5416666269302368,1.5833333730697632,79200.0,1.5833333730697632,1.5416666269302368,0.904735267162323
16-11-1984,1.5416666269302368,1.5416666269302368,800.0,1.5416666269302368,1.5416666269302368,0.904735267162323
19-11-1984,1.5416666269302368,1.5416666269302368,800.0,1.5416666269302368,1.5416666269302368,0.904735267162323
20-11-1984,1.5625,1.5625,800.0,1.5625,1.5625,0.9169606566429138
21-11-1984,1.5833333730697632,1.5833333730697632,4800.0,1.5833333730697632,1.5833333730697632,0.9291872382164001
23-11-1984,1.5833333730697632,1.5833333730697632,0.0,1.5833333730697632,1.5833333730697632,0.9291872382164001
26-11-1984,1.5416666269302368,1.5416666269302368,19200.0,1.5416666269302368,1.5416666269302368,0.904735267162323
27-11-1984,1.5208333730697632,1.5416666269302368,55200.0,1.5416666269302368,1.5416666269302368,0.904735267162323
28-11-1984,1.5416666269302368,1.5416666269302368,24800.0,1.5416666269302368,1.5416666269302368,0.904735267162323
29-11-1984,1.5416666269302368,1.5416666269302368,15200.0,1.6041666269302368,1.6041666269302368,0.9414137005805969
30-11-1984,1.5416666269302368,1.5416666269302368,800.0,1.5416666269302368,1.5416666269302368,0.904735267162323
03-12-1984,1.5416666269302368,1.5416666269302368,33600.0,1.5416666269302368,1.5416666269302368,0.904735267162323
04-12-1984,1.5416666269302368,1.5416666269302368,2400.0,1.5833333730697632,1.5416666269302368,0.904735267162323
05-12-1984,1.4583333730697632,1.5416666269302368,34400.0,1.5416666269302368,1.5208333730697632,0.8925089836120605
06-12-1984,1.5,1.5,14400.0,1.5,1.5,0.8802825808525085
07-12-1984,1.4583333730697632,1.5,67200.0,1.5208333730697632,1.5208333730697632,0.8925089836120605
10-12-1984,1.4583333730697632,1.4583333730697632,2400.0,1.4583333730697632,1.4583333730697632,0.8558305501937866
11-12-1984,1.4583333730697632,1.4583333730697632,7200.0,1.4583333730697632,1.4583333730697632,0.8558305501937866
12-12-1984,1.4583333730697632,1.4583333730697632,91200.0,1.5416666269302368,1.5416666269302368,0.904735267162323
13-12-1984,1.4583333730697632,1.4583333730697632,12000.0,1.4583333730697632,1.4583333730697632,0.8558305501937866
14-12-1984,1.4583333730697632,1.4583333730697632,9600.0,1.5,1.4583333730697632,0.8558305501937866
17-12-1984,1.4583333730697632,1.4583333730697632,0.0,1.4583333730697632,1.4583333730697632,0.8558305501937866
18-12-1984,1.4583333730697632,1.4583333730697632,98400.0,1.5,1.4583333730697632,0.8558305501937866
19-12-1984,1.4583333730697632,1.4583333730697632,7200.0,1.4583333730697632,1.4583333730697632,0.8558305501937866
20-12-1984,1.375,1.375,800.0,1.375,1.375,0.8069260120391846
21-12-1984,1.375,1.375,41600.0,1.3958333730697632,1.375,0.8069260120391846
24-12-1984,1.375,1.375,0.0,1.375,1.375,0.8069260120391846
26-12-1984,1.375,1.375,5600.0,1.375,1.375,0.8069260120391846
27-12-1984,1.375,1.375,800.0,1.375,1.375,0.8069260120391846
28-12-1984,1.375,1.375,4800.0,1.375,1.375,0.8069260120391846
31-12-1984,1.3958333730697632,1.3958333730697632,17600.0,1.4583333730697632,1.4583333730697632,0.8558305501937866
02-01-1985,1.4166666269302368,1.4375,412800.0,1.4375,1.4166666269302368,0.8313781023025513
03-01-1985,1.4166666269302368,1.4166666269302368,2748000.0,1.4375,1.4375,0.8436042070388794
04-01-1985,1.4166666269302368,1.4375,328800.0,1.5,1.5,0.8802825808525085
07-01-1985,1.4583333730697632,1.5,219200.0,1.5,1.5,0.8802825808525085
08-01-1985,1.4791666269302368,1.5,7200.0,1.5,1.4791666269302368,0.8680568933486938
09-01-1985,1.4791666269302368,1.4791666269302368,0.0,1.4791666269302368,1.4791666269302368,0.8680568933486938
10-01-1985,1.4583333730697632,1.4791666269302368,22400.0,1.5,1.4583333730697632,0.8558305501937866
11-01-1985,1.4583333730697632,1.4583333730697632,28800.0,1.5,1.5,0.8802825808525085
14-01-1985,1.4791666269302368,1.5,10400.0,1.5,1.5,0.8802825808525085
15-01-1985,1.4583333730697632,1.5,15200.0,1.5208333730697632,1.5208333730697632,0.8925089836120605
16-01-1985,1.5416666269302368,1.5416666269302368,3200.0,1.5416666269302368,1.5416666269302368,0.904735267162323
17-01-1985,1.5,1.5,800.0,1.5,1.5,0.8802825808525085
18-01-1985,1.4791666269302368,1.5,29600.0,1.5416666269302368,1.5416666269302368,0.904735267162323
21-01-1985,1.5416666269302368,1.5416666269302368,2400.0,1.5416666269302368,1.5416666269302368,0.904735267162323
22-01-1985,1.4583333730697632,1.4791666269302368,3200.0,1.4791666269302368,1.4583333730697632,0.8558305501937866
23-01-1985,1.5208333730697632,1.5208333730697632,5600.0,1.5416666269302368,1.5416666269302368,0.904735267162323
24-01-1985,1.4583333730697632,1.5416666269302368,5600.0,1.5416666269302368,1.4791666269302368,0.8680568933486938
25-01-1985,1.4791666269302368,1.4791666269302368,5600.0,1.5416666269302368,1.5416666269302368,0.904735267162323
28-01-1985,1.4791666269302368,1.4791666269302368,800.0,1.4791666269302368,1.4791666269302368,0.8680568933486938
29-01-1985,1.5,1.5,55200.0,1.5208333730697632,1.5,0.8802825808525085
30-01-1985,1.5,1.5,36000.0,1.5416666269302368,1.5208333730697632,0.8925089836120605
31-01-1985,1.5208333730697632,1.5208333730697632,2400.0,1.5208333730697632,1.5208333730697632,0.8925089836120605
01-02-1985,1.5,1.5208333730697632,10400.0,1.5416666269302368,1.5,0.8802825808525085
04-02-1985,1.5,1.5,7200.0,1.5416666269302368,1.5,0.8802825808525085
05-02-1985,1.5,1.5,29600.0,1.5416666269302368,1.5416666269302368,0.904735267162323
06-02-1985,1.5,1.5416666269302368,29600.0,1.5416666269302368,1.5,0.8802825808525085
07-02-1985,1.5,1.5,56000.0,1.5416666269302368,1.5416666269302368,0.904735267162323
08-02-1985,1.5,1.5416666269302368,80000.0,1.5416666269302368,1.5416666269302368,0.904735267162323
11-02-1985,1.5,1.5416666269302368,134400.0,1.5416666269302368,1.5416666269302368,0.904735267162323
12-02-1985,1.5,1.5416666269302368,68000.0,1.5416666269302368,1.5416666269302368,0.904735267162323
13-02-1985,1.5416666269302368,1.5416666269302368,432000.0,1.6041666269302368,1.5833333730697632,0.9291872382164001
14-02-1985,1.5416666269302368,1.5833333730697632,264000.0,1.5833333730697632,1.5416666269302368,0.904735267162323
15-02-1985,1.6458333730697632,1.6458333730697632,15200.0,1.6458333730697632,1.6458333730697632,0.9658656120300293
19-02-1985,1.5416666269302368,1.5625,8000.0,1.5625,1.5416666269302368,0.904735267162323
20-02-1985,1.5416666269302368,1.5416666269302368,5600.0,1.5833333730697632,1.5833333730697632,0.9291872382164001
21-02-1985,1.625,1.625,24000.0,1.625,1.625,0.9536386132240295
22-02-1985,1.5833333730697632,1.625,3200.0,1.625,1.5833333730697632,0.9291872382164001
25-02-1985,1.5416666269302368,1.5833333730697632,27200.0,1.5833333730697632,1.5833333730697632,0.9291872382164001
26-02-1985,1.5416666269302368,1.5833333730697632,14400.0,1.5833333730697632,1.5833333730697632,0.9291872382164001
27-02-1985,1.5833333730697632,1.5833333730697632,1461600.0,1.6458333730697632,1.5833333730697632,0.9291872382164001
28-02-1985,1.5833333730697632,1.5833333730697632,1140000.0,1.625,1.625,0.9536386132240295
01-03-1985,1.5833333730697632,1.625,16800.0,1.6666666269302368,1.6666666269302368,0.9780911803245544
04-03-1985,1.6041666269302368,1.6041666269302368,800.0,1.6041666269302368,1.6041666269302368,0.9414137005805969
05-03-1985,1.5833333730697632,1.6041666269302368,12800.0,1.6458333730697632,1.5833333730697632,0.9291872382164001
06-03-1985,1.6458333730697632,1.6458333730697632,3200.0,1.6666666269302368,1.6458333730697632,0.9658656120300293
07-03-1985,1.6458333730697632,1.6458333730697632,0.0,1.6458333730697632,1.6458333730697632,0.9658656120300293
08-03-1985,1.5833333730697632,1.5833333730697632,7200.0,1.5833333730697632,1.5833333730697632,0.9291872382164001
11-03-1985,1.5833333730697632,1.5833333730697632,0.0,1.5833333730697632,1.5833333730697632,0.9291872382164001
12-03-1985,1.5833333730697632,1.5833333730697632,0.0,1.5833333730697632,1.5833333730697632,0.9291872382164001
13-03-1985,1.5833333730697632,1.5833333730697632,3200.0,1.6458333730697632,1.6041666269302368,0.9414137005805969
14-03-1985,1.6041666269302368,1.6041666269302368,14400.0,1.6041666269302368,1.6041666269302368,0.9414137005805969
15-03-1985,1.6041666269302368,1.6041666269302368,72000.0,1.6145833730697632,1.6041666269302368,0.9414137005805969
18-03-1985,1.6041666269302368,1.6041666269302368,8000.0,1.6041666269302368,1.6041666269302368,0.9414137005805969
19-03-1985,1.6041666269302368,1.6041666269302368,39200.0,1.625,1.625,0.9536386132240295
20-03-1985,1.6041666269302368,1.625,40800.0,1.625,1.625,0.9536386132240295
21-03-1985,1.625,1.625,4800.0,1.625,1.625,0.9536386132240295
22-03-1985,1.625,1.625,0.0,1.625,1.625,0.9536386132240295
25-03-1985,1.625,1.625,4800.0,1.625,1.625,0.9536386132240295
26-03-1985,1.625,1.625,0.0,1.625,1.625,0.9536386132240295
27-03-1985,1.625,1.625,24000.0,1.625,1.625,0.9536386132240295
28-03-1985,1.6666666269302368,1.6666666269302368,478400.0,1.7916666269302368,1.7083333730697632,1.002543568611145
29-03-1985,1.6666666269302368,1.6666666269302368,800.0,1.6666666269302368,1.6666666269302368,0.9780911803245544
01-04-1985,1.625,1.625,7200.0,1.625,1.625,0.9536386132240295
02-04-1985,1.625,1.625,4800.0,1.6458333730697632,1.625,0.9536386132240295
03-04-1985,1.6458333730697632,1.6458333730697632,2400.0,1.6458333730697632,1.6458333730697632,0.9658656120300293
04-04-1985,1.625,1.6458333730697632,4800.0,1.6458333730697632,1.6458333730697632,0.9658656120300293
08-04-1985,1.625,1.625,14400.0,1.625,1.625,0.9536386132240295
09-04-1985,1.625,1.625,9600.0,1.75,1.625,0.9536386132240295
10-04-1985,1.625,1.625,76800.0,1.7291666269302368,1.7291666269302368,1.014770269393921
11-04-1985,1.6770833730697632,1.7291666269302368,271200.0,1.7291666269302368,1.6875,0.9903172850608826
12-04-1985,1.6666666269302368,1.6875,869600.0,1.7291666269302368,1.6666666269302368,0.9780911803245544
15-04-1985,1.6666666269302368,1.6666666269302368,269600.0,1.7083333730697632,1.7083333730697632,1.002543568611145
16-04-1985,1.6875,1.7083333730697632,106400.0,1.7083333730697632,1.7083333730697632,1.002543568611145
17-04-1985,1.6875,1.6875,15200.0,1.6875,1.6875,0.9903172850608826
18-04-1985,1.7083333730697632,1.7083333730697632,2400.0,1.7083333730697632,1.7083333730697632,1.002543568611145
19-04-1985,1.6875,1.6875,29600.0,1.6875,1.6875,0.9903172850608826
22-04-1985,1.6875,1.6875,43200.0,1.7083333730697632,1.6875,0.9903172850608826
23-04-1985,1.6875,1.6875,281600.0,1.7291666269302368,1.6979166269302368,0.9964309930801392
24-04-1985,1.6875,1.6979166269302368,8000.0,1.7291666269302368,1.7291666269302368,1.014770269393921
25-04-1985,1.6875,1.6979166269302368,15200.0,1.6979166269302368,1.6875,0.9903172850608826
26-04-1985,1.6875,1.6875,34400.0,1.7083333730697632,1.6875,0.9903172850608826
29-04-1985,1.6875,1.6875,288000.0,1.7083333730697632,1.6875,0.9903172850608826
30-04-1985,1.6875,1.6875,0.0,1.6875,1.6875,0.9903172850608826
01-05-1985,1.6875,1.6875,264000.0,1.7291666269302368,1.7083333730697632,1.002543568611145
02-05-1985,1.6875,1.7083333730697632,149600.0,1.7291666269302368,1.7083333730697632,1.002543568611145
03-05-1985,1.7083333730697632,1.7083333730697632,355200.0,1.71875,1.7083333730697632,1.002543568611145
06-05-1985,1.7083333730697632,1.7083333730697632,27200.0,1.7083333730697632,1.7083333730697632,1.002543568611145
07-05-1985,1.7083333730697632,1.7083333730697632,106400.0,1.7291666269302368,1.7291666269302368,1.014770269393921
08-05-1985,1.7083333730697632,1.71875,91200.0,1.71875,1.7083333730697632,1.002543568611145
09-05-1985,1.6666666269302368,1.7083333730697632,432000.0,1.7083333730697632,1.6875,0.9903172850608826
10-05-1985,1.6875,1.6875,5600.0,1.6875,1.6875,0.9903172850608826
13-05-1985,1.6666666269302368,1.6666666269302368,19200.0,1.6666666269302368,1.6666666269302368,0.9780911803245544
14-05-1985,1.625,1.6666666269302368,45600.0,1.6666666269302368,1.625,0.9536386132240295
15-05-1985,1.5833333730697632,1.5833333730697632,19200.0,1.5833333730697632,1.5833333730697632,0.9291872382164001
16-05-1985,1.5416666269302368,1.5833333730697632,16800.0,1.625,1.5416666269302368,0.904735267162323
17-05-1985,1.5416666269302368,1.5416666269302368,27200.0,1.625,1.5833333730697632,0.9291872382164001
20-05-1985,1.5416666269302368,1.5833333730697632,34400.0,1.5833333730697632,1.5833333730697632,0.9291872382164001
21-05-1985,1.5416666269302368,1.5833333730697632,14400.0,1.625,1.625,0.9536386132240295
22-05-1985,1.5416666269302368,1.625,8000.0,1.625,1.5416666269302368,0.904735267162323
23-05-1985,1.5416666269302368,1.5416666269302368,800.0,1.5416666269302368,1.5416666269302368,0.904735267162323
24-05-1985,1.5416666269302368,1.5416666269302368,0.0,1.5416666269302368,1.5416666269302368,0.904735267162323
28-05-1985,1.5625,1.5625,122400.0,1.625,1.5625,0.9169606566429138
29-05-1985,1.5625,1.5625,24000.0,1.5625,1.5625,0.9169606566429138
30-05-1985,1.5625,1.5625,12800.0,1.5625,1.5625,0.9169606566429138
31-05-1985,1.5625,1.5625,800.0,1.5625,1.5625,0.9169606566429138
03-06-1985,1.5625,1.5625,4800.0,1.5625,1.5625,0.9169606566429138
04-06-1985,1.5416666269302368,1.5625,10400.0,1.5625,1.5416666269302368,0.904735267162323
05-06-1985,1.5208333730697632,1.5416666269302368,27200.0,1.5833333730697632,1.5833333730697632,0.9291872382164001
06-06-1985,1.5208333730697632,1.5833333730697632,180800.0,1.5833333730697632,1.5208333730697632,0.8925089836120605
07-06-1985,1.5208333730697632,1.5208333730697632,38400.0,1.5208333730697632,1.5208333730697632,0.8925089836120605
10-06-1985,1.5208333730697632,1.5208333730697632,5600.0,1.5208333730697632,1.5208333730697632,0.8925089836120605
11-06-1985,1.4166666269302368,1.5208333730697632,1814400.0,1.5208333730697632,1.5208333730697632,0.8925089836120605
12-06-1985,1.53125,1.53125,128000.0,1.5833333730697632,1.5416666269302368,0.904735267162323
13-06-1985,1.5416666269302368,1.5416666269302368,0.0,1.5416666269302368,1.5416666269302368,0.904735267162323
14-06-1985,1.5416666269302368,1.5416666269302368,24000.0,1.5416666269302368,1.5416666269302368,0.904735267162323
17-06-1985,1.5416666269302368,1.5416666269302368,0.0,1.5416666269302368,1.5416666269302368,0.904735267162323
18-06-1985,1.5416666269302368,1.5416666269302368,0.0,1.5416666269302368,1.5416666269302368,0.904735267162323
19-06-1985,1.5208333730697632,1.53125,320000.0,1.53125,1.5208333730697632,0.8925089836120605
20-06-1985,1.5208333730697632,1.5208333730697632,2400.0,1.5625,1.5208333730697632,0.8925089836120605
21-06-1985,1.5208333730697632,1.5208333730697632,8000.0,1.5208333730697632,1.5208333730697632,0.8925089836120605
24-06-1985,1.5,1.5208333730697632,56000.0,1.5208333730697632,1.5104166269302368,0.8863947987556458
25-06-1985,1.5,1.5104166269302368,151200.0,1.5208333730697632,1.5,0.8802825808525085
26-06-1985,1.5,1.5,273600.0,1.5416666269302368,1.5,0.8802825808525085
27-06-1985,1.5,1.5,195200.0,1.5208333730697632,1.5,0.8802825808525085
28-06-1985,1.5,1.5,88800.0,1.5416666269302368,1.53125,0.8986222147941589
01-07-1985,1.5208333730697632,1.53125,8000.0,1.5416666269302368,1.5208333730697632,0.8925089836120605
02-07-1985,1.5416666269302368,1.5416666269302368,118400.0,1.5833333730697632,1.5416666269302368,0.904735267162323
03-07-1985,1.5416666269302368,1.5416666269302368,52800.0,1.5625,1.5416666269302368,0.904735267162323
05-07-1985,1.625,1.625,21600.0,1.625,1.625,0.9536386132240295
08-07-1985,1.5416666269302368,1.5833333730697632,31200.0,1.5833333730697632,1.5833333730697632,0.9291872382164001
09-07-1985,1.5416666269302368,1.5416666269302368,19200.0,1.5416666269302368,1.5416666269302368,0.904735267162323
10-07-1985,1.5416666269302368,1.5416666269302368,4800.0,1.5416666269302368,1.5416666269302368,0.904735267162323
11-07-1985,1.5416666269302368,1.5416666269302368,12800.0,1.5416666269302368,1.5416666269302368,0.904735267162323
12-07-1985,1.5416666269302368,1.5416666269302368,0.0,1.5416666269302368,1.5416666269302368,0.904735267162323
15-07-1985,1.5416666269302368,1.5416666269302368,3200.0,1.5416666269302368,1.5416666269302368,0.904735267162323
16-07-1985,1.5416666269302368,1.5416666269302368,60800.0,1.5833333730697632,1.5833333730697632,0.9291872382164001
17-07-1985,1.5416666269302368,1.5833333730697632,7200.0,1.5833333730697632,1.5416666269302368,0.904735267162323
18-07-1985,1.5416666269302368,1.5416666269302368,15200.0,1.5625,1.5625,0.9169606566429138
19-07-1985,1.5416666269302368,1.5625,48000.0,1.5833333730697632,1.5833333730697632,0.9291872382164001
22-07-1985,1.5416666269302368,1.5416666269302368,800.0,1.5416666269302368,1.5416666269302368,0.904735267162323
23-07-1985,1.5416666269302368,1.5416666269302368,16800.0,1.5833333730697632,1.5416666269302368,0.904735267162323
24-07-1985,1.5416666269302368,1.5416666269302368,21600.0,1.5416666269302368,1.5416666269302368,0.904735267162323
25-07-1985,1.5416666269302368,1.5416666269302368,45600.0,1.5416666269302368,1.5416666269302368,0.904735267162323
26-07-1985,1.5416666269302368,1.5416666269302368,5600.0,1.5416666269302368,1.5416666269302368,0.904735267162323
29-07-1985,1.5416666269302368,1.5416666269302368,552000.0,1.5625,1.5625,0.9169606566429138
30-07-1985,1.5416666269302368,1.5625,286400.0,1.5625,1.5416666269302368,0.904735267162323
31-07-1985,1.5416666269302368,1.5416666269302368,158400.0,1.5625,1.5625,0.9169606566429138
01-08-1985,1.5416666269302368,1.5416666269302368,2400.0,1.5416666269302368,1.5416666269302368,0.904735267162323
02-08-1985,1.5416666269302368,1.5416666269302368,14400.0,1.5416666269302368,1.5416666269302368,0.904735267162323
05-08-1985,1.5416666269302368,1.5416666269302368,68000.0,1.5833333730697632,1.5416666269302368,0.904735267162323
06-08-1985,1.5416666269302368,1.5416666269302368,15200.0,1.5833333730697632,1.5416666269302368,0.904735267162323
07-08-1985,1.5416666269302368,1.5416666269302368,20000.0,1.5416666269302368,1.5416666269302368,0.904735267162323
08-08-1985,1.4166666269302368,1.5416666269302368,68000.0,1.5416666269302368,1.5208333730697632,0.8925089836120605
09-08-1985,1.4166666269302368,1.5208333730697632,36800.0,1.5208333730697632,1.5208333730697632,0.8925089836120605
12-08-1985,1.4375,1.4583333730697632,22400.0,1.4583333730697632,1.4583333730697632,0.8558305501937866
13-08-1985,1.4375,1.4375,2400.0,1.4375,1.4375,0.8436042070388794
14-08-1985,1.4166666269302368,1.4166666269302368,2400.0,1.4166666269302368,1.4166666269302368,0.8313781023025513
15-08-1985,1.4166666269302368,1.4166666269302368,160800.0,1.4479166269302368,1.4479166269302368,0.8497169613838196
16-08-1985,1.3958333730697632,1.4166666269302368,65600.0,1.4166666269302368,1.4166666269302368,0.8313781023025513
19-08-1985,1.4166666269302368,1.4166666269302368,12800.0,1.4375,1.4166666269302368,0.8313781023025513
20-08-1985,1.2916666269302368,1.2916666269302368,4800.0,1.2916666269302368,1.2916666269302368,0.7580208778381348
21-08-1985,1.4166666269302368,1.4166666269302368,9600.0,1.4166666269302368,1.4166666269302368,0.8313781023025513
22-08-1985,1.3333333730697632,1.4166666269302368,5600.0,1.4166666269302368,1.3333333730697632,0.7824734449386597
23-08-1985,1.3333333730697632,1.3333333730697632,0.0,1.3333333730697632,1.3333333730697632,0.7824734449386597
26-08-1985,1.3333333730697632,1.3333333730697632,0.0,1.3333333730697632,1.3333333730697632,0.7824734449386597
27-08-1985,1.4166666269302368,1.4166666269302368,12000.0,1.4166666269302368,1.4166666269302368,0.8313781023025513
28-08-1985,1.2916666269302368,1.2916666269302368,800.0,1.2916666269302368,1.2916666269302368,0.7580208778381348
29-08-1985,1.2916666269302368,1.2916666269302368,800.0,1.2916666269302368,1.2916666269302368,0.7580208778381348
30-08-1985,1.3125,1.3125,5600.0,1.375,1.3125,0.7702471017837524
03-09-1985,1.3125,1.3125,12000.0,1.375,1.3125,0.7702471017837524
04-09-1985,1.3125,1.3125,12000.0,1.375,1.375,0.8069260120391846
05-09-1985,1.3125,1.3333333730697632,5600.0,1.3333333730697632,1.3333333730697632,0.7824734449386597
06-09-1985,1.3333333730697632,1.3333333730697632,0.0,1.3333333730697632,1.3333333730697632,0.7824734449386597
09-09-1985,1.3333333730697632,1.3333333730697632,3200.0,1.3333333730697632,1.3333333730697632,0.7824734449386597
10-09-1985,1.3541666269302368,1.3541666269302368,800.0,1.3541666269302368,1.3541666269302368,0.7946994304656982
11-09-1985,1.375,1.375,12000.0,1.375,1.375,0.8069260120391846
12-09-1985,1.3541666269302368,1.375,106400.0,1.375,1.375,0.8069260120391846
13-09-1985,1.3541666269302368,1.3541666269302368,10400.0,1.3541666269302368,1.3541666269302368,0.7946994304656982
16-09-1985,1.34375,1.3541666269302368,230400.0,1.3958333730697632,1.375,0.8069260120391846
17-09-1985,1.3333333730697632,1.3333333730697632,12000.0,1.3333333730697632,1.3333333730697632,0.7824734449386597
18-09-1985,1.375,1.375,2400.0,1.375,1.375,0.8069260120391846
19-09-1985,1.3333333730697632,1.3333333730697632,9600.0,1.3333333730697632,1.3333333730697632,0.7824734449386597
20-09-1985,1.2916666269302368,1.2916666269302368,5600.0,1.2916666269302368,1.2916666269302368,0.7580208778381348
23-09-1985,1.2916666269302368,1.2916666269302368,0.0,1.2916666269302368,1.2916666269302368,0.7580208778381348
24-09-1985,1.2916666269302368,1.2916666269302368,0.0,1.2916666269302368,1.2916666269302368,0.7580208778381348
25-09-1985,1.2916666269302368,1.2916666269302368,0.0,1.2916666269302368,1.2916666269302368,0.7580208778381348
26-09-1985,1.3125,1.3125,56000.0,1.3541666269302368,1.3541666269302368,0.7946994304656982
30-09-1985,1.3333333730697632,1.3541666269302368,8000.0,1.375,1.375,0.8069260120391846
01-10-1985,1.3125,1.3125,3200.0,1.3125,1.3125,0.7702471017837524
02-10-1985,1.3333333730697632,1.3333333730697632,46400.0,1.375,1.375,0.8069260120391846
03-10-1985,1.3333333730697632,1.3333333730697632,5600.0,1.3333333730697632,1.3333333730697632,0.7824734449386597
04-10-1985,1.3541666269302368,1.3541666269302368,3200.0,1.3541666269302368,1.3541666269302368,0.7946994304656982
07-10-1985,1.3541666269302368,1.3541666269302368,24000.0,1.3541666269302368,1.3541666269302368,0.7946994304656982
08-10-1985,1.3541666269302368,1.3541666269302368,0.0,1.3541666269302368,1.3541666269302368,0.7946994304656982
09-10-1985,1.3541666269302368,1.3541666269302368,0.0,1.3541666269302368,1.3541666269302368,0.7946994304656982
10-10-1985,1.3541666269302368,1.3541666269302368,3200.0,1.3541666269302368,1.3541666269302368,0.7946994304656982
11-10-1985,1.3541666269302368,1.3541666269302368,7200.0,1.3541666269302368,1.3541666269302368,0.7946994304656982
14-10-1985,1.375,1.375,120800.0,1.4375,1.3958333730697632,0.8191523551940918
15-10-1985,1.375,1.3958333730697632,9600.0,1.3958333730697632,1.375,0.8069260120391846
16-10-1985,1.375,1.375,470400.0,1.3958333730697632,1.375,0.8069260120391846
17-10-1985,1.3854166269302368,1.3854166269302368,800.0,1.3854166269302368,1.3854166269302368,0.8130386471748352
18-10-1985,1.375,1.3854166269302368,58400.0,1.3958333730697632,1.375,0.8069260120391846
21-10-1985,1.375,1.375,135200.0,1.3958333730697632,1.375,0.8069260120391846
22-10-1985,1.375,1.375,8000.0,1.375,1.375,0.8069260120391846
23-10-1985,1.375,1.375,5600.0,1.375,1.375,0.8069260120391846
24-10-1985,1.375,1.375,9600.0,1.375,1.375,0.8069260120391846
25-10-1985,1.375,1.375,12800.0,1.375,1.375,0.8069260120391846
28-10-1985,1.3541666269302368,1.375,32000.0,1.3854166269302368,1.375,0.8069260120391846
29-10-1985,1.2708333730697632,1.2708333730697632,8000.0,1.2708333730697632,1.2708333730697632,0.7457946538925171
30-10-1985,1.2708333730697632,1.2708333730697632,0.0,1.2708333730697632,1.2708333730697632,0.7457946538925171
31-10-1985,1.25,1.25,9600.0,1.25,1.25,0.7335691452026367
01-11-1985,1.25,1.25,16800.0,1.375,1.3333333730697632,0.7824734449386597
04-11-1985,1.25,1.2916666269302368,9600.0,1.2916666269302368,1.2916666269302368,0.7580208778381348
05-11-1985,1.2708333730697632,1.2708333730697632,17600.0,1.2708333730697632,1.2708333730697632,0.7457946538925171
06-11-1985,1.3333333730697632,1.3333333730697632,800.0,1.3333333730697632,1.3333333730697632,0.7824734449386597
07-11-1985,1.3333333730697632,1.3333333730697632,12000.0,1.3333333730697632,1.3333333730697632,0.7824734449386597
08-11-1985,1.25,1.3333333730697632,92000.0,1.3333333730697632,1.3333333730697632,0.7824734449386597
11-11-1985,1.2708333730697632,1.3333333730697632,46400.0,1.375,1.375,0.8069260120391846
12-11-1985,1.3333333730697632,1.375,170400.0,1.5,1.375,0.8069260120391846
13-11-1985,1.375,1.375,68000.0,1.4375,1.4375,0.8436042070388794
14-11-1985,1.3958333730697632,1.4375,34400.0,1.4583333730697632,1.4270833730697632,0.8374910950660706
15-11-1985,1.4166666269302368,1.4270833730697632,24800.0,1.4583333730697632,1.4583333730697632,0.8558305501937866
18-11-1985,1.4166666269302368,1.4583333730697632,3200.0,1.4583333730697632,1.4583333730697632,0.8558305501937866
19-11-1985,1.5,1.5,12000.0,1.5,1.5,0.8802825808525085
20-11-1985,1.4166666269302368,1.4166666269302368,800.0,1.4166666269302368,1.4166666269302368,0.8313781023025513
21-11-1985,1.4583333730697632,1.4583333730697632,24800.0,1.5,1.5,0.8802825808525085
22-11-1985,1.4166666269302368,1.5,132000.0,1.5208333730697632,1.5208333730697632,0.8925089836120605
25-11-1985,1.4166666269302368,1.46875,101600.0,1.46875,1.4166666269302368,0.8313781023025513
26-11-1985,1.4166666269302368,1.4166666269302368,0.0,1.4166666269302368,1.4166666269302368,0.8313781023025513
27-11-1985,1.4166666269302368,1.4166666269302368,0.0,1.4166666269302368,1.4166666269302368,0.8313781023025513
29-11-1985,1.4166666269302368,1.4166666269302368,0.0,1.4166666269302368,1.4166666269302368,0.8313781023025513
02-12-1985,1.4166666269302368,1.4166666269302368,46400.0,1.5,1.4166666269302368,0.8313781023025513
03-12-1985,1.375,1.4166666269302368,27200.0,1.4583333730697632,1.4583333730697632,0.8558305501937866
04-12-1985,1.4270833730697632,1.4583333730697632,1032000.0,1.5,1.4583333730697632,0.8558305501937866
05-12-1985,1.3958333730697632,1.4583333730697632,74400.0,1.5,1.5,0.8802825808525085
06-12-1985,1.3958333730697632,1.3958333730697632,3200.0,1.3958333730697632,1.3958333730697632,0.8191523551940918
09-12-1985,1.4166666269302368,1.4166666269302368,40800.0,1.5,1.5,0.8802825808525085
10-12-1985,1.4166666269302368,1.5,12800.0,1.5,1.4166666269302368,0.8313781023025513
11-12-1985,1.4166666269302368,1.4166666269302368,219200.0,1.5,1.5,0.8802825808525085
12-12-1985,1.4166666269302368,1.5,204800.0,1.5,1.4166666269302368,0.8313781023025513
13-12-1985,1.4166666269302368,1.4166666269302368,87200.0,1.5,1.5,0.8802825808525085
16-12-1985,1.4583333730697632,1.5,24800.0,1.5208333730697632,1.4583333730697632,0.8558305501937866
17-12-1985,1.4375,1.4583333730697632,20000.0,1.4583333730697632,1.4375,0.8436042070388794
18-12-1985,1.4375,1.4375,5600.0,1.4375,1.4375,0.8436042070388794
19-12-1985,1.4375,1.4375,100800.0,1.4791666269302368,1.4375,0.8436042070388794
20-12-1985,1.4583333730697632,1.4583333730697632,79200.0,1.5,1.5,0.8802825808525085
23-12-1985,1.4583333730697632,1.5,77600.0,1.5,1.4583333730697632,0.8558305501937866
24-12-1985,1.4791666269302368,1.4791666269302368,10400.0,1.4791666269302368,1.4791666269302368,0.8680568933486938
26-12-1985,1.4583333730697632,1.4791666269302368,39200.0,1.5208333730697632,1.4583333730697632,0.8558305501937866
27-12-1985,1.46875,1.46875,56000.0,1.5208333730697632,1.5,0.8802825808525085
30-12-1985,1.4583333730697632,1.5,72800.0,1.5416666269302368,1.5416666269302368,0.904735267162323
31-12-1985,1.5,1.5416666269302368,96800.0,1.5625,1.5416666269302368,0.904735267162323
02-01-1986,1.5208333730697632,1.5416666269302368,38400.0,1.5729166269302368,1.5208333730697632,0.8925089836120605
03-01-1986,1.5208333730697632,1.5208333730697632,3200.0,1.5208333730697632,1.5208333730697632,0.8925089836120605
06-01-1986,1.5208333730697632,1.5208333730697632,38400.0,1.6041666269302368,1.5416666269302368,0.904735267162323
07-01-1986,1.5625,1.5625,34400.0,1.6875,1.6041666269302368,0.9414137005805969
08-01-1986,1.5833333730697632,1.6041666269302368,68000.0,1.6666666269302368,1.5833333730697632,0.9291872382164001
09-01-1986,1.5208333730697632,1.5833333730697632,40800.0,1.625,1.625,0.9536386132240295
10-01-1986,1.5416666269302368,1.6041666269302368,106400.0,1.6041666269302368,1.5416666269302368,0.904735267162323
13-01-1986,1.5416666269302368,1.5416666269302368,15200.0,1.5416666269302368,1.5416666269302368,0.904735267162323
14-01-1986,1.5416666269302368,1.5416666269302368,34400.0,1.6458333730697632,1.5833333730697632,0.9291872382164001
15-01-1986,1.625,1.625,5600.0,1.625,1.625,0.9536386132240295
16-01-1986,1.5208333730697632,1.5208333730697632,800.0,1.5208333730697632,1.5208333730697632,0.8925089836120605
17-01-1986,1.5625,1.5625,170400.0,1.625,1.5625,0.9169606566429138
20-01-1986,1.5,1.5208333730697632,17600.0,1.5208333730697632,1.5,0.8802825808525085
21-01-1986,1.5,1.5,9600.0,1.625,1.5,0.8802825808525085
22-01-1986,1.5,1.5,17600.0,1.5,1.5,0.8802825808525085
23-01-1986,1.5,1.5,0.0,1.5,1.5,0.8802825808525085
24-01-1986,1.5,1.5,12000.0,1.5,1.5,0.8802825808525085
27-01-1986,1.5,1.5,15200.0,1.5,1.5,0.8802825808525085
28-01-1986,1.5,1.5,3200.0,1.5,1.5,0.8802825808525085
29-01-1986,1.5,1.5,84000.0,1.53125,1.53125,0.8986222147941589
30-01-1986,1.5,1.5,3200.0,1.5,1.5,0.8802825808525085
31-01-1986,1.5,1.5,60800.0,1.5833333730697632,1.5833333730697632,0.9291872382164001
03-02-1986,1.53125,1.5833333730697632,36000.0,1.5833333730697632,1.53125,0.8986222147941589
04-02-1986,1.5208333730697632,1.53125,4800.0,1.5833333730697632,1.5208333730697632,0.8925089836120605
05-02-1986,1.5208333730697632,1.5208333730697632,800.0,1.5208333730697632,1.5208333730697632,0.8925089836120605
06-02-1986,1.5833333730697632,1.5833333730697632,4800.0,1.6041666269302368,1.5833333730697632,0.9291872382164001
07-02-1986,1.5208333730697632,1.5833333730697632,17600.0,1.5833333730697632,1.5208333730697632,0.8925089836120605
10-02-1986,1.5208333730697632,1.5208333730697632,92000.0,1.6041666269302368,1.6041666269302368,0.9414137005805969
11-02-1986,1.5208333730697632,1.6041666269302368,10400.0,1.6041666269302368,1.5208333730697632,0.8925089836120605
12-02-1986,1.5416666269302368,1.5416666269302368,70400.0,1.6041666269302368,1.6041666269302368,0.9414137005805969
13-02-1986,1.5416666269302368,1.5833333730697632,100800.0,1.5833333730697632,1.5416666269302368,0.904735267162323
14-02-1986,1.5208333730697632,1.5416666269302368,104000.0,1.5833333730697632,1.5833333730697632,0.9291872382164001
18-02-1986,1.5416666269302368,1.5833333730697632,124800.0,1.6041666269302368,1.6041666269302368,0.9414137005805969
19-02-1986,1.5625,1.6041666269302368,4800.0,1.6458333730697632,1.6458333730697632,0.9658656120300293
20-02-1986,1.5625,1.6458333730697632,24800.0,1.6666666269302368,1.6666666269302368,0.9780911803245544
21-02-1986,1.5833333730697632,1.6666666269302368,33600.0,1.6875,1.6666666269302368,0.9780911803245544
24-02-1986,1.6041666269302368,1.6666666269302368,48000.0,1.7083333730697632,1.6666666269302368,0.9780911803245544
25-02-1986,1.6458333730697632,1.6666666269302368,124800.0,1.7083333730697632,1.7083333730697632,1.002543568611145
26-02-1986,1.6666666269302368,1.6875,7200.0,1.6875,1.6875,0.9903172850608826
27-02-1986,1.6666666269302368,1.6875,15200.0,1.7083333730697632,1.6666666269302368,0.9780911803245544
28-02-1986,1.6875,1.6875,244800.0,1.7291666269302368,1.6979166269302368,0.9964309930801392
03-03-1986,1.6875,1.6979166269302368,309600.0,1.75,1.7291666269302368,1.014770269393921
04-03-1986,1.6875,1.7291666269302368,274400.0,1.7291666269302368,1.7291666269302368,1.014770269393921
05-03-1986,1.6875,1.7291666269302368,466400.0,1.8333333730697632,1.75,1.0269958972930908
06-03-1986,1.75,1.75,4800.0,1.7916666269302368,1.7916666269302368,1.0514485836029053
07-03-1986,1.8125,1.8125,22400.0,1.8333333730697632,1.8125,1.0636749267578125
10-03-1986,1.7708333730697632,1.8125,51200.0,1.8333333730697632,1.7708333730697632,1.039223074913025
11-03-1986,1.75,1.7708333730697632,165600.0,1.8125,1.75,1.0269958972930908
12-03-1986,1.7916666269302368,1.7916666269302368,384000.0,1.8333333730697632,1.8125,1.0636749267578125
13-03-1986,1.8333333730697632,1.8333333730697632,332000.0,1.9375,1.8333333730697632,1.075900912284851
14-03-1986,1.8333333730697632,1.8333333730697632,43200.0,1.8333333730697632,1.8333333730697632,1.075900912284851
17-03-1986,1.8333333730697632,1.8333333730697632,93600.0,1.8541666269302368,1.8541666269302368,1.0881273746490479
18-03-1986,1.8541666269302368,1.8541666269302368,24000.0,1.8958333730697632,1.8645833730697632,1.0942394733428955
19-03-1986,1.8333333730697632,1.8645833730697632,3200.0,1.8958333730697632,1.8958333730697632,1.112579584121704
20-03-1986,1.8333333730697632,1.8333333730697632,16800.0,1.8333333730697632,1.8333333730697632,1.075900912284851
21-03-1986,1.8333333730697632,1.8333333730697632,46400.0,1.8958333730697632,1.8333333730697632,1.075900912284851
24-03-1986,1.8333333730697632,1.8333333730697632,20000.0,1.8333333730697632,1.8333333730697632,1.075900912284851
25-03-1986,1.8333333730697632,1.8333333730697632,9600.0,1.8958333730697632,1.8958333730697632,1.112579584121704
26-03-1986,1.8333333730697632,1.8333333730697632,5600.0,1.8333333730697632,1.8333333730697632,1.075900912284851
27-03-1986,1.8333333730697632,1.8333333730697632,45600.0,1.8958333730697632,1.8333333730697632,1.075900912284851
31-03-1986,1.8333333730697632,1.8333333730697632,22400.0,1.8333333730697632,1.8333333730697632,1.075900912284851
01-04-1986,1.8333333730697632,1.8333333730697632,24000.0,1.875,1.875,1.100353717803955
02-04-1986,1.8333333730697632,1.8541666269302368,46400.0,1.8541666269302368,1.8333333730697632,1.075900912284851
03-04-1986,1.8333333730697632,1.8333333730697632,101600.0,1.8958333730697632,1.8333333730697632,1.075900912284851
04-04-1986,1.8333333730697632,1.8333333730697632,160800.0,1.8541666269302368,1.8541666269302368,1.0881273746490479
07-04-1986,1.8333333730697632,1.8541666269302368,52800.0,1.875,1.8333333730697632,1.075900912284851
08-04-1986,1.8333333730697632,1.8333333730697632,10400.0,1.875,1.8333333730697632,1.075900912284851
09-04-1986,1.8333333730697632,1.8333333730697632,43200.0,1.875,1.8333333730697632,1.075900912284851
10-04-1986,1.8333333730697632,1.8333333730697632,36800.0,1.84375,1.84375,1.0820143222808838
11-04-1986,1.8333333730697632,1.84375,103200.0,1.875,1.8333333730697632,1.075900912284851
14-04-1986,1.8333333730697632,1.8333333730697632,256800.0,1.875,1.8333333730697632,1.075900912284851
15-04-1986,1.8541666269302368,1.8541666269302368,141600.0,1.9166666269302368,1.8541666269302368,1.0881273746490479
16-04-1986,1.875,1.875,21600.0,1.9166666269302368,1.875,1.100353717803955
17-04-1986,1.8541666269302368,1.875,429600.0,1.9375,1.9270833730697632,1.1309185028076172
18-04-1986,1.8541666269302368,1.9270833730697632,36800.0,1.9375,1.9375,1.1370314359664917
21-04-1986,1.8541666269302368,1.8541666269302368,17600.0,1.8541666269302368,1.8541666269302368,1.0881273746490479
22-04-1986,1.8541666269302368,1.8541666269302368,57600.0,1.9375,1.8541666269302368,1.0881273746490479
23-04-1986,1.9166666269302368,1.9166666269302368,3200.0,1.9166666269302368,1.9166666269302368,1.1248058080673218
24-04-1986,1.8541666269302368,1.8958333730697632,8000.0,1.8958333730697632,1.8958333730697632,1.112579584121704
25-04-1986,1.8541666269302368,1.8958333730697632,38400.0,1.8958333730697632,1.875,1.100353717803955
28-04-1986,1.875,1.875,57600.0,1.9166666269302368,1.9166666269302368,1.1248058080673218
29-04-1986,1.8958333730697632,1.8958333730697632,800.0,1.8958333730697632,1.8958333730697632,1.112579584121704
30-04-1986,1.875,1.8958333730697632,43200.0,1.9166666269302368,1.8854166269302368,1.1064659357070923
01-05-1986,1.875,1.8854166269302368,295200.0,1.9583333730697632,1.9166666269302368,1.1248058080673218
02-05-1986,1.875,1.9166666269302368,99200.0,1.9166666269302368,1.875,1.100353717803955
05-05-1986,1.875,1.875,12800.0,1.9583333730697632,1.875,1.100353717803955
06-05-1986,1.875,1.875,60000.0,1.9583333730697632,1.9583333730697632,1.1492578983306885
07-05-1986,1.875,1.9583333730697632,106400.0,1.9583333730697632,1.875,1.100353717803955
08-05-1986,1.875,1.875,77600.0,1.9583333730697632,1.875,1.100353717803955
09-05-1986,1.875,1.875,24000.0,1.9583333730697632,1.875,1.100353717803955
12-05-1986,1.875,1.875,10400.0,1.875,1.875,1.100353717803955
13-05-1986,1.875,1.875,77600.0,1.9375,1.875,1.100353717803955
14-05-1986,1.875,1.875,115200.0,1.9375,1.875,1.100353717803955
15-05-1986,1.875,1.875,21600.0,1.875,1.875,1.100353717803955
16-05-1986,1.9166666269302368,1.9166666269302368,14400.0,1.9583333730697632,1.9583333730697632,1.1492578983306885
19-05-1986,1.875,1.9166666269302368,142400.0,1.9166666269302368,1.875,1.100353717803955
20-05-1986,1.875,1.875,9600.0,1.875,1.875,1.100353717803955
21-05-1986,1.875,1.875,12000.0,1.875,1.875,1.100353717803955
22-05-1986,1.875,1.875,50400.0,1.9583333730697632,1.875,1.100353717803955
23-05-1986,1.875,1.875,28800.0,1.875,1.875,1.100353717803955
27-05-1986,1.8958333730697632,1.8958333730697632,370400.0,2.0625,2.0416667461395264,1.1981624364852905
28-05-1986,1.9791666269302368,2.0416667461395264,43200.0,2.0416667461395264,2.0208332538604736,1.1859360933303833
29-05-1986,1.9791666269302368,1.9791666269302368,33600.0,1.9791666269302368,1.9791666269302368,1.1614837646484375
30-05-1986,1.9791666269302368,1.9791666269302368,41600.0,2.0,1.9791666269302368,1.1614837646484375
02-06-1986,1.9791666269302368,1.9791666269302368,58400.0,2.0208332538604736,1.9791666269302368,1.1614837646484375
03-06-1986,2.0208332538604736,2.0208332538604736,4800.0,2.0208332538604736,2.0208332538604736,1.1859360933303833
04-06-1986,2.0,2.0,96800.0,2.0,2.0,1.1737102270126343
05-06-1986,2.0,2.0,0.0,2.0,2.0,1.1737102270126343
06-06-1986,1.9791666269302368,2.0,21600.0,2.0416667461395264,1.9791666269302368,1.1614837646484375
09-06-1986,2.0416667461395264,2.0416667461395264,456800.0,2.1458332538604736,2.0833332538604736,1.2226148843765259
10-06-1986,2.125,2.125,108800.0,2.2083332538604736,2.2083332538604736,1.2959715127944946
11-06-1986,2.1770832538604736,2.2083332538604736,129600.0,2.2916667461395264,2.25,1.32042396068573
12-06-1986,2.2083332538604736,2.2083332538604736,2400.0,2.2083332538604736,2.2083332538604736,1.2959715127944946
13-06-1986,2.2083332538604736,2.2083332538604736,17600.0,2.2708332538604736,2.2708332538604736,1.3326505422592163
16-06-1986,2.2083332538604736,2.2708332538604736,89600.0,2.3333332538604736,2.3333332538604736,1.369328260421753
17-06-1986,2.25,2.3333332538604736,40800.0,2.375,2.25,1.32042396068573
18-06-1986,2.25,2.25,108000.0,2.2916667461395264,2.25,1.32042396068573
19-06-1986,2.25,2.25,14400.0,2.25,2.25,1.32042396068573
20-06-1986,2.25,2.25,465600.0,2.375,2.375,1.3937817811965942
23-06-1986,2.2916667461395264,2.375,152000.0,2.375,2.375,1.3937817811965942
24-06-1986,2.2916667461395264,2.375,10400.0,2.375,2.375,1.3937817811965942
25-06-1986,2.3541667461395264,2.3541667461395264,3200.0,2.3541667461395264,2.3541667461395264,1.3815544843673706
26-06-1986,2.3541667461395264,2.3541667461395264,0.0,2.3541667461395264,2.3541667461395264,1.3815544843673706
27-06-1986,2.2916667461395264,2.3541667461395264,245600.0,2.375,2.3645832538604736,1.3876683712005615
30-06-1986,2.2916667461395264,2.3645832538604736,100800.0,2.4166667461395264,2.4166667461395264,1.4182324409484863
01-07-1986,2.2916667461395264,2.4166667461395264,319200.0,2.4166667461395264,2.3333332538604736,1.369328260421753
02-07-1986,2.2916667461395264,2.3333332538604736,79200.0,2.375,2.3333332538604736,1.369328260421753
03-07-1986,2.3333332538604736,2.3333332538604736,29600.0,2.3958332538604736,2.3333332538604736,1.369328260421753
07-07-1986,2.3333332538604736,2.3333332538604736,22400.0,2.4166667461395264,2.3333332538604736,1.369328260421753
08-07-1986,2.2916667461395264,2.3333332538604736,135200.0,2.3541667461395264,2.2916667461395264,1.3448759317398071
09-07-1986,2.2916667461395264,2.2916667461395264,5600.0,2.2916667461395264,2.2916667461395264,1.3448759317398071
10-07-1986,2.2916667461395264,2.2916667461395264,12800.0,2.4166667461395264,2.2916667461395264,1.3448759317398071
11-07-1986,2.4166667461395264,2.4166667461395264,2400.0,2.4166667461395264,2.4166667461395264,1.4182324409484863
14-07-1986,2.3125,2.375,43200.0,2.375,2.3125,1.3571022748947144
15-07-1986,2.2916667461395264,2.3125,10400.0,2.375,2.2916667461395264,1.3448759317398071
16-07-1986,2.2916667461395264,2.2916667461395264,74400.0,2.375,2.2916667461395264,1.3448759317398071
17-07-1986,2.3125,2.3125,72000.0,2.3333332538604736,2.3333332538604736,1.369328260421753
18-07-1986,2.3958332538604736,2.3958332538604736,3200.0,2.3958332538604736,2.3958332538604736,1.4060075283050537
21-07-1986,2.3125,2.3333332538604736,55200.0,2.3333332538604736,2.3333332538604736,1.369328260421753
22-07-1986,2.3333332538604736,2.3333332538604736,132800.0,2.375,2.3645832538604736,1.3876683712005615
23-07-1986,2.3645832538604736,2.3645832538604736,0.0,2.3645832538604736,2.3645832538604736,1.3876683712005615
24-07-1986,2.3333332538604736,2.3333332538604736,800.0,2.3333332538604736,2.3333332538604736,1.369328260421753
25-07-1986,2.3333332538604736,2.3333332538604736,5600.0,2.3333332538604736,2.3333332538604736,1.369328260421753
28-07-1986,2.3333332538604736,2.3333332538604736,56000.0,2.3333332538604736,2.3333332538604736,1.369328260421753
29-07-1986,2.3333332538604736,2.3333332538604736,33600.0,2.4166667461395264,2.4166667461395264,1.4182324409484863
30-07-1986,2.3541667461395264,2.4166667461395264,142400.0,2.4166667461395264,2.4166667461395264,1.4182324409484863
31-07-1986,2.3541667461395264,2.4166667461395264,7200.0,2.4166667461395264,2.3541667461395264,1.3815544843673706
01-08-1986,2.375,2.375,22400.0,2.4166667461395264,2.375,1.3937817811965942
04-08-1986,2.375,2.375,38400.0,2.4166667461395264,2.375,1.3937817811965942
05-08-1986,2.375,2.375,27200.0,2.4166667461395264,2.375,1.3937817811965942
06-08-1986,2.375,2.375,124800.0,2.4583332538604736,2.375,1.3937817811965942
07-08-1986,2.375,2.375,463200.0,2.4583332538604736,2.4583332538604736,1.4426853656768799
08-08-1986,2.4479167461395264,2.4583332538604736,411200.0,2.4895832538604736,2.46875,1.448798656463623
11-08-1986,2.375,2.46875,10400.0,2.5,2.375,1.3937817811965942
12-08-1986,2.375,2.375,2400.0,2.375,2.375,1.3937817811965942
13-08-1986,2.375,2.375,72000.0,2.5,2.375,1.3937817811965942
14-08-1986,2.375,2.375,91200.0,2.5,2.4166667461395264,1.4182324409484863
15-08-1986,2.4166667461395264,2.4166667461395264,351200.0,2.5416667461395264,2.5416667461395264,1.4915893077850342
18-08-1986,2.4166667461395264,2.4166667461395264,4800.0,2.4166667461395264,2.4166667461395264,1.4182324409484863
19-08-1986,2.4166667461395264,2.4166667461395264,15200.0,2.5416667461395264,2.4166667461395264,1.4182324409484863
20-08-1986,2.4166667461395264,2.4166667461395264,16800.0,2.4166667461395264,2.4166667461395264,1.4182324409484863
21-08-1986,2.4166667461395264,2.4166667461395264,12000.0,2.4166667461395264,2.4166667461395264,1.4182324409484863
22-08-1986,2.4166667461395264,2.4166667461395264,17600.0,2.5416667461395264,2.5,1.4671382904052734
25-08-1986,2.4166667461395264,2.4583332538604736,84000.0,2.4583332538604736,2.4166667461395264,1.4182324409484863
26-08-1986,2.4166667461395264,2.4166667461395264,5600.0,2.4166667461395264,2.4166667461395264,1.4182324409484863
27-08-1986,2.4166667461395264,2.4166667461395264,7200.0,2.4166667461395264,2.4166667461395264,1.4182324409484863
28-08-1986,2.4166667461395264,2.4166667461395264,8000.0,2.5416667461395264,2.4166667461395264,1.4182324409484863
29-08-1986,2.4166667461395264,2.4166667461395264,21600.0,2.4166667461395264,2.4166667461395264,1.4182324409484863
02-09-1986,2.4166667461395264,2.4166667461395264,15200.0,2.5,2.4166667461395264,1.4182324409484863
03-09-1986,2.4166667461395264,2.4166667461395264,0.0,2.4166667461395264,2.4166667461395264,1.4182324409484863
04-09-1986,2.5416667461395264,2.5416667461395264,14400.0,2.5416667461395264,2.5416667461395264,1.4915893077850342
05-09-1986,2.4166667461395264,2.5208332538604736,39200.0,2.5208332538604736,2.5208332538604736,1.4793636798858643
08-09-1986,2.4166667461395264,2.5,26400.0,2.5,2.5,1.4671382904052734
09-09-1986,2.4166667461395264,2.4166667461395264,20000.0,2.4166667461395264,2.4166667461395264,1.4182324409484863
10-09-1986,2.4166667461395264,2.4166667461395264,164000.0,2.5,2.4166667461395264,1.4182324409484863
11-09-1986,2.34375,2.4166667461395264,290400.0,2.4791667461395264,2.4166667461395264,1.4182324409484863
12-09-1986,2.25,2.375,75200.0,2.375,2.375,1.3937817811965942
15-09-1986,2.25,2.375,52800.0,2.375,2.375,1.3937817811965942
16-09-1986,2.25,2.375,5600.0,2.375,2.25,1.32042396068573
17-09-1986,2.25,2.25,17600.0,2.375,2.25,1.32042396068573
18-09-1986,2.25,2.25,308000.0,2.375,2.3333332538604736,1.369328260421753
19-09-1986,2.3125,2.3333332538604736,77600.0,2.375,2.375,1.3937817811965942
22-09-1986,2.25,2.2916667461395264,12000.0,2.2916667461395264,2.2916667461395264,1.3448759317398071
23-09-1986,2.25,2.2916667461395264,81600.0,2.375,2.3125,1.3571022748947144
24-09-1986,2.2916667461395264,2.3125,75200.0,2.375,2.375,1.3937817811965942
25-09-1986,2.3333332538604736,2.375,163200.0,2.5,2.5,1.4671382904052734
26-09-1986,2.4166667461395264,2.5,29600.0,2.5,2.5,1.4671382904052734
29-09-1986,2.5416667461395264,2.5416667461395264,800.0,2.5416667461395264,2.5416667461395264,1.4915893077850342
30-09-1986,2.4166667461395264,2.5416667461395264,19200.0,2.5416667461395264,2.5416667461395264,1.4915893077850342
01-10-1986,2.4166667461395264,2.5416667461395264,41600.0,2.5416667461395264,2.4166667461395264,1.4182324409484863
02-10-1986,2.4583332538604736,2.4583332538604736,264800.0,2.5416667461395264,2.5,1.4671382904052734
03-10-1986,2.4166667461395264,2.5,172800.0,2.5416667461395264,2.4791667461395264,1.4549108743667603
06-10-1986,2.5416667461395264,2.5416667461395264,10400.0,2.5416667461395264,2.5416667461395264,1.4915893077850342
07-10-1986,2.4166667461395264,2.5416667461395264,55200.0,2.5416667461395264,2.4583332538604736,1.4426853656768799
08-10-1986,2.4166667461395264,2.4583332538604736,524000.0,2.5416667461395264,2.4791667461395264,1.4549108743667603
09-10-1986,2.4166667461395264,2.4791667461395264,40800.0,2.5416667461395264,2.5208332538604736,1.4793636798858643
10-10-1986,2.4166667461395264,2.5,27200.0,2.5,2.4166667461395264,1.4182324409484863
13-10-1986,2.375,2.4166667461395264,19200.0,2.4583332538604736,2.375,1.3937817811965942
14-10-1986,2.3958332538604736,2.3958332538604736,2400.0,2.3958332538604736,2.3958332538604736,1.4060075283050537
15-10-1986,2.375,2.3958332538604736,8000.0,2.4583332538604736,2.4583332538604736,1.4426853656768799
16-10-1986,2.375,2.4375,12800.0,2.4375,2.4375,1.430458664894104
17-10-1986,2.375,2.4375,80000.0,2.4583332538604736,2.4166667461395264,1.4182324409484863
20-10-1986,2.4166667461395264,2.4166667461395264,4800.0,2.4791667461395264,2.4791667461395264,1.4549108743667603
21-10-1986,2.4166667461395264,2.4791667461395264,40800.0,2.4791667461395264,2.4791667461395264,1.4549108743667603
22-10-1986,2.4166667461395264,2.4791667461395264,20000.0,2.4791667461395264,2.4375,1.430458664894104
23-10-1986,2.4375,2.4375,21600.0,2.4791667461395264,2.4791667461395264,1.4549108743667603
24-10-1986,2.4791667461395264,2.4791667461395264,3200.0,2.4791667461395264,2.4791667461395264,1.4549108743667603
27-10-1986,2.4166667461395264,2.4583332538604736,50400.0,2.4583332538604736,2.4166667461395264,1.4182324409484863
28-10-1986,2.4166667461395264,2.4166667461395264,7200.0,2.4375,2.4166667461395264,1.4182324409484863
29-10-1986,2.3958332538604736,2.4166667461395264,1604000.0,2.4791667461395264,2.3958332538604736,1.4060075283050537
30-10-1986,2.3958332538604736,2.3958332538604736,164000.0,2.5,2.5,1.4671382904052734
31-10-1986,2.3958332538604736,2.4791667461395264,24800.0,2.4791667461395264,2.4791667461395264,1.4549108743667603
03-11-1986,2.3958332538604736,2.3958332538604736,2400.0,2.3958332538604736,2.3958332538604736,1.4060075283050537
04-11-1986,2.3958332538604736,2.3958332538604736,5600.0,2.4791667461395264,2.3958332538604736,1.4060075283050537
05-11-1986,2.3958332538604736,2.3958332538604736,800.0,2.3958332538604736,2.3958332538604736,1.4060075283050537
06-11-1986,2.3958332538604736,2.3958332538604736,7200.0,2.3958332538604736,2.3958332538604736,1.4060075283050537
07-11-1986,2.3958332538604736,2.3958332538604736,44000.0,2.4791667461395264,2.4791667461395264,1.4549108743667603
10-11-1986,2.3958332538604736,2.4791667461395264,44000.0,2.4791667461395264,2.4270832538604736,1.4243463277816772
11-11-1986,2.3958332538604736,2.4270832538604736,21600.0,2.4270832538604736,2.4270832538604736,1.4243463277816772
12-11-1986,2.3958332538604736,2.4270832538604736,24800.0,2.4791667461395264,2.3958332538604736,1.4060075283050537
13-11-1986,2.3958332538604736,2.3958332538604736,79200.0,2.4375,2.3958332538604736,1.4060075283050537
14-11-1986,2.3333332538604736,2.3958332538604736,79200.0,2.4791667461395264,2.3333332538604736,1.369328260421753
17-11-1986,2.3333332538604736,2.3333332538604736,28800.0,2.4166667461395264,2.34375,1.3754419088363647
18-11-1986,2.3333332538604736,2.34375,158400.0,2.4166667461395264,2.34375,1.3754419088363647
19-11-1986,2.3125,2.34375,213600.0,2.4166667461395264,2.4166667461395264,1.4182324409484863
20-11-1986,2.3333332538604736,2.4166667461395264,51200.0,2.4166667461395264,2.4166667461395264,1.4182324409484863
21-11-1986,,,,,,
24-11-1986,2.375,2.4166667461395264,12800.0,2.4166667461395264,2.375,1.3937817811965942
25-11-1986,2.3333332538604736,2.375,68000.0,2.4166667461395264,2.375,1.3937817811965942
26-11-1986,2.375,2.375,31200.0,2.4166667461395264,2.375,1.3937817811965942
28-11-1986,2.3333332538604736,2.3333332538604736,800.0,2.3333332538604736,2.3333332538604736,1.369328260421753
01-12-1986,2.4166667461395264,2.4166667461395264,7200.0,2.4166667461395264,2.4166667461395264,1.4182324409484863
02-12-1986,2.3333332538604736,2.4166667461395264,40800.0,2.4166667461395264,2.4166667461395264,1.4182324409484863
03-12-1986,2.3333332538604736,2.4166667461395264,43200.0,2.4166667461395264,2.4166667461395264,1.4182324409484863
04-12-1986,2.3333332538604736,2.4166667461395264,48800.0,2.4166667461395264,2.4166667461395264,1.4182324409484863
05-12-1986,2.4166667461395264,2.4166667461395264,0.0,2.4166667461395264,2.4166667461395264,1.4182324409484863
08-12-1986,2.3854167461395264,2.3958332538604736,15200.0,2.3958332538604736,2.3958332538604736,1.4060075283050537
09-12-1986,2.3333332538604736,2.3958332538604736,36000.0,2.3958332538604736,2.3333332538604736,1.369328260421753
10-12-1986,2.3333332538604736,2.3333332538604736,51200.0,2.3958332538604736,2.3333332538604736,1.369328260421753
11-12-1986,2.3333332538604736,2.3333332538604736,12800.0,2.3958332538604736,2.3333332538604736,1.369328260421753
12-12-1986,2.3333332538604736,2.3333332538604736,67200.0,2.4375,2.4166667461395264,1.4182324409484863
15-12-1986,2.3541667461395264,2.4166667461395264,38400.0,2.4375,2.4375,1.430458664894104
16-12-1986,2.3541667461395264,2.4375,136800.0,2.4583332538604736,2.4166667461395264,1.4182324409484863
17-12-1986,2.375,2.4166667461395264,1623200.0,2.4583332538604736,2.375,1.3937817811965942
18-12-1986,2.3958332538604736,2.3958332538604736,28800.0,2.4791667461395264,2.3958332538604736,1.4060075283050537
19-12-1986,2.3958332538604736,2.3958332538604736,197600.0,2.5208332538604736,2.5208332538604736,1.4793636798858643
22-12-1986,2.4166667461395264,2.5208332538604736,70400.0,2.5208332538604736,2.5208332538604736,1.4793636798858643
23-12-1986,2.4166667461395264,2.5208332538604736,82400.0,2.5208332538604736,2.4166667461395264,1.4182324409484863
24-12-1986,2.4375,2.4375,41600.0,2.5833332538604736,2.5833332538604736,1.5160417556762695
26-12-1986,2.4583332538604736,2.5833332538604736,48800.0,2.5833332538604736,2.5833332538604736,1.5160417556762695
29-12-1986,2.5,2.5833332538604736,12000.0,2.5833332538604736,2.5,1.4671382904052734
30-12-1986,2.4375,2.4583332538604736,33600.0,2.4583332538604736,2.4583332538604736,1.4426853656768799
31-12-1986,2.4375,2.4583332538604736,154400.0,2.5416667461395264,2.4583332538604736,1.4426853656768799
02-01-1987,2.4791667461395264,2.4791667461395264,41600.0,2.5416667461395264,2.5416667461395264,1.4915893077850342
05-01-1987,2.5,2.5416667461395264,136800.0,2.75,2.75,1.6138520240783691
06-01-1987,2.6666667461395264,2.75,112800.0,2.875,2.875,1.6872084140777588
07-01-1987,2.8333332538604736,2.875,197600.0,2.9166667461395264,2.875,1.6872084140777588
08-01-1987,2.75,2.875,32000.0,2.875,2.875,1.6872084140777588
09-01-1987,2.75,2.875,113600.0,2.9166667461395264,2.9166667461395264,1.7116611003875732
12-01-1987,2.7916667461395264,2.9166667461395264,134400.0,3.1041667461395264,2.9583332538604736,1.7361137866973877
13-01-1987,3.0,3.0,63200.0,3.1666667461395264,3.0416667461395264,1.785017967224121
14-01-1987,3.125,3.125,45600.0,3.2083332538604736,3.125,1.8339213132858276
15-01-1987,3.0416667461395264,3.125,93600.0,3.2083332538604736,3.1666667461395264,1.8583744764328003
16-01-1987,3.0833332538604736,3.1666667461395264,45600.0,3.2083332538604736,3.0833332538604736,1.809470534324646
19-01-1987,3.0833332538604736,3.0833332538604736,20000.0,3.2083332538604736,3.2083332538604736,1.8828274011611938
20-01-1987,3.0833332538604736,3.2083332538604736,75200.0,3.2083332538604736,3.2083332538604736,1.8828274011611938
21-01-1987,3.0833332538604736,3.0833332538604736,19200.0,3.0833332538604736,3.0833332538604736,1.809470534324646
22-01-1987,3.0833332538604736,3.0833332538604736,46400.0,3.2083332538604736,3.1666667461395264,1.8583744764328003
23-01-1987,3.0833332538604736,3.1666667461395264,29600.0,3.2083332538604736,3.0833332538604736,1.809470534324646
26-01-1987,3.0833332538604736,3.0833332538604736,58400.0,3.2083332538604736,3.0833332538604736,1.809470534324646
27-01-1987,3.0833332538604736,3.0833332538604736,170400.0,3.2083332538604736,3.0833332538604736,1.809470534324646
28-01-1987,3.0833332538604736,3.0833332538604736,16800.0,3.2083332538604736,3.125,1.8339213132858276
29-01-1987,3.0833332538604736,3.0833332538604736,3200.0,3.0833332538604736,3.0833332538604736,1.809470534324646
30-01-1987,3.0833332538604736,3.0833332538604736,26400.0,3.2083332538604736,3.125,1.8339213132858276
02-02-1987,3.0833332538604736,3.125,33600.0,3.2083332538604736,3.1666667461395264,1.8583744764328003
03-02-1987,3.0833332538604736,3.1666667461395264,26400.0,3.1666667461395264,3.0833332538604736,1.809470534324646
04-02-1987,3.0833332538604736,3.0833332538604736,272000.0,3.2083332538604736,3.1458332538604736,1.846147894859314
05-02-1987,3.125,3.1458332538604736,51200.0,3.25,3.25,1.907277226448059
06-02-1987,3.25,3.25,5600.0,3.25,3.25,1.907277226448059
09-02-1987,3.0833332538604736,3.25,27200.0,3.2916667461395264,3.2916667461395264,1.9317312240600586
10-02-1987,3.1666667461395264,3.2916667461395264,77600.0,3.375,3.375,1.9806345701217651
11-02-1987,3.2708332538604736,3.375,614400.0,3.375,3.3125,1.9439572095870972
12-02-1987,3.2916667461395264,3.3125,734400.0,3.375,3.3541667461395264,1.968409538269043
13-02-1987,3.2916667461395264,3.3541667461395264,211200.0,3.4166667461395264,3.4166667461395264,2.00508713722229
17-02-1987,3.3333332538604736,3.4166667461395264,91200.0,3.5,3.375,1.9806345701217651
18-02-1987,3.375,3.375,38400.0,3.5416667461395264,3.375,1.9806345701217651
19-02-1987,3.4583332538604736,3.4583332538604736,118400.0,3.625,3.5833332538604736,2.1028971672058105
20-02-1987,3.4583332538604736,3.5833332538604736,29600.0,3.5833332538604736,3.5833332538604736,2.1028971672058105
23-02-1987,3.4166667461395264,3.5833332538604736,16800.0,3.5833332538604736,3.4166667461395264,2.013516426086426
24-02-1987,3.4166667461395264,3.4166667461395264,9600.0,3.5,3.5,2.062626600265503
25-02-1987,3.4791667461395264,3.4791667461395264,800.0,3.4791667461395264,3.4791667461395264,2.0503487586975098
26-02-1987,3.4166667461395264,3.4791667461395264,163200.0,3.6666667461395264,3.5416667461395264,2.0871827602386475
27-02-1987,3.5833332538604736,3.5833332538604736,58400.0,3.7083332538604736,3.7083332538604736,2.1854028701782227
02-03-1987,3.5833332538604736,3.7083332538604736,63200.0,3.75,3.75,2.209958791732788
03-03-1987,3.625,3.75,77600.0,3.75,3.6354167461395264,2.1424312591552734
04-03-1987,3.5625,3.6354167461395264,43200.0,3.7291667461395264,3.6041667461395264,2.124014377593994
05-03-1987,3.5625,3.6041667461395264,34400.0,3.7083332538604736,3.7083332538604736,2.1854028701782227
06-03-1987,3.5833332538604736,3.7083332538604736,3200.0,3.7083332538604736,3.5833332538604736,2.1117372512817383
09-03-1987,3.5833332538604736,3.5833332538604736,15200.0,3.7083332538604736,3.6666667461395264,2.1608474254608154
10-03-1987,3.5833332538604736,3.6666667461395264,15200.0,3.7083332538604736,3.7083332538604736,2.1854028701782227
11-03-1987,3.5833332538604736,3.7083332538604736,16800.0,3.7083332538604736,3.6666667461395264,2.1608474254608154
12-03-1987,3.5833332538604736,3.6666667461395264,3200.0,3.7083332538604736,3.7083332538604736,2.1854028701782227
13-03-1987,3.7083332538604736,3.7083332538604736,3200.0,3.7083332538604736,3.7083332538604736,2.1854028701782227
16-03-1987,3.5833332538604736,3.7083332538604736,64800.0,3.7083332538604736,3.5833332538604736,2.1117372512817383
17-03-1987,3.5833332538604736,3.5833332538604736,50400.0,3.7083332538604736,3.7083332538604736,2.1854028701782227
18-03-1987,3.5833332538604736,3.7083332538604736,20000.0,3.7083332538604736,3.7083332538604736,2.1854028701782227
19-03-1987,3.5833332538604736,3.7083332538604736,26400.0,3.7083332538604736,3.5833332538604736,2.1117372512817383
20-03-1987,3.5833332538604736,3.5833332538604736,291200.0,3.75,3.75,2.209958791732788
23-03-1987,3.6041667461395264,3.75,156000.0,3.7708332538604736,3.75,2.209958791732788
24-03-1987,3.6041667461395264,3.7083332538604736,12800.0,3.7083332538604736,3.6041667461395264,2.124014377593994
25-03-1987,3.6041667461395264,3.6041667461395264,51200.0,3.7291667461395264,3.6041667461395264,2.124014377593994
26-03-1987,3.7083332538604736,3.7083332538604736,33600.0,3.7916667461395264,3.7916667461395264,2.234513521194458
27-03-1987,3.625,3.7916667461395264,8000.0,3.7916667461395264,3.7916667461395264,2.234513521194458
30-03-1987,3.625,3.75,159200.0,3.75,3.7291667461395264,2.197678804397583
31-03-1987,3.625,3.7291667461395264,559200.0,3.75,3.6458332538604736,2.1485695838928223
01-04-1987,3.5833332538604736,3.6458332538604736,53600.0,3.7083332538604736,3.625,2.1362929344177246
02-04-1987,3.5416667461395264,3.625,12800.0,3.6666667461395264,3.6666667461395264,2.1608474254608154
03-04-1987,3.5416667461395264,3.6666667461395264,29600.0,3.6666667461395264,3.5416667461395264,2.0871827602386475
06-04-1987,3.5,3.5416667461395264,56000.0,3.625,3.5833332538604736,2.1117372512817383
07-04-1987,3.5,3.5833332538604736,60000.0,3.625,3.53125,2.081042766571045
08-04-1987,3.4583332538604736,3.53125,67200.0,3.5833332538604736,3.5833332538604736,2.1117372512817383
09-04-1987,3.4583332538604736,3.5833332538604736,12800.0,3.5833332538604736,3.4583332538604736,2.038071870803833
10-04-1987,3.4583332538604736,3.4583332538604736,12800.0,3.5833332538604736,3.4583332538604736,2.038071870803833
13-04-1987,3.4583332538604736,3.4583332538604736,28800.0,3.5833332538604736,3.4583332538604736,2.038071870803833
14-04-1987,3.4583332538604736,3.4583332538604736,151200.0,3.5833332538604736,3.4583332538604736,2.038071870803833
15-04-1987,3.4583332538604736,3.4583332538604736,68000.0,3.5416667461395264,3.5208332538604736,2.0749056339263916
16-04-1987,3.4583332538604736,3.5208332538604736,288000.0,3.5416667461395264,3.4583332538604736,2.038071870803833
20-04-1987,3.4583332538604736,3.4583332538604736,240000.0,3.5416667461395264,3.4583332538604736,2.038071870803833
21-04-1987,3.4583332538604736,3.4583332538604736,21600.0,3.5416667461395264,3.4583332538604736,2.038071870803833
22-04-1987,3.4583332538604736,3.4583332538604736,188000.0,3.5416667461395264,3.5416667461395264,2.0871827602386475
23-04-1987,3.4166667461395264,3.5416667461395264,15200.0,3.5416667461395264,3.5416667461395264,2.0871827602386475
24-04-1987,3.4166667461395264,3.5416667461395264,88800.0,3.5416667461395264,3.5416667461395264,2.0871827602386475
27-04-1987,3.3333332538604736,3.5,68000.0,3.5,3.3333332538604736,1.9644056558609009
28-04-1987,3.3333332538604736,3.3333332538604736,38400.0,3.4583332538604736,3.4583332538604736,2.038071870803833
29-04-1987,3.2916667461395264,3.4583332538604736,67200.0,3.4583332538604736,3.4166667461395264,2.013516426086426
30-04-1987,3.2083332538604736,3.375,48000.0,3.375,3.375,1.988961100578308
01-05-1987,3.25,3.4375,112000.0,3.4375,3.25,1.9152956008911133
04-05-1987,3.25,3.25,63200.0,3.34375,3.34375,1.970546007156372
05-05-1987,3.25,3.34375,156800.0,3.4375,3.3125,1.9521294832229614
06-05-1987,3.25,3.3125,768800.0,3.4375,3.4375,2.0257952213287354
07-05-1987,3.25,3.4375,10400.0,3.4375,3.4375,2.0257952213287354
08-05-1987,3.25,3.4375,230400.0,3.4375,3.25,1.9152956008911133
11-05-1987,3.25,3.25,35200.0,3.4375,3.25,1.9152956008911133
12-05-1987,3.25,3.25,340800.0,3.4375,3.25,1.9152956008911133
13-05-1987,3.25,3.25,369600.0,3.375,3.25,1.9152956008911133
14-05-1987,3.25,3.25,27200.0,3.3125,3.25,1.9152956008911133
15-05-1987,3.25,3.25,195200.0,3.3125,3.3125,1.9521294832229614
18-05-1987,3.25,3.3125,60800.0,3.375,3.25,1.9152956008911133
19-05-1987,3.25,3.25,22400.0,3.3125,3.25,1.9152956008911133
20-05-1987,3.25,3.25,39200.0,3.3125,3.3125,1.9521294832229614
21-05-1987,3.25,3.3125,20800.0,3.375,3.375,1.988961100578308
22-05-1987,3.25,3.25,22400.0,3.25,3.25,1.923845887184143
26-05-1987,3.25,3.25,44800.0,3.375,3.375,1.9978406429290771
27-05-1987,3.28125,3.375,87200.0,3.4375,3.328125,1.9700936079025269
28-05-1987,3.3125,3.328125,28800.0,3.5,3.5,2.0718348026275635
29-05-1987,3.5,3.5,180800.0,3.875,3.875,2.293816566467285
01-06-1987,3.8125,3.875,207200.0,4.0625,4.0625,2.4048092365264893
02-06-1987,3.875,4.0625,32800.0,4.125,4.125,2.441805601119995
03-06-1987,3.9375,4.125,44800.0,4.1875,4.125,2.441805601119995
04-06-1987,4.0,4.125,13600.0,4.25,4.125,2.441805601119995
05-06-1987,4.0,4.125,155200.0,4.375,4.25,2.515800714492798
08-06-1987,4.3125,4.3125,72800.0,4.5,4.5,2.663787364959717
09-06-1987,4.375,4.5,85600.0,4.5625,4.4375,2.626789093017578
10-06-1987,4.4375,4.4375,445600.0,4.625,4.46875,2.645289659500122
11-06-1987,4.4375,4.4375,19200.0,4.4375,4.4375,2.626789093017578
12-06-1987,4.4375,4.4375,76000.0,4.625,4.625,2.7377827167510986
15-06-1987,4.5,4.625,34400.0,4.6875,4.6875,2.7747795581817627
16-06-1987,4.625,4.6875,44000.0,4.75,4.75,2.8117775917053223
17-06-1987,4.5625,4.75,24000.0,4.75,4.75,2.8117775917053223
18-06-1987,4.5625,4.75,28000.0,4.75,4.5625,2.700784921646118
19-06-1987,4.5625,4.5625,151200.0,4.75,4.75,2.8117775917053223
22-06-1987,4.5,4.75,39200.0,4.75,4.5,2.663787364959717
23-06-1987,4.5,4.5,76800.0,4.75,4.53125,2.682286262512207
24-06-1987,4.5,4.53125,140800.0,4.6875,4.625,2.7377827167510986
25-06-1987,4.4375,4.625,54400.0,4.625,4.4375,2.626789093017578
26-06-1987,4.4375,4.4375,4000.0,4.4375,4.4375,2.626789093017578
29-06-1987,4.4375,4.4375,28800.0,4.6875,4.5,2.663787364959717
30-06-1987,4.25,4.5,42400.0,4.5,4.40625,2.608293056488037
01-07-1987,4.28125,4.40625,11200.0,4.4375,4.28125,2.5342984199523926
02-07-1987,4.0625,4.25,62400.0,4.25,4.0625,2.4048092365264893
06-07-1987,3.9375,4.0625,87200.0,4.125,3.9375,2.3308143615722656
07-07-1987,3.9375,3.9375,224000.0,4.125,4.125,2.441805601119995
08-07-1987,3.9375,4.125,272800.0,4.125,4.09375,2.423306941986084
09-07-1987,4.0,4.09375,76800.0,4.125,4.0,2.367811441421509
10-07-1987,3.9375,4.0,55200.0,4.125,3.9375,2.3308143615722656
13-07-1987,3.8125,3.9375,112000.0,4.125,3.8125,2.2568202018737793
14-07-1987,3.828125,3.828125,115200.0,4.0,3.875,2.293816566467285
15-07-1987,3.875,3.875,25600.0,4.0,3.875,2.293816566467285
16-07-1987,3.875,3.875,8800.0,4.0625,3.875,2.293816566467285
17-07-1987,3.984375,3.984375,24800.0,4.125,4.125,2.441805601119995
20-07-1987,3.9375,4.125,30400.0,4.125,3.9375,2.3308143615722656
21-07-1987,3.9375,3.9375,98400.0,4.0625,4.03125,2.3863096237182617
22-07-1987,3.9375,4.03125,28800.0,4.1875,4.125,2.441805601119995
23-07-1987,3.9375,4.125,48800.0,4.1875,4.1875,2.4788026809692383
24-07-1987,4.0625,4.1875,17600.0,4.1875,4.1875,2.4788026809692383
27-07-1987,4.0625,4.1875,28000.0,4.1875,4.0625,2.4048092365264893
28-07-1987,4.0625,4.0625,50400.0,4.25,4.25,2.515800714492798
29-07-1987,4.125,4.25,70400.0,4.375,4.375,2.5897929668426514
30-07-1987,4.1875,4.375,40000.0,4.4375,4.390625,2.599043607711792
31-07-1987,4.25,4.390625,25600.0,4.5,4.25,2.515800714492798
03-08-1987,4.25,4.25,12800.0,4.5,4.5,2.663787364959717
04-08-1987,4.25,4.4375,20000.0,4.4375,4.4375,2.626789093017578
05-08-1987,4.25,4.375,3200.0,4.375,4.375,2.5897929668426514
06-08-1987,4.25,4.375,22400.0,4.4375,4.375,2.5897929668426514
07-08-1987,4.3125,4.375,32000.0,4.5,4.5,2.663787364959717
10-08-1987,4.3125,4.5,16800.0,4.5,4.3125,2.552797794342041
11-08-1987,4.3125,4.3125,31200.0,4.5,4.5,2.663787364959717
12-08-1987,4.3125,4.5,39200.0,4.5,4.5,2.663787364959717
13-08-1987,4.3125,4.5,14400.0,4.5,4.40625,2.608293056488037
14-08-1987,4.3125,4.40625,16000.0,4.5,4.3125,2.552797794342041
17-08-1987,4.3125,4.3125,14400.0,4.5,4.3125,2.552797794342041
18-08-1987,4.25,4.3125,19200.0,4.4375,4.3125,2.552797794342041
19-08-1987,4.125,4.3125,17600.0,4.3125,4.3125,2.552797794342041
20-08-1987,4.1875,4.3125,16000.0,4.375,4.3125,2.552797794342041
21-08-1987,4.25,4.3125,83200.0,4.5,4.375,2.5897929668426514
24-08-1987,4.375,4.375,47200.0,4.59375,4.46875,2.6543891429901123
25-08-1987,4.5,4.5,36000.0,4.6875,4.625,2.747201442718506
26-08-1987,4.5625,4.625,32800.0,4.75,4.75,2.8214499950408936
27-08-1987,4.5625,4.75,20000.0,4.75,4.5625,2.7100777626037598
28-08-1987,4.375,4.5625,60800.0,4.625,4.375,2.598703384399414
31-08-1987,4.375,4.375,40000.0,4.5625,4.53125,2.691514015197754
01-09-1987,4.4375,4.53125,28800.0,4.625,4.5,2.6729516983032227
02-09-1987,4.5,4.5,24800.0,4.625,4.5,2.6729516983032227
03-09-1987,4.5,4.5,2400.0,4.625,4.625,2.747201442718506
04-09-1987,4.5,4.625,19200.0,4.625,4.5,2.6729516983032227
08-09-1987,4.4375,4.5,201600.0,4.625,4.4375,2.63582706451416
09-09-1987,4.4375,4.4375,27200.0,4.625,4.625,2.747201442718506
10-09-1987,4.4375,4.625,12800.0,4.625,4.4375,2.63582706451416
11-09-1987,4.4375,4.4375,24800.0,4.625,4.625,2.747201442718506
14-09-1987,4.4375,4.625,37600.0,4.625,4.625,2.747201442718506
15-09-1987,4.5,4.625,276000.0,4.6875,4.5,2.6729516983032227
16-09-1987,4.5,4.5,96000.0,4.625,4.625,2.747201442718506
17-09-1987,4.46875,4.625,134400.0,4.625,4.46875,2.6543891429901123
18-09-1987,4.4375,4.46875,23200.0,4.625,4.46875,2.6543891429901123
21-09-1987,4.4375,4.46875,36800.0,4.625,4.4375,2.63582706451416
22-09-1987,4.46875,4.46875,37600.0,4.625,4.625,2.747201442718506
23-09-1987,4.4375,4.625,94400.0,4.625,4.4375,2.63582706451416
24-09-1987,4.4375,4.4375,53600.0,4.625,4.5,2.6729516983032227
25-09-1987,4.46875,4.5,30400.0,4.625,4.625,2.747201442718506
28-09-1987,4.5,4.625,93600.0,4.75,4.75,2.8214499950408936
29-09-1987,4.5,4.75,13600.0,4.75,4.6875,2.7843267917633057
30-09-1987,4.59375,4.6875,95200.0,4.78125,4.78125,2.8400115966796875
01-10-1987,4.59375,4.78125,19200.0,4.84375,4.84375,2.87713623046875
02-10-1987,4.625,4.84375,151200.0,4.84375,4.6875,2.7843267917633057
05-10-1987,4.65625,4.6875,152800.0,4.875,4.65625,2.7657628059387207
06-10-1987,4.75,4.75,46400.0,5.0,4.75,2.8214499950408936
07-10-1987,4.75,4.75,82400.0,4.9375,4.859375,2.8864176273345947
08-10-1987,4.75,4.859375,16000.0,4.9375,4.9375,2.9328231811523438
09-10-1987,4.75,4.9375,268000.0,4.9375,4.8125,2.8585739135742188
12-10-1987,4.75,4.8125,13600.0,4.9375,4.75,2.8214499950408936
13-10-1987,4.75,4.75,347200.0,4.9375,4.84375,2.87713623046875
14-10-1987,4.75,4.84375,46400.0,4.9375,4.75,2.8214499950408936
15-10-1987,4.75,4.75,11200.0,4.75,4.75,2.8214499950408936
16-10-1987,4.625,4.75,328000.0,4.9375,4.625,2.747201442718506
19-10-1987,3.6875,4.5625,95200.0,4.5625,3.75,2.2274606227874756
20-10-1987,3.375,3.6875,78400.0,3.6875,3.375,2.004714250564575
21-10-1987,3.4375,3.4375,159200.0,3.625,3.625,2.153211832046509
22-10-1987,3.375,3.625,256800.0,3.625,3.375,2.004714250564575
23-10-1987,3.4375,3.4375,48000.0,3.625,3.625,2.153211832046509
26-10-1987,3.1875,3.5625,181600.0,3.5625,3.1875,1.8933420181274414
27-10-1987,3.1875,3.1875,82400.0,3.375,3.1875,1.8933420181274414
28-10-1987,3.09375,3.1875,80800.0,3.375,3.125,1.856216549873352
29-10-1987,3.125,3.125,23200.0,3.3125,3.125,1.856216549873352
30-10-1987,3.0625,3.125,184800.0,3.3125,3.28125,1.9490281343460083
02-11-1987,3.125,3.28125,24800.0,3.3125,3.1875,1.8933420181274414
03-11-1987,3.1875,3.1875,44000.0,3.3125,3.1875,1.8933420181274414
04-11-1987,3.09375,3.1875,60800.0,3.3125,3.3125,1.967591643333435
05-11-1987,3.125,3.3125,44000.0,3.3125,3.25,1.9304656982421875
06-11-1987,3.1875,3.25,13600.0,3.25,3.25,1.9304656982421875
09-11-1987,3.125,3.25,13600.0,3.3125,3.25,1.9304656982421875
10-11-1987,3.125,3.25,87200.0,3.3125,3.25,1.9304656982421875
11-11-1987,3.09375,3.1875,46400.0,3.1875,3.09375,1.8376548290252686
12-11-1987,3.125,3.125,77600.0,3.3125,3.3125,1.967591643333435
13-11-1987,3.125,3.3125,4000.0,3.3125,3.125,1.856216549873352
16-11-1987,3.125,3.125,8800.0,3.28125,3.28125,1.9490281343460083
17-11-1987,3.125,3.28125,31200.0,3.3125,3.25,1.9304656982421875
18-11-1987,3.3125,3.3125,4800.0,3.3125,3.3125,1.967591643333435
19-11-1987,3.125,3.3125,38400.0,3.3125,3.234375,1.9211839437484741
20-11-1987,3.125,3.234375,12800.0,3.3125,3.3125,1.978295922279358
23-11-1987,3.125,3.3125,3200.0,3.3125,3.3125,1.978295922279358
24-11-1987,3.125,3.3125,25600.0,3.3125,3.3125,1.978295922279358
25-11-1987,3.1875,3.3125,30400.0,3.3125,3.25,1.9409679174423218
27-11-1987,3.21875,3.25,37600.0,3.3125,3.3125,1.978295922279358
30-11-1987,3.1875,3.3125,23200.0,3.3125,3.3125,1.978295922279358
01-12-1987,3.1875,3.3125,23200.0,3.375,3.375,2.015620231628418
02-12-1987,3.25,3.375,20800.0,3.375,3.25,1.9409679174423218
03-12-1987,3.25,3.25,15200.0,3.28125,3.28125,1.9596312046051025
04-12-1987,3.25,3.28125,116000.0,3.375,3.25,1.9409679174423218
07-12-1987,3.25,3.25,14400.0,3.375,3.375,2.015620231628418
08-12-1987,3.3125,3.375,288800.0,3.4375,3.3125,1.978295922279358
09-12-1987,3.3125,3.3125,555200.0,3.4375,3.4375,2.052946090698242
10-12-1987,3.3125,3.4375,181600.0,3.5,3.34375,1.9969573020935059
11-12-1987,3.3125,3.34375,5600.0,3.4375,3.4375,2.052946090698242
14-12-1987,3.3125,3.4375,422400.0,3.4375,3.40625,2.034282684326172
15-12-1987,3.375,3.40625,1031200.0,3.5625,3.4375,2.052946090698242
16-12-1987,3.5,3.5,106400.0,3.875,3.875,2.3142309188842773
17-12-1987,3.6875,3.875,35200.0,3.875,3.6875,2.202251672744751
18-12-1987,3.75,3.75,133600.0,3.9375,3.9375,2.3515563011169434
21-12-1987,3.8125,3.9375,115200.0,4.25,4.125,2.463535785675049
22-12-1987,4.125,4.125,72000.0,4.3125,4.125,2.463535785675049
23-12-1987,4.125,4.125,178400.0,4.3125,4.125,2.463535785675049
24-12-1987,4.0625,4.0625,800.0,4.0625,4.0625,2.426210403442383
28-12-1987,3.9375,4.0625,161600.0,4.25,3.9375,2.3515563011169434
29-12-1987,3.8125,3.9375,139200.0,4.0625,3.8125,2.276904582977295
30-12-1987,3.875,3.875,12000.0,4.0,3.875,2.3142309188842773
31-12-1987,3.8125,3.875,45600.0,4.0,4.0,2.388882637023926
04-01-1988,3.8125,4.0,23200.0,4.0,4.0,2.388882637023926
05-01-1988,3.9375,4.0,10400.0,4.125,4.0625,2.426210403442383
06-01-1988,3.9375,4.0625,91200.0,4.125,4.125,2.463535785675049
07-01-1988,3.9375,4.125,20000.0,4.125,3.9375,2.3515563011169434
08-01-1988,3.875,3.9375,18400.0,4.125,3.96875,2.3702197074890137
11-01-1988,3.75,3.9375,446400.0,3.9375,3.9375,2.3515563011169434
12-01-1988,3.8125,3.9375,9600.0,3.9375,3.90625,2.3328936100006104
13-01-1988,3.75,3.90625,18400.0,3.9375,3.75,2.2395782470703125
14-01-1988,3.75,3.75,59200.0,3.9375,3.84375,2.295567512512207
15-01-1988,3.75,3.84375,77600.0,3.9375,3.9375,2.3515563011169434
18-01-1988,3.75,3.9375,40000.0,4.0,3.75,2.2395782470703125
19-01-1988,3.75,3.75,20800.0,3.8125,3.8125,2.276904582977295
20-01-1988,3.75,3.75,4000.0,3.75,3.75,2.2395782470703125
21-01-1988,3.8125,3.8125,800.0,3.8125,3.8125,2.276904582977295
22-01-1988,3.8125,3.8125,0.0,3.8125,3.8125,2.276904582977295
25-01-1988,3.75,3.8125,69600.0,3.9375,3.78125,2.2582404613494873
26-01-1988,3.6875,3.78125,50400.0,3.875,3.8125,2.276904582977295
27-01-1988,3.75,3.75,21600.0,3.75,3.75,2.2395782470703125
28-01-1988,3.75,3.75,97600.0,3.875,3.75,2.2395782470703125
29-01-1988,3.671875,3.75,40000.0,3.75,3.75,2.2395782470703125
01-02-1988,3.6875,3.75,112800.0,3.84375,3.75,2.2395782470703125
02-02-1988,3.71875,3.75,7200.0,3.84375,3.84375,2.295567512512207
03-02-1988,3.71875,3.84375,23200.0,3.84375,3.71875,2.220913887023926
04-02-1988,3.71875,3.71875,1600.0,3.71875,3.71875,2.220913887023926
05-02-1988,3.625,3.71875,897600.0,3.84375,3.84375,2.295567512512207
08-02-1988,3.625,3.84375,72800.0,3.84375,3.625,2.1649253368377686
09-02-1988,3.625,3.625,67200.0,3.8125,3.6875,2.202251672744751
10-02-1988,3.6875,3.6875,271200.0,3.8125,3.75,2.2395782470703125
11-02-1988,3.625,3.75,75200.0,3.875,3.75,2.2395782470703125
12-02-1988,3.71875,3.75,24000.0,3.9375,3.90625,2.3328936100006104
16-02-1988,3.6875,3.75,21600.0,3.75,3.75,2.2395782470703125
17-02-1988,3.75,3.75,156000.0,3.9375,3.75,2.2395782470703125
18-02-1988,3.75,3.75,20000.0,3.9375,3.9375,2.3515563011169434
19-02-1988,3.75,3.9375,13600.0,4.0,3.8125,2.276904582977295
22-02-1988,3.875,3.875,71200.0,4.25,4.0,2.3998985290527344
23-02-1988,4.0,4.0,46400.0,4.25,4.125,2.474895715713501
24-02-1988,4.125,4.125,77600.0,4.3125,4.3125,2.5873916149139404
25-02-1988,4.1875,4.3125,172000.0,4.625,4.4375,2.662385940551758
26-02-1988,4.5,4.5,292800.0,4.625,4.5625,2.7373857498168945
29-02-1988,4.5,4.5625,425600.0,4.6875,4.5625,2.7373857498168945
01-03-1988,4.5,4.5625,125600.0,4.6875,4.5,2.699885606765747
02-03-1988,4.5,4.5,42400.0,4.6875,4.5625,2.7373857498168945
03-03-1988,4.5,4.5625,58400.0,4.6875,4.5625,2.7373857498168945
04-03-1988,4.5,4.5625,114400.0,4.6875,4.5,2.699885606765747
07-03-1988,4.5,4.5,32800.0,4.6875,4.625,2.7748830318450928
08-03-1988,4.5,4.625,11200.0,4.6875,4.6875,2.812382221221924
09-03-1988,4.5625,4.6875,144800.0,4.6875,4.625,2.7748830318450928
10-03-1988,4.5625,4.625,209600.0,4.6875,4.5625,2.7373857498168945
11-03-1988,4.375,4.5625,206400.0,4.6875,4.375,2.6248886585235596
14-03-1988,4.375,4.375,293600.0,4.625,4.625,2.7748830318450928
15-03-1988,4.40625,4.625,36800.0,4.625,4.4375,2.662385940551758
16-03-1988,4.4375,4.4375,64800.0,4.625,4.625,2.7748830318450928
17-03-1988,4.4375,4.625,37600.0,4.625,4.5,2.699885606765747
18-03-1988,4.5,4.5,59200.0,4.625,4.625,2.7748830318450928
21-03-1988,4.5,4.625,30400.0,4.625,4.625,2.7748830318450928
22-03-1988,4.5625,4.625,241600.0,4.6875,4.5625,2.7373857498168945
23-03-1988,4.625,4.625,71200.0,4.75,4.75,2.8498804569244385
24-03-1988,4.625,4.75,176800.0,4.75,4.6875,2.812382221221924
25-03-1988,4.6875,4.6875,0.0,4.6875,4.6875,2.812382221221924
28-03-1988,4.6875,4.6875,76000.0,4.75,4.75,2.8498804569244385
29-03-1988,4.625,4.75,28800.0,4.75,4.75,2.8498804569244385
30-03-1988,4.625,4.75,69600.0,4.8125,4.6875,2.812382221221924
31-03-1988,4.6875,4.6875,342400.0,4.8125,4.75,2.8498804569244385
04-04-1988,4.6875,4.75,25600.0,4.8125,4.6875,2.812382221221924
05-04-1988,4.6875,4.6875,608000.0,4.8125,4.6875,2.812382221221924
06-04-1988,4.6875,4.6875,35200.0,4.8125,4.75,2.8498804569244385
07-04-1988,4.6875,4.75,104000.0,4.75,4.6875,2.812382221221924
08-04-1988,4.6875,4.6875,80000.0,4.8125,4.6875,2.812382221221924
11-04-1988,4.6875,4.6875,32000.0,4.8125,4.6875,2.812382221221924
12-04-1988,4.6875,4.6875,132800.0,4.8125,4.75,2.8498804569244385
13-04-1988,4.6875,4.75,182400.0,4.8125,4.78125,2.868628740310669
14-04-1988,4.6875,4.75,57600.0,4.75,4.6875,2.812382221221924
15-04-1988,4.6875,4.6875,49600.0,4.8125,4.71875,2.831130266189575
18-04-1988,4.71875,4.71875,123200.0,4.8125,4.78125,2.868628740310669
19-04-1988,4.71875,4.78125,37600.0,4.8125,4.8125,2.887378692626953
20-04-1988,4.71875,4.78125,52000.0,4.78125,4.71875,2.831130266189575
21-04-1988,4.71875,4.71875,367200.0,4.875,4.734375,2.8405051231384277
22-04-1988,4.75,4.75,12000.0,4.875,4.8125,2.887378692626953
25-04-1988,4.71875,4.71875,3200.0,4.71875,4.71875,2.831130266189575
26-04-1988,4.734375,4.734375,138400.0,4.8125,4.8125,2.887378692626953
27-04-1988,4.75,4.8125,26400.0,4.875,4.8125,2.887378692626953
28-04-1988,4.75,4.8125,92000.0,4.875,4.78125,2.868628740310669
29-04-1988,4.75,4.78125,81600.0,4.875,4.875,2.9248764514923096
02-05-1988,4.75,4.875,294400.0,4.875,4.8125,2.887378692626953
03-05-1988,4.75,4.8125,153600.0,4.875,4.8125,2.887378692626953
04-05-1988,4.8125,4.8125,157600.0,4.875,4.875,2.9248764514923096
05-05-1988,4.8125,4.875,177600.0,4.875,4.8125,2.887378692626953
06-05-1988,4.8125,4.8125,36800.0,4.875,4.875,2.9248764514923096
09-05-1988,4.8125,4.875,106400.0,4.875,4.828125,2.8967530727386475
10-05-1988,4.8125,4.828125,37600.0,4.875,4.8125,2.887378692626953
11-05-1988,4.8125,4.8125,177600.0,4.875,4.875,2.9248764514923096
12-05-1988,4.8125,4.875,87200.0,5.0,4.875,2.9248764514923096
13-05-1988,4.8125,4.875,20800.0,4.9375,4.8125,2.887378692626953
16-05-1988,4.8125,4.8125,11200.0,5.0,4.8125,2.887378692626953
17-05-1988,4.8125,4.8125,31200.0,4.9375,4.84375,2.9061269760131836
18-05-1988,4.84375,4.84375,24800.0,5.0,4.9375,2.9623749256134033
19-05-1988,4.84375,4.9375,48000.0,4.9375,4.875,2.9248764514923096
20-05-1988,4.90625,4.90625,9600.0,4.9375,4.9375,2.9623749256134033
23-05-1988,4.84375,4.9375,14400.0,5.0,4.84375,2.91646409034729
24-05-1988,4.84375,4.84375,22400.0,5.0,4.875,2.9352798461914062
25-05-1988,4.90625,4.90625,40800.0,5.0625,5.0,3.010542869567871
26-05-1988,4.875,5.0,179200.0,5.09375,5.0625,3.048175811767578
27-05-1988,4.96875,5.0625,166400.0,5.21875,5.1875,3.123438835144043
31-05-1988,5.0625,5.1875,4000.0,5.3125,5.3125,3.198702096939087
01-06-1988,5.25,5.3125,125600.0,5.625,5.5625,3.349231481552124
02-06-1988,5.625,5.625,275200.0,5.75,5.6875,3.424492120742798
03-06-1988,5.5625,5.6875,401600.0,5.75,5.625,3.386861801147461
06-06-1988,5.5625,5.625,117600.0,5.625,5.625,3.386861801147461
07-06-1988,5.4375,5.5625,79200.0,5.5625,5.5625,3.349231481552124
08-06-1988,5.4375,5.5625,86400.0,5.5625,5.5625,3.349231481552124
09-06-1988,5.4375,5.5625,121600.0,5.625,5.625,3.386861801147461
10-06-1988,5.5625,5.625,77600.0,5.6875,5.6875,3.424492120742798
13-06-1988,5.625,5.6875,52000.0,5.6875,5.6875,3.424492120742798
14-06-1988,5.625,5.6875,192000.0,5.8125,5.75,3.462125778198242
15-06-1988,5.75,5.75,65600.0,5.875,5.875,3.537388324737549
16-06-1988,5.71875,5.875,90400.0,5.875,5.71875,3.4433112144470215
17-06-1988,5.71875,5.71875,37600.0,5.8125,5.8125,3.499758243560791
20-06-1988,5.65625,5.8125,284000.0,5.8125,5.75,3.462125778198242
21-06-1988,5.625,5.75,166400.0,5.75,5.75,3.462125778198242
22-06-1988,5.625,5.75,28000.0,5.78125,5.75,3.462125778198242
23-06-1988,5.625,5.75,37600.0,5.78125,5.6875,3.424492120742798
24-06-1988,5.65625,5.6875,66400.0,5.78125,5.78125,3.4809420108795166
27-06-1988,5.65625,5.78125,64000.0,5.78125,5.75,3.462125778198242
28-06-1988,5.65625,5.75,134400.0,5.75,5.75,3.462125778198242
29-06-1988,5.75,5.75,800.0,5.75,5.75,3.462125778198242
30-06-1988,5.6875,5.75,48000.0,5.75,5.75,3.462125778198242
01-07-1988,5.6875,5.75,40000.0,5.75,5.6875,3.424492120742798
05-07-1988,5.6875,5.6875,200800.0,5.8125,5.75,3.462125778198242
06-07-1988,5.75,5.75,93600.0,6.0,6.0,3.6126537322998047
07-07-1988,5.875,6.0,44800.0,6.0,5.90625,3.556203842163086
08-07-1988,5.90625,5.90625,119200.0,6.0,6.0,3.6126537322998047
11-07-1988,5.90625,6.0,346400.0,6.03125,5.9375,3.5750207901000977
12-07-1988,5.9375,5.9375,55200.0,6.03125,6.03125,3.6314697265625
13-07-1988,5.96875,6.03125,79200.0,6.03125,5.96875,3.5938360691070557
14-07-1988,5.96875,5.96875,10400.0,6.03125,6.03125,3.6314697265625
15-07-1988,5.9375,6.03125,236800.0,6.03125,5.9375,3.5750207901000977
18-07-1988,5.90625,5.9375,68800.0,6.0,5.96875,3.5938360691070557
19-07-1988,5.875,5.96875,4000.0,5.96875,5.96875,3.5938360691070557
20-07-1988,5.875,5.96875,11200.0,5.96875,5.875,3.537388324737549
21-07-1988,5.78125,5.875,78400.0,5.96875,5.875,3.537388324737549
22-07-1988,5.75,5.875,6400.0,5.9375,5.75,3.462125778198242
25-07-1988,5.71875,5.75,19200.0,5.875,5.75,3.462125778198242
26-07-1988,5.75,5.75,68800.0,5.78125,5.78125,3.4809420108795166
27-07-1988,5.71875,5.78125,55200.0,5.90625,5.71875,3.4433112144470215
28-07-1988,5.71875,5.71875,28800.0,5.875,5.75,3.462125778198242
29-07-1988,5.71875,5.75,19200.0,5.875,5.71875,3.4433112144470215
01-08-1988,5.6875,5.71875,36800.0,5.875,5.8125,3.499758243560791
02-08-1988,5.71875,5.71875,3200.0,5.71875,5.71875,3.4433112144470215
03-08-1988,5.71875,5.71875,27200.0,5.84375,5.84375,3.5185728073120117
04-08-1988,5.84375,5.84375,1600.0,5.84375,5.84375,3.5185728073120117
05-08-1988,5.71875,5.71875,68000.0,5.71875,5.71875,3.4433112144470215
08-08-1988,5.71875,5.71875,63200.0,5.84375,5.71875,3.4433112144470215
09-08-1988,5.625,5.71875,332000.0,5.8125,5.65625,3.4056785106658936
10-08-1988,5.5625,5.65625,61600.0,5.75,5.578125,3.3586387634277344
11-08-1988,5.375,5.578125,188000.0,5.6875,5.375,3.2363367080688477
12-08-1988,5.1875,5.375,64000.0,5.4375,5.375,3.2363367080688477
15-08-1988,5.15625,5.25,137600.0,5.25,5.15625,3.1046226024627686
16-08-1988,5.09375,5.15625,72800.0,5.1875,5.09375,3.0669898986816406
17-08-1988,5.09375,5.09375,9600.0,5.125,5.125,3.085808753967285
18-08-1988,5.0,5.125,179200.0,5.125,5.125,3.085808753967285
19-08-1988,5.0625,5.125,194400.0,5.125,5.0625,3.048175811767578
22-08-1988,5.0625,5.0625,84000.0,5.25,5.0625,3.058749198913574
23-08-1988,5.125,5.125,35200.0,5.3125,5.25,3.17203688621521
24-08-1988,5.125,5.25,83200.0,5.3125,5.3125,3.20979905128479
25-08-1988,5.09375,5.25,13600.0,5.25,5.09375,3.0776281356811523
26-08-1988,5.09375,5.09375,68000.0,5.21875,5.109375,3.0870707035064697
29-08-1988,5.09375,5.109375,44800.0,5.25,5.25,3.17203688621521
30-08-1988,5.125,5.25,24800.0,5.25,5.125,3.0965123176574707
31-08-1988,5.25,5.25,4000.0,5.25,5.25,3.17203688621521
01-09-1988,5.15625,5.25,24000.0,5.3125,5.25,3.17203688621521
02-09-1988,5.25,5.25,4000.0,5.3125,5.3125,3.20979905128479
06-09-1988,5.3125,5.3125,2400.0,5.3125,5.3125,3.20979905128479
07-09-1988,5.125,5.125,800.0,5.125,5.125,3.0965123176574707
08-09-1988,5.125,5.125,24000.0,5.3125,5.3125,3.20979905128479
09-09-1988,5.125,5.3125,10400.0,5.3125,5.3125,3.20979905128479
12-09-1988,5.15625,5.3125,10400.0,5.3125,5.15625,3.115391969680786
13-09-1988,5.15625,5.15625,36800.0,5.3125,5.3125,3.20979905128479
14-09-1988,5.1875,5.3125,125600.0,5.375,5.375,3.2475624084472656
15-09-1988,5.1875,5.3125,7200.0,5.3125,5.3125,3.20979905128479
16-09-1988,5.25,5.3125,8800.0,5.375,5.375,3.2475624084472656
19-09-1988,5.1875,5.21875,5600.0,5.21875,5.21875,3.1531548500061035
20-09-1988,5.1875,5.1875,4000.0,5.1875,5.1875,3.134273052215576
21-09-1988,5.1875,5.1875,97600.0,5.375,5.3125,3.20979905128479
22-09-1988,5.25,5.3125,77600.0,5.5,5.25,3.17203688621521
23-09-1988,5.25,5.25,0.0,5.25,5.25,3.17203688621521
26-09-1988,5.28125,5.28125,8800.0,5.4375,5.4375,3.285322904586792
27-09-1988,5.28125,5.3125,4800.0,5.3125,5.28125,3.190917491912842
28-09-1988,5.28125,5.28125,6400.0,5.375,5.28125,3.190917491912842
29-09-1988,5.34375,5.34375,60000.0,5.34375,5.34375,3.2286813259124756
30-09-1988,5.28125,5.34375,16800.0,5.5,5.34375,3.2286813259124756
03-10-1988,5.28125,5.34375,53600.0,5.5,5.28125,3.190917491912842
04-10-1988,5.28125,5.28125,13600.0,5.46875,5.46875,3.304203987121582
05-10-1988,5.28125,5.46875,12800.0,5.46875,5.28125,3.190917491912842
06-10-1988,5.28125,5.28125,212000.0,5.46875,5.40625,3.2664413452148438
07-10-1988,5.375,5.40625,181600.0,5.46875,5.46875,3.304203987121582
10-10-1988,5.3125,5.46875,3200.0,5.46875,5.3125,3.20979905128479
11-10-1988,5.375,5.375,75200.0,5.46875,5.4375,3.285322904586792
12-10-1988,5.375,5.375,800.0,5.375,5.375,3.2475624084472656
13-10-1988,5.625,5.625,2400.0,5.625,5.625,3.3986105918884277
14-10-1988,5.375,5.59375,9600.0,5.59375,5.59375,3.379727840423584
17-10-1988,5.59375,5.59375,0.0,5.59375,5.59375,3.379727840423584
18-10-1988,5.40625,5.59375,10400.0,5.625,5.625,3.3986105918884277
19-10-1988,5.40625,5.625,2400.0,5.625,5.40625,3.2664413452148438
20-10-1988,5.40625,5.40625,4000.0,5.59375,5.40625,3.2664413452148438
21-10-1988,5.40625,5.40625,17600.0,5.59375,5.59375,3.379727840423584
24-10-1988,5.40625,5.59375,20000.0,5.59375,5.59375,3.379727840423584
25-10-1988,5.5,5.59375,45600.0,5.625,5.625,3.3986105918884277
26-10-1988,5.5625,5.625,51200.0,5.65625,5.65625,3.417492151260376
27-10-1988,5.5625,5.65625,17600.0,5.71875,5.5625,3.3608481884002686
28-10-1988,5.5625,5.5625,40000.0,5.625,5.625,3.3986105918884277
31-10-1988,5.5625,5.625,6400.0,5.6875,5.6875,3.4363698959350586
01-11-1988,5.5625,5.5625,8000.0,5.5625,5.5625,3.3608481884002686
02-11-1988,5.5625,5.5625,5600.0,5.65625,5.65625,3.417492151260376
03-11-1988,5.5625,5.65625,5600.0,5.6875,5.6875,3.4363698959350586
04-11-1988,5.5625,5.6875,52000.0,5.71875,5.71875,3.4552552700042725
07-11-1988,5.5625,5.6875,96800.0,5.6875,5.59375,3.379727840423584
08-11-1988,5.59375,5.59375,65600.0,5.75,5.59375,3.379727840423584
09-11-1988,5.46875,5.59375,109600.0,5.625,5.46875,3.304203987121582
10-11-1988,5.46875,5.46875,0.0,5.46875,5.46875,3.304203987121582
11-11-1988,5.46875,5.46875,8000.0,5.59375,5.46875,3.304203987121582
14-11-1988,5.46875,5.46875,47200.0,5.59375,5.46875,3.304203987121582
15-11-1988,5.46875,5.46875,78400.0,5.625,5.625,3.3986105918884277
16-11-1988,5.5,5.625,11200.0,5.625,5.625,3.3986105918884277
17-11-1988,5.625,5.625,3200.0,5.625,5.625,3.3986105918884277
18-11-1988,5.5,5.625,87200.0,5.625,5.625,3.4107375144958496
21-11-1988,5.53125,5.625,22400.0,5.625,5.625,3.4107375144958496
22-11-1988,5.5,5.625,892000.0,5.625,5.5625,3.372840404510498
23-11-1988,5.625,5.625,2400.0,5.625,5.625,3.4107375144958496
25-11-1988,5.53125,5.625,9600.0,5.625,5.625,3.4107375144958496
28-11-1988,5.625,5.625,35200.0,5.78125,5.625,3.4107375144958496
29-11-1988,5.625,5.625,131200.0,5.96875,5.875,3.562323570251465
30-11-1988,5.8125,5.875,112000.0,6.03125,5.875,3.562323570251465
01-12-1988,5.8125,5.875,48800.0,5.9375,5.9375,3.600221872329712
02-12-1988,5.75,5.875,19200.0,5.875,5.75,3.4865331649780273
05-12-1988,5.75,5.75,122400.0,5.9375,5.84375,3.5433766841888428
06-12-1988,5.75,5.84375,192800.0,5.875,5.78125,3.5054800510406494
07-12-1988,5.6875,5.78125,13600.0,5.875,5.6875,3.4486353397369385
08-12-1988,5.6875,5.6875,9600.0,5.875,5.6875,3.4486353397369385
09-12-1988,5.71875,5.71875,34400.0,5.875,5.71875,3.467583417892456
12-12-1988,5.6875,5.71875,16000.0,5.875,5.6875,3.4486353397369385
13-12-1988,5.6875,5.6875,20800.0,5.875,5.875,3.562323570251465
14-12-1988,5.6875,5.875,139200.0,5.875,5.71875,3.467583417892456
15-12-1988,5.875,5.875,4800.0,5.875,5.875,3.562323570251465
16-12-1988,5.6875,5.875,28000.0,5.875,5.875,3.562323570251465
19-12-1988,5.71875,5.875,4000.0,5.875,5.875,3.562323570251465
20-12-1988,5.75,5.875,50400.0,5.90625,5.8125,3.5244300365448
21-12-1988,5.71875,5.8125,114400.0,5.84375,5.8125,3.5244300365448
22-12-1988,5.75,5.8125,11200.0,5.9375,5.75,3.4865331649780273
23-12-1988,5.8125,5.8125,33600.0,5.9375,5.859375,3.5528512001037598
27-12-1988,5.8125,5.8125,5600.0,5.8125,5.8125,3.5244300365448
28-12-1988,5.8125,5.8125,6400.0,5.9375,5.9375,3.600221872329712
29-12-1988,5.8125,5.875,54400.0,5.875,5.84375,3.5433766841888428
30-12-1988,5.8125,5.84375,20800.0,5.9375,5.9375,3.600221872329712
03-01-1989,5.8125,5.9375,15200.0,5.9375,5.8125,3.5244300365448
04-01-1989,5.8125,5.8125,8000.0,5.9375,5.9375,3.600221872329712
05-01-1989,5.8125,5.9375,35200.0,5.9375,5.8125,3.5244300365448
06-01-1989,5.8125,5.8125,72000.0,5.9375,5.9375,3.600221872329712
09-01-1989,5.8125,5.9375,89600.0,5.9375,5.8125,3.5244300365448
10-01-1989,5.8125,5.8125,45600.0,5.9375,5.9375,3.600221872329712
11-01-1989,5.8125,5.8125,12000.0,5.8125,5.8125,3.5244300365448
12-01-1989,5.8125,5.8125,52800.0,5.9375,5.8125,3.5244300365448
13-01-1989,5.8125,5.8125,112000.0,5.90625,5.890625,3.5717990398406982
16-01-1989,5.8125,5.890625,68800.0,5.9375,5.8125,3.5244300365448
17-01-1989,5.8125,5.8125,8000.0,5.9375,5.8125,3.5244300365448
18-01-1989,5.8125,5.8125,1600.0,5.8125,5.8125,3.5244300365448
19-01-1989,5.8125,5.8125,80800.0,5.90625,5.90625,3.581275463104248
20-01-1989,5.8125,5.8125,5600.0,5.8125,5.8125,3.5244300365448
23-01-1989,5.8125,5.8125,232000.0,5.9375,5.9375,3.600221872329712
24-01-1989,5.8125,5.84375,163200.0,5.84375,5.8125,3.5244300365448
25-01-1989,5.8125,5.8125,0.0,5.8125,5.8125,3.5244300365448
26-01-1989,5.8125,5.8125,608800.0,5.9375,5.8125,3.5244300365448
27-01-1989,5.8125,5.8125,9600.0,5.9375,5.8125,3.5244300365448
30-01-1989,5.875,5.875,112000.0,6.0625,5.875,3.562323570251465
31-01-1989,5.875,5.875,88000.0,6.0625,5.9375,3.600221872329712
01-02-1989,5.9375,5.9375,100000.0,6.125,6.0625,3.676015853881836
02-02-1989,5.9375,6.0625,4000.0,6.0625,5.9375,3.600221872329712
03-02-1989,5.9375,5.9375,249600.0,6.0,6.0,3.6381194591522217
06-02-1989,5.9375,6.0,16800.0,6.125,6.0625,3.676015853881836
07-02-1989,5.9375,6.0625,60000.0,6.0625,5.9375,3.600221872329712
08-02-1989,5.9375,5.9375,40000.0,6.125,6.125,3.7139148712158203
09-02-1989,5.9375,5.9375,800.0,5.9375,5.9375,3.600221872329712
10-02-1989,5.9375,5.9375,92000.0,6.0625,5.9375,3.600221872329712
13-02-1989,5.9375,5.9375,14400.0,6.0625,5.9375,3.600221872329712
14-02-1989,5.9375,5.9375,644800.0,6.0625,5.9375,3.600221872329712
15-02-1989,5.9375,5.9375,72000.0,6.0625,6.0,3.6381194591522217
16-02-1989,5.9375,6.0,176000.0,6.25,6.1875,3.7518115043640137
17-02-1989,6.03125,6.1875,28800.0,6.25,6.03125,3.6689295768737793
21-02-1989,6.03125,6.03125,187200.0,6.25,6.25,3.801996946334839
22-02-1989,6.0625,6.25,89600.0,6.25,6.0625,3.6879360675811768
23-02-1989,6.0625,6.0625,68800.0,6.125,6.09375,3.70694637298584
24-02-1989,6.0625,6.09375,164000.0,6.1875,6.09375,3.70694637298584
27-02-1989,6.0625,6.09375,87200.0,6.09375,6.0625,3.6879360675811768
28-02-1989,6.0625,6.0625,80800.0,6.15625,6.15625,3.744966506958008
01-03-1989,6.0625,6.125,22400.0,6.125,6.125,3.7259585857391357
02-03-1989,6.0625,6.0625,40800.0,6.0625,6.0625,3.6879360675811768
03-03-1989,6.15625,6.15625,9600.0,6.1875,6.15625,3.744966506958008
06-03-1989,6.0625,6.15625,237600.0,6.1875,6.1875,3.7639784812927246
07-03-1989,6.0625,6.1875,28800.0,6.1875,6.0625,3.6879360675811768
08-03-1989,6.0625,6.0625,8000.0,6.1875,6.125,3.7259585857391357
09-03-1989,6.125,6.125,0.0,6.125,6.125,3.7259585857391357
10-03-1989,6.15625,6.15625,800.0,6.15625,6.15625,3.744966506958008
13-03-1989,6.0625,6.15625,19200.0,6.1875,6.09375,3.70694637298584
14-03-1989,6.09375,6.09375,188000.0,6.1875,6.15625,3.744966506958008
15-03-1989,6.125,6.15625,24000.0,6.1875,6.125,3.7259585857391357
16-03-1989,6.125,6.125,83200.0,6.25,6.125,3.7259585857391357
17-03-1989,6.03125,6.125,11200.0,6.125,6.03125,3.6689295768737793
20-03-1989,6.0625,6.0625,35200.0,6.1875,6.0625,3.6879360675811768
21-03-1989,6.0625,6.0625,55200.0,6.09375,6.0625,3.6879360675811768
22-03-1989,6.0625,6.0625,5600.0,6.0625,6.0625,3.6879360675811768
23-03-1989,6.0625,6.0625,28800.0,6.1875,6.0625,3.6879360675811768
27-03-1989,6.0625,6.0625,5600.0,6.0625,6.0625,3.6879360675811768
28-03-1989,6.0625,6.0625,1600.0,6.125,6.125,3.7259585857391357
29-03-1989,6.0,6.125,4800.0,6.125,6.0,3.6499202251434326
30-03-1989,5.875,6.0,35200.0,6.0625,5.875,3.5738778114318848
31-03-1989,5.875,5.875,3200.0,6.0625,5.875,3.5738778114318848
03-04-1989,5.875,5.875,54400.0,6.0,5.875,3.5738778114318848
04-04-1989,5.875,5.875,16000.0,6.0,6.0,3.6499202251434326
05-04-1989,5.875,6.0,3200.0,6.0,6.0,3.6499202251434326
06-04-1989,5.875,5.9375,24800.0,5.9375,5.9375,3.61189603805542
07-04-1989,5.875,5.9375,18400.0,5.96875,5.96875,3.630906820297241
10-04-1989,5.875,5.96875,4800.0,5.96875,5.96875,3.630906820297241
11-04-1989,5.875,5.875,1600.0,5.875,5.875,3.5738778114318848
12-04-1989,5.875,5.875,8800.0,5.96875,5.875,3.5738778114318848
13-04-1989,5.9375,5.9375,60800.0,5.96875,5.96875,3.630906820297241
14-04-1989,5.84375,5.96875,20800.0,5.96875,5.84375,3.554867744445801
17-04-1989,5.84375,5.84375,191200.0,5.9375,5.84375,3.554867744445801
18-04-1989,5.8125,5.84375,8000.0,5.90625,5.8125,3.5358569622039795
19-04-1989,5.8125,5.8125,3200.0,5.8125,5.8125,3.5358569622039795
20-04-1989,5.8125,5.8125,16800.0,5.90625,5.8125,3.5358569622039795
21-04-1989,5.8125,5.8125,12000.0,5.90625,5.875,3.5738778114318848
24-04-1989,5.8125,5.875,4000.0,5.875,5.8125,3.5358569622039795
25-04-1989,5.8125,5.8125,184800.0,5.84375,5.8125,3.5358569622039795
26-04-1989,5.8125,5.8125,1600.0,5.8125,5.8125,3.5358569622039795
27-04-1989,5.6875,5.75,37600.0,5.75,5.6875,3.4598164558410645
28-04-1989,5.6875,5.6875,58400.0,5.8125,5.75,3.497838258743286
01-05-1989,5.625,5.75,48000.0,5.8125,5.625,3.421797275543213
02-05-1989,5.625,5.625,16800.0,5.625,5.625,3.421797275543213
03-05-1989,5.5,5.625,45600.0,5.8125,5.6875,3.4598164558410645
04-05-1989,5.5,5.6875,5600.0,5.6875,5.5,3.3457565307617188
05-05-1989,5.5,5.5,187200.0,5.6875,5.6875,3.4598164558410645
08-05-1989,5.5625,5.6875,44800.0,5.6875,5.5625,3.3837790489196777
09-05-1989,5.5625,5.5625,5600.0,5.6875,5.5625,3.3837790489196777
10-05-1989,5.5625,5.5625,121600.0,5.6875,5.5625,3.3837790489196777
11-05-1989,5.5625,5.5625,328800.0,5.75,5.75,3.497838258743286
12-05-1989,5.625,5.75,287200.0,5.75,5.75,3.497838258743286
15-05-1989,5.6875,5.75,9600.0,5.75,5.6875,3.4598164558410645
16-05-1989,5.6875,5.6875,4000.0,5.6875,5.6875,3.4598164558410645
17-05-1989,5.6875,5.6875,22400.0,5.75,5.6875,3.4598164558410645
18-05-1989,5.6875,5.6875,4800.0,5.75,5.75,3.497838258743286
19-05-1989,5.6875,5.75,180000.0,5.75,5.6875,3.4598164558410645
22-05-1989,5.6875,5.6875,22400.0,5.8125,5.6875,3.4720256328582764
23-05-1989,5.6875,5.6875,18400.0,5.8125,5.6875,3.4720256328582764
24-05-1989,5.6875,5.6875,71200.0,5.75,5.75,3.5101823806762695
25-05-1989,5.6875,5.75,34400.0,5.8125,5.6875,3.4720256328582764
26-05-1989,5.6875,5.6875,162400.0,5.78125,5.78125,3.5292575359344482
30-05-1989,5.78125,5.78125,0.0,5.78125,5.78125,3.5292575359344482
31-05-1989,5.75,5.78125,62400.0,5.8125,5.75,3.5101823806762695
01-06-1989,5.75,5.75,192000.0,5.8125,5.8125,3.5483345985412598
02-06-1989,5.75,5.8125,17600.0,5.8125,5.75,3.5101823806762695
05-06-1989,5.75,5.75,76800.0,5.875,5.78125,3.5292575359344482
06-06-1989,5.75,5.78125,136800.0,5.84375,5.78125,3.5292575359344482
07-06-1989,5.84375,5.84375,74400.0,6.0,5.875,3.5864903926849365
08-06-1989,5.875,5.875,32000.0,6.0,5.875,3.5864903926849365
09-06-1989,5.875,5.875,280000.0,6.03125,5.96875,3.6437201499938965
12-06-1989,5.875,5.96875,116000.0,6.03125,5.875,3.5864903926849365
13-06-1989,5.875,5.875,246400.0,6.0,5.9375,3.6246421337127686
14-06-1989,5.875,5.9375,6400.0,6.0,5.875,3.5864903926849365
15-06-1989,5.875,5.875,198400.0,6.0,5.9375,3.6246421337127686
16-06-1989,5.875,5.9375,103200.0,6.0,6.0,3.662799596786499
19-06-1989,5.90625,6.0,10400.0,6.0,6.0,3.662799596786499
20-06-1989,5.90625,6.0,204000.0,6.0,5.9375,3.6246421337127686
21-06-1989,5.9375,5.9375,100800.0,5.96875,5.9375,3.6246421337127686
22-06-1989,5.9375,5.9375,108800.0,6.0,5.9375,3.6246421337127686
23-06-1989,5.9375,5.9375,20000.0,5.96875,5.9375,3.6246421337127686
26-06-1989,5.9375,5.9375,3200.0,5.9375,5.9375,3.6246421337127686
27-06-1989,5.9375,5.9375,412800.0,6.0,5.96875,3.6437201499938965
28-06-1989,5.9375,5.96875,10400.0,6.0625,6.0625,3.7009503841400146
29-06-1989,5.9375,6.0,8800.0,6.0,6.0,3.662799596786499
30-06-1989,5.9375,6.0,280800.0,6.0625,5.96875,3.6437201499938965
03-07-1989,5.9375,5.96875,12800.0,6.0625,5.9375,3.6246421337127686
05-07-1989,5.9375,5.9375,29600.0,6.03125,6.03125,3.6818761825561523
06-07-1989,5.9375,6.03125,196000.0,6.03125,6.03125,3.6818761825561523
07-07-1989,5.9375,6.03125,348800.0,6.03125,6.0,3.662799596786499
10-07-1989,5.96875,6.0,243200.0,6.0625,6.0,3.662799596786499
11-07-1989,6.0,6.0,0.0,6.0,6.0,3.662799596786499
12-07-1989,5.96875,6.0,668000.0,6.25,6.25,3.8154137134552
13-07-1989,6.125,6.25,20000.0,6.25,6.25,3.8154137134552
14-07-1989,6.125,6.25,39200.0,6.25,6.125,3.739107131958008
17-07-1989,6.125,6.125,108000.0,6.25,6.25,3.8154137134552
18-07-1989,6.125,6.25,21600.0,6.25,6.125,3.739107131958008
19-07-1989,6.125,6.125,444000.0,6.25,6.25,3.8154137134552
20-07-1989,6.15625,6.25,116000.0,6.3125,6.25,3.8154137134552
21-07-1989,6.15625,6.25,144000.0,6.25,6.21875,3.7963364124298096
24-07-1989,6.1875,6.21875,18400.0,6.3125,6.3125,3.853567361831665
25-07-1989,6.25,6.3125,25600.0,6.3125,6.3125,3.853567361831665
26-07-1989,6.1875,6.3125,40000.0,6.3125,6.3125,3.853567361831665
27-07-1989,6.1875,6.3125,13600.0,6.3125,6.3125,3.853567361831665
28-07-1989,6.1875,6.3125,267200.0,6.3125,6.3125,3.853567361831665
31-07-1989,6.1875,6.3125,24800.0,6.3125,6.3125,3.853567361831665
01-08-1989,6.1875,6.3125,49600.0,6.3125,6.3125,3.853567361831665
02-08-1989,6.1875,6.3125,184800.0,6.3125,6.3125,3.853567361831665
03-08-1989,6.1875,6.3125,77600.0,6.3125,6.1875,3.777259588241577
04-08-1989,6.1875,6.1875,51200.0,6.3125,6.1875,3.777259588241577
07-08-1989,6.1875,6.1875,33600.0,6.375,6.25,3.8154137134552
08-08-1989,6.25,6.25,73600.0,6.5625,6.375,3.8917224407196045
09-08-1989,6.421875,6.421875,38400.0,6.625,6.4375,3.9298763275146484
10-08-1989,6.46875,6.46875,92000.0,6.75,6.625,4.044339656829834
11-08-1989,6.6875,6.6875,48000.0,6.8125,6.6875,4.082494258880615
14-08-1989,6.625,6.6875,37600.0,6.8125,6.625,4.044339656829834
15-08-1989,6.625,6.625,107200.0,6.875,6.875,4.19695520401001
16-08-1989,6.625,6.875,92800.0,6.875,6.625,4.044339656829834
17-08-1989,6.625,6.625,16800.0,6.75,6.625,4.044339656829834
18-08-1989,6.625,6.625,800.0,6.625,6.625,4.044339656829834
21-08-1989,6.625,6.625,48800.0,6.8125,6.6875,4.0948567390441895
22-08-1989,6.65625,6.6875,313600.0,6.875,6.65625,4.075718402862549
23-08-1989,6.1875,6.65625,375200.0,6.8125,6.25,3.826967716217041
24-08-1989,6.3125,6.3125,128000.0,6.4375,6.3125,3.865236759185791
25-08-1989,6.3125,6.3125,116000.0,6.4375,6.4375,3.9417755603790283
28-08-1989,6.3125,6.4375,84000.0,6.5,6.5,3.980044364929199
29-08-1989,6.375,6.5,244000.0,6.5,6.40625,3.922640085220337
30-08-1989,6.375,6.40625,40800.0,6.5,6.46875,3.960911273956299
31-08-1989,6.375,6.46875,28800.0,6.5,6.5,3.980044364929199
01-09-1989,6.4375,6.5,71200.0,6.625,6.5,3.980044364929199
05-09-1989,6.5,6.5,16000.0,6.5,6.5,3.980044364929199
06-09-1989,6.5,6.5,13600.0,6.6875,6.5,3.980044364929199
07-09-1989,6.5,6.5,8800.0,6.6875,6.5,3.980044364929199
08-09-1989,6.5,6.5,31200.0,6.6875,6.6875,4.0948567390441895
11-09-1989,6.5,6.6875,51200.0,6.6875,6.65625,4.075718402862549
12-09-1989,6.53125,6.65625,43200.0,6.6875,6.53125,3.9991800785064697
13-09-1989,6.5625,6.5625,134400.0,6.6875,6.5625,4.018318176269531
14-09-1989,6.5625,6.5625,16800.0,6.6875,6.5625,4.018318176269531
15-09-1989,6.5625,6.5625,144000.0,6.6875,6.5625,4.018318176269531
18-09-1989,6.4375,6.5625,20000.0,6.65625,6.4375,3.9417755603790283
19-09-1989,6.4375,6.4375,25600.0,6.4375,6.4375,3.9417755603790283
20-09-1989,6.4375,6.4375,35200.0,6.625,6.59375,4.037449836730957
21-09-1989,6.4375,6.59375,38400.0,6.625,6.625,4.056584358215332
22-09-1989,6.53125,6.625,68000.0,6.625,6.625,4.056584358215332
25-09-1989,6.5625,6.625,45600.0,6.6875,6.5625,4.018318176269531
26-09-1989,6.5625,6.5625,138400.0,6.6875,6.5625,4.018318176269531
27-09-1989,6.53125,6.5625,72800.0,6.75,6.5625,4.018318176269531
28-09-1989,6.625,6.625,268000.0,6.875,6.875,4.209662914276123
29-09-1989,6.75,6.875,136800.0,6.875,6.875,4.209662914276123
02-10-1989,6.75,6.875,20000.0,6.875,6.75,4.133123397827148
03-10-1989,6.75,6.75,78400.0,7.0625,7.0625,4.3244757652282715
04-10-1989,7.0,7.0625,112800.0,7.21875,7.21875,4.420148849487305
05-10-1989,7.125,7.21875,62400.0,7.375,7.25,4.439283847808838
06-10-1989,7.1875,7.25,10400.0,7.375,7.375,4.5158209800720215
09-10-1989,7.1875,7.375,132000.0,7.375,7.34375,4.49668550491333
10-10-1989,7.1875,7.3125,88000.0,7.3125,7.1875,4.4010114669799805
11-10-1989,7.125,7.1875,261600.0,7.3125,7.125,4.362742900848389
12-10-1989,7.0625,7.125,20800.0,7.3125,7.0625,4.3244757652282715
13-10-1989,7.03125,7.0625,38400.0,7.1875,7.03125,4.305339336395264
16-10-1989,6.625,6.75,243200.0,6.75,6.625,4.056584358215332
17-10-1989,6.625,6.625,84800.0,6.75,6.6875,4.0948567390441895
18-10-1989,6.6875,6.6875,289600.0,6.9375,6.9375,4.247930526733398
19-10-1989,6.8125,6.9375,18400.0,6.9375,6.8125,4.171392917633057
20-10-1989,6.8125,6.8125,47200.0,6.9375,6.9375,4.247930526733398
23-10-1989,6.8125,6.9375,45600.0,6.9375,6.8125,4.171392917633057
24-10-1989,6.6875,6.8125,60800.0,6.8125,6.8125,4.171392917633057
25-10-1989,6.8125,6.8125,0.0,6.8125,6.8125,4.171392917633057
26-10-1989,6.8125,6.8125,800.0,6.8125,6.8125,4.171392917633057
27-10-1989,6.5625,6.75,209600.0,6.75,6.5625,4.018318176269531
30-10-1989,6.5625,6.5625,20800.0,6.75,6.5625,4.018318176269531
31-10-1989,6.5625,6.5625,12800.0,6.75,6.75,4.133123397827148
01-11-1989,6.625,6.75,131200.0,6.75,6.75,4.133123397827148
02-11-1989,6.625,6.65625,39200.0,6.65625,6.625,4.056584358215332
03-11-1989,6.625,6.625,16800.0,6.75,6.75,4.133123397827148
06-11-1989,6.625,6.75,148800.0,6.75,6.65625,4.075718402862549
07-11-1989,6.65625,6.65625,0.0,6.65625,6.65625,4.075718402862549
08-11-1989,6.6875,6.6875,260000.0,6.703125,6.6875,4.0948567390441895
09-11-1989,6.6875,6.6875,48800.0,6.6875,6.6875,4.0948567390441895
10-11-1989,6.625,6.6875,8800.0,6.75,6.75,4.133123397827148
13-11-1989,6.625,6.75,3200.0,6.75,6.625,4.056584358215332
14-11-1989,6.5625,6.625,13600.0,6.75,6.5625,4.018318176269531
15-11-1989,6.5625,6.5625,0.0,6.5625,6.5625,4.018318176269531
16-11-1989,6.5625,6.5625,65600.0,6.75,6.625,4.056584358215332
17-11-1989,6.5625,6.625,24000.0,6.6875,6.5625,4.018318176269531
20-11-1989,6.5625,6.5625,15200.0,6.6875,6.5625,4.018318176269531
21-11-1989,6.5625,6.5625,178400.0,6.6875,6.625,4.056584358215332
22-11-1989,6.625,6.625,327200.0,6.6875,6.6875,4.0948567390441895
24-11-1989,6.625,6.625,800.0,6.625,6.625,4.056584358215332
27-11-1989,6.625,6.625,45600.0,6.6875,6.6875,4.108810901641846
28-11-1989,6.59375,6.6875,4000.0,6.6875,6.59375,4.051207542419434
29-11-1989,6.5625,6.59375,19200.0,6.6875,6.5625,4.032010555267334
30-11-1989,6.5625,6.5625,23200.0,6.59375,6.59375,4.051207542419434
01-12-1989,6.5625,6.59375,64000.0,6.6875,6.59375,4.051207542419434
04-12-1989,6.5625,6.59375,10400.0,6.6875,6.5625,4.032010555267334
05-12-1989,6.5625,6.5625,52000.0,6.6875,6.5625,4.032010555267334
06-12-1989,6.5625,6.5625,16000.0,6.6875,6.65625,4.0896077156066895
07-12-1989,6.46875,6.59375,164800.0,6.59375,6.53125,4.012808322906494
08-12-1989,6.4375,6.53125,91200.0,6.625,6.5625,4.032010555267334
11-12-1989,6.4375,6.5625,19200.0,6.5625,6.53125,4.012808322906494
12-12-1989,6.375,6.53125,20800.0,6.5625,6.375,3.9168100357055664
13-12-1989,6.375,6.375,240800.0,6.421875,6.375,3.9168100357055664
14-12-1989,6.5625,6.5625,7200.0,6.5625,6.5625,4.032010555267334
15-12-1989,6.375,6.5,51200.0,6.5,6.46875,3.97440767288208
18-12-1989,6.375,6.46875,29600.0,6.5,6.4375,3.955209493637085
19-12-1989,6.3125,6.3125,1600.0,6.3125,6.3125,3.878408432006836
20-12-1989,6.1875,6.1875,14400.0,6.1875,6.1875,3.8016090393066406
21-12-1989,6.25,6.25,158400.0,6.375,6.375,3.9168100357055664
22-12-1989,6.25,6.3125,11200.0,6.3125,6.25,3.840008020401001
26-12-1989,6.375,6.375,4000.0,6.375,6.375,3.9168100357055664
27-12-1989,6.25,6.375,72000.0,6.375,6.375,3.9168100357055664
28-12-1989,6.1875,6.3125,48800.0,6.3125,6.28125,3.8592097759246826
29-12-1989,6.1875,6.28125,29600.0,6.3125,6.25,3.840008020401001
02-01-1990,6.125,6.25,28000.0,6.3125,6.125,3.763209819793701
03-01-1990,6.125,6.125,19200.0,6.3125,6.3125,3.878408432006836
04-01-1990,6.125,6.3125,13600.0,6.3125,6.125,3.763209819793701
05-01-1990,6.125,6.125,800.0,6.125,6.125,3.763209819793701
08-01-1990,6.125,6.125,14400.0,6.3125,6.125,3.763209819793701
09-01-1990,6.125,6.125,107200.0,6.3125,6.25,3.840008020401001
10-01-1990,6.1875,6.25,54400.0,6.3125,6.1875,3.8016090393066406
11-01-1990,6.1875,6.1875,12800.0,6.3125,6.1875,3.8016090393066406
12-01-1990,6.1875,6.1875,46400.0,6.25,6.25,3.840008020401001
15-01-1990,6.125,6.25,13600.0,6.25,6.125,3.763209819793701
16-01-1990,6.125,6.125,116000.0,6.25,6.1875,3.8016090393066406
17-01-1990,6.125,6.1875,72800.0,6.3125,6.28125,3.8592097759246826
18-01-1990,6.125,6.28125,29600.0,6.3125,6.1875,3.8016090393066406
19-01-1990,6.125,6.1875,16000.0,6.3125,6.3125,3.878408432006836
22-01-1990,6.125,6.3125,75200.0,6.3125,6.25,3.840008020401001
23-01-1990,6.1875,6.25,54400.0,6.375,6.375,3.9168100357055664
24-01-1990,6.25,6.375,131200.0,6.375,6.375,3.9168100357055664
25-01-1990,6.25,6.375,63200.0,6.375,6.25,3.840008020401001
26-01-1990,6.28125,6.28125,119200.0,6.375,6.375,3.9168100357055664
29-01-1990,6.3125,6.375,120000.0,6.4375,6.390625,3.9264070987701416
30-01-1990,6.3125,6.375,116800.0,6.375,6.3125,3.878408432006836
31-01-1990,6.3125,6.3125,1040800.0,6.40625,6.40625,3.936006546020508
01-02-1990,6.3125,6.40625,25600.0,6.5,6.3125,3.878408432006836
02-02-1990,6.3125,6.3125,40800.0,6.5,6.5,3.993607997894287
05-02-1990,6.34375,6.40625,12800.0,6.40625,6.40625,3.936006546020508
06-02-1990,6.40625,6.40625,98400.0,6.46875,6.46875,3.97440767288208
07-02-1990,6.40625,6.4375,57600.0,6.4375,6.40625,3.936006546020508
08-02-1990,6.40625,6.40625,231200.0,6.5625,6.4375,3.955209493637085
09-02-1990,6.375,6.4375,52800.0,6.5,6.375,3.9168100357055664
12-02-1990,6.375,6.375,114400.0,6.5,6.5,3.993607997894287
13-02-1990,6.375,6.40625,87200.0,6.40625,6.40625,3.936006546020508
14-02-1990,6.375,6.40625,18400.0,6.5,6.5,3.993607997894287
15-02-1990,6.3125,6.5,13600.0,6.5,6.3125,3.878408432006836
16-02-1990,6.375,6.375,36800.0,6.5,6.5,4.007893085479736
20-02-1990,6.3125,6.5,12800.0,6.5,6.3125,3.892282247543335
21-02-1990,6.25,6.3125,100800.0,6.375,6.25,3.8537447452545166
22-02-1990,6.25,6.25,25600.0,6.375,6.375,3.9308202266693115
23-02-1990,6.0,6.21875,930400.0,6.21875,6.125,3.7766709327697754
26-02-1990,5.875,6.0625,164800.0,6.0625,6.0625,3.738130569458008
27-02-1990,5.875,6.0,9600.0,6.0,5.90625,3.6417887210845947
28-02-1990,6.0,6.0,15200.0,6.0,6.0,3.6995973587036133
01-03-1990,5.90625,6.0,2400.0,6.0,6.0,3.6995973587036133
02-03-1990,5.90625,6.0,24800.0,6.0,5.90625,3.6417887210845947
05-03-1990,5.90625,5.90625,32000.0,6.0,5.90625,3.6417887210845947
06-03-1990,5.90625,5.90625,116000.0,6.0,6.0,3.6995973587036133
07-03-1990,5.96875,6.0,40800.0,6.015625,6.0,3.6995973587036133
08-03-1990,5.9375,6.0,41600.0,6.0625,5.9375,3.6610560417175293
09-03-1990,5.96875,5.96875,14400.0,6.0625,6.0625,3.738130569458008
12-03-1990,5.96875,6.0625,199200.0,6.1875,6.125,3.7766709327697754
13-03-1990,6.0,6.125,10400.0,6.25,6.0625,3.738130569458008
14-03-1990,6.0625,6.0625,15200.0,6.25,6.0625,3.738130569458008
15-03-1990,6.09375,6.09375,4000.0,6.09375,6.09375,3.757401943206787
16-03-1990,6.25,6.25,7200.0,6.25,6.25,3.8537447452545166
19-03-1990,6.125,6.25,52800.0,6.25,6.125,3.7766709327697754
20-03-1990,6.125,6.125,462400.0,6.25,6.25,3.8537447452545166
21-03-1990,6.1875,6.25,48800.0,6.375,6.1875,3.8152072429656982
22-03-1990,6.1875,6.1875,102400.0,6.21875,6.21875,3.8344762325286865
23-03-1990,6.1875,6.21875,884800.0,6.375,6.375,3.9308202266693115
26-03-1990,6.1875,6.1875,2400.0,6.1875,6.1875,3.8152072429656982
27-03-1990,6.1875,6.3125,4800.0,6.3125,6.3125,3.892282247543335
28-03-1990,6.1875,6.3125,32800.0,6.3125,6.3125,3.892282247543335
29-03-1990,6.21875,6.21875,800.0,6.21875,6.21875,3.8344762325286865
30-03-1990,6.25,6.25,118400.0,6.375,6.3125,3.892282247543335
02-04-1990,6.1875,6.25,55200.0,6.25,6.25,3.8537447452545166
03-04-1990,6.1875,6.28125,2400.0,6.3125,6.1875,3.8152072429656982
04-04-1990,6.125,6.1875,207200.0,6.234375,6.1875,3.8152072429656982
05-04-1990,6.0625,6.125,103200.0,6.125,6.0625,3.738130569458008
06-04-1990,6.0625,6.0625,20000.0,6.21875,6.21875,3.8344762325286865
09-04-1990,6.0625,6.0625,28000.0,6.1875,6.1875,3.8152072429656982
10-04-1990,6.0625,6.0625,4000.0,6.1875,6.1875,3.8152072429656982
11-04-1990,6.0625,6.0625,15200.0,6.0625,6.0625,3.738130569458008
12-04-1990,6.0625,6.0625,118400.0,6.15625,6.09375,3.757401943206787
16-04-1990,6.0625,6.0625,11200.0,6.1875,6.0625,3.738130569458008
17-04-1990,6.0625,6.0625,10400.0,6.0625,6.0625,3.738130569458008
18-04-1990,6.0,6.1875,59200.0,6.1875,6.0,3.6995973587036133
19-04-1990,5.9375,6.0625,56000.0,6.0625,5.9375,3.6610560417175293
20-04-1990,5.9375,5.9375,418400.0,6.0,6.0,3.6995973587036133
23-04-1990,5.9375,5.9375,12000.0,5.9375,5.9375,3.6610560417175293
24-04-1990,5.9375,5.9375,25600.0,6.0625,5.9375,3.6610560417175293
25-04-1990,5.9375,5.9375,51200.0,6.0625,6.0,3.6995973587036133
26-04-1990,5.9375,5.9375,46400.0,6.0,5.9375,3.6610560417175293
27-04-1990,5.9375,5.9375,2400.0,5.9375,5.9375,3.6610560417175293
30-04-1990,5.8125,5.8125,14400.0,5.9375,5.921875,3.6514244079589844
01-05-1990,5.8125,5.8125,80800.0,5.9375,5.9375,3.6610560417175293
02-05-1990,5.875,5.875,458400.0,6.0,5.9375,3.6610560417175293
03-05-1990,5.875,5.875,23200.0,5.9375,5.875,3.622520923614502
04-05-1990,5.875,6.0,33600.0,6.0,5.9375,3.6610560417175293
07-05-1990,5.8125,5.875,10400.0,5.9375,5.9375,3.6610560417175293
08-05-1990,5.875,5.875,5600.0,6.0,6.0,3.6995973587036133
09-05-1990,5.875,6.0,27200.0,6.0,5.890625,3.632155656814575
10-05-1990,5.8125,5.875,104000.0,5.9375,5.9375,3.6610560417175293
11-05-1990,5.84375,6.0,500000.0,6.0,6.0,3.6995973587036133
14-05-1990,5.875,5.875,16000.0,6.0,5.9375,3.6610560417175293
15-05-1990,5.875,5.875,2400.0,5.875,5.875,3.622520923614502
16-05-1990,5.8125,5.875,150400.0,5.96875,5.84375,3.6032519340515137
17-05-1990,5.75,5.765625,163200.0,5.828125,5.75,3.5454461574554443
18-05-1990,5.6875,5.75,137600.0,5.875,5.875,3.622520923614502
21-05-1990,5.6875,5.6875,208000.0,5.875,5.75,3.5454461574554443
22-05-1990,5.75,5.875,202400.0,5.875,5.78125,3.5647127628326416
23-05-1990,5.75,5.75,138400.0,5.875,5.875,3.622520923614502
24-05-1990,5.5625,5.625,312000.0,5.75,5.6875,3.5203890800476074
25-05-1990,5.4375,5.65625,152000.0,5.65625,5.4375,3.3656466007232666
29-05-1990,5.375,5.4375,36000.0,5.4375,5.375,3.32696270942688
30-05-1990,5.3125,5.4375,261600.0,5.4375,5.3125,3.2882766723632812
31-05-1990,5.3125,5.3125,308000.0,5.375,5.3125,3.2882766723632812
01-06-1990,5.3125,5.375,344800.0,5.375,5.3125,3.2882766723632812
04-06-1990,5.3125,5.3125,113600.0,5.375,5.3125,3.2882766723632812
05-06-1990,5.34375,5.375,184800.0,5.4375,5.34375,3.3076210021972656
06-06-1990,5.3125,5.3125,1600.0,5.3125,5.3125,3.2882766723632812
07-06-1990,5.375,5.4375,149600.0,5.4375,5.375,3.32696270942688
08-06-1990,5.25,5.40625,28800.0,5.40625,5.375,3.32696270942688
11-06-1990,5.25,5.25,86400.0,5.375,5.25,3.2495908737182617
12-06-1990,5.25,5.25,33600.0,5.3125,5.3125,3.2882766723632812
13-06-1990,5.25,5.25,139200.0,5.34375,5.28125,3.2689340114593506
14-06-1990,5.25,5.25,105600.0,5.375,5.25,3.2495908737182617
15-06-1990,5.25,5.25,8800.0,5.375,5.25,3.2495908737182617
18-06-1990,5.25,5.375,24800.0,5.375,5.375,3.32696270942688
19-06-1990,5.375,5.375,1600.0,5.375,5.375,3.32696270942688
20-06-1990,5.25,5.375,19200.0,5.375,5.25,3.2495908737182617
21-06-1990,5.25,5.25,15200.0,5.25,5.25,3.2495908737182617
22-06-1990,5.25,5.25,237600.0,5.375,5.25,3.2495908737182617
25-06-1990,5.25,5.375,429600.0,5.375,5.25,3.2495908737182617
26-06-1990,5.25,5.375,224000.0,5.375,5.25,3.2495908737182617
27-06-1990,5.25,5.328125,306400.0,5.328125,5.25,3.2495908737182617
28-06-1990,5.3125,5.3125,142400.0,5.3125,5.3125,3.2882766723632812
29-06-1990,5.1875,5.25,82400.0,5.25,5.25,3.2495908737182617
02-07-1990,5.0625,5.25,58400.0,5.25,5.09375,3.1528754234313965
03-07-1990,4.9375,5.0625,94400.0,5.0625,4.953125,3.0658340454101562
05-07-1990,4.9375,5.0,336000.0,5.0625,4.96875,3.075505495071411
06-07-1990,4.96875,4.984375,82400.0,5.0,4.96875,3.075505495071411
09-07-1990,4.96875,5.0625,55200.0,5.0625,5.0,3.09484601020813
10-07-1990,5.03125,5.0625,55200.0,5.1875,5.0625,3.133532762527466
11-07-1990,5.0625,5.0625,41600.0,5.28125,5.28125,3.2689340114593506
12-07-1990,5.125,5.28125,35200.0,5.28125,5.28125,3.2689340114593506
13-07-1990,5.15625,5.28125,12800.0,5.28125,5.1875,3.210904359817505
16-07-1990,5.1875,5.1875,17600.0,5.28125,5.1875,3.210904359817505
17-07-1990,5.1875,5.1875,94400.0,5.3125,5.1875,3.210904359817505
18-07-1990,5.25,5.3125,65600.0,5.5625,5.375,3.32696270942688
19-07-1990,5.375,5.375,2400.0,5.375,5.375,3.32696270942688
20-07-1990,5.375,5.375,4800.0,5.375,5.375,3.32696270942688
23-07-1990,5.25,5.375,36800.0,5.375,5.25,3.2495908737182617
24-07-1990,5.25,5.25,29600.0,5.375,5.375,3.32696270942688
25-07-1990,5.3125,5.375,8000.0,5.375,5.375,3.32696270942688
26-07-1990,5.25,5.375,12000.0,5.375,5.25,3.2495908737182617
27-07-1990,5.25,5.25,21600.0,5.3125,5.3125,3.2882766723632812
30-07-1990,5.25,5.3125,8800.0,5.3125,5.3125,3.2882766723632812
31-07-1990,5.25,5.3125,26400.0,5.3125,5.25,3.2495908737182617
01-08-1990,5.25,5.3125,81600.0,5.3125,5.25,3.2495908737182617
02-08-1990,5.125,5.25,58400.0,5.25,5.1875,3.210904359817505
03-08-1990,5.0,5.125,269600.0,5.125,5.03125,3.1141915321350098
06-08-1990,4.9375,5.03125,43200.0,5.046875,4.9375,3.0561625957489014
07-08-1990,4.875,4.9375,88000.0,5.0,4.875,3.0174777507781982
08-08-1990,4.9375,4.984375,180000.0,5.0625,4.96875,3.075505495071411
09-08-1990,5.0,5.09375,32000.0,5.09375,5.0,3.09484601020813
10-08-1990,4.9375,5.0,60000.0,5.0,5.0,3.09484601020813
13-08-1990,4.84375,4.84375,25600.0,5.0,4.84375,2.998135566711426
14-08-1990,4.84375,4.96875,24000.0,4.96875,4.84375,2.998135566711426
15-08-1990,4.84375,4.84375,2400.0,4.84375,4.84375,2.998135566711426
16-08-1990,4.84375,4.9375,81600.0,4.96875,4.84375,2.998135566711426
17-08-1990,4.75,4.8125,102400.0,4.875,4.75,2.940108060836792
20-08-1990,4.6875,4.71875,52800.0,4.71875,4.6875,2.9014203548431396
21-08-1990,4.3125,4.625,204000.0,4.6875,4.375,2.7079927921295166
22-08-1990,4.34375,4.4375,10400.0,4.4375,4.34375,2.6886496543884277
23-08-1990,4.34375,4.34375,226400.0,4.46875,4.34375,2.6886496543884277
24-08-1990,4.203125,4.28125,542400.0,4.46875,4.3125,2.6693079471588135
27-08-1990,4.21875,4.40625,56800.0,4.40625,4.40625,2.8461315631866455
28-08-1990,4.3125,4.40625,98400.0,4.46875,4.3125,2.785574436187744
29-08-1990,4.3125,4.3125,800.0,4.3125,4.3125,2.785574436187744
30-08-1990,4.3125,4.3125,172000.0,4.421875,4.359375,2.8158514499664307
31-08-1990,4.46875,4.46875,8800.0,4.46875,4.46875,2.886500358581543
04-09-1990,4.34375,4.359375,32800.0,4.46875,4.34375,2.8057591915130615
05-09-1990,4.34375,4.46875,4000.0,4.46875,4.34375,2.8057591915130615
06-09-1990,4.46875,4.46875,9600.0,4.46875,4.46875,2.886500358581543
07-09-1990,4.40625,4.46875,27200.0,4.46875,4.40625,2.8461315631866455
10-09-1990,4.375,4.375,118400.0,4.46875,4.46875,2.886500358581543
11-09-1990,4.40625,4.46875,16000.0,4.46875,4.46875,2.886500358581543
12-09-1990,4.46875,4.46875,0.0,4.46875,4.46875,2.886500358581543
13-09-1990,4.46875,4.46875,20000.0,4.46875,4.46875,2.886500358581543
14-09-1990,4.40625,4.40625,64000.0,4.4375,4.4375,2.8663136959075928
17-09-1990,4.40625,4.40625,49600.0,4.46875,4.46875,2.886500358581543
18-09-1990,4.46875,4.46875,1600.0,4.46875,4.46875,2.886500358581543
19-09-1990,4.4375,4.4375,800.0,4.4375,4.4375,2.8663136959075928
20-09-1990,4.4375,4.4375,1600.0,4.4375,4.4375,2.8663136959075928
21-09-1990,4.4375,4.4375,0.0,4.4375,4.4375,2.8663136959075928
24-09-1990,4.4375,4.4375,800.0,4.4375,4.4375,2.8663136959075928
25-09-1990,4.4375,4.4375,1600.0,4.4375,4.4375,2.8663136959075928
26-09-1990,4.625,4.625,8000.0,4.625,4.625,2.9874267578125
27-09-1990,4.625,4.625,0.0,4.625,4.625,2.9874267578125
28-09-1990,4.4375,4.4375,30400.0,4.625,4.625,2.9874267578125
01-10-1990,4.4375,4.4375,4000.0,4.625,4.625,2.9874267578125
02-10-1990,4.5,4.5,4000.0,4.625,4.625,2.9874267578125
03-10-1990,4.625,4.625,0.0,4.625,4.625,2.9874267578125
04-10-1990,4.53125,4.53125,40800.0,4.6875,4.6875,3.027798652648926
05-10-1990,4.6875,4.6875,0.0,4.6875,4.6875,3.027798652648926
08-10-1990,4.53125,4.53125,23200.0,4.6875,4.53125,2.926870346069336
09-10-1990,4.53125,4.53125,61600.0,4.6875,4.53125,2.926870346069336
10-10-1990,4.53125,4.53125,28800.0,4.6875,4.6875,3.027798652648926
11-10-1990,4.5625,4.5625,3200.0,4.75,4.75,3.068169116973877
12-10-1990,4.5625,4.5625,16000.0,4.75,4.5625,2.9470572471618652
15-10-1990,4.5625,4.5625,45600.0,4.8125,4.65625,3.0076119899749756
16-10-1990,4.5625,4.5625,5600.0,4.8125,4.8125,3.1085405349731445
17-10-1990,4.5625,4.5625,11200.0,4.8125,4.8125,3.1085405349731445
18-10-1990,4.5625,4.5625,8000.0,4.8125,4.5625,2.9470572471618652
19-10-1990,4.5625,4.5625,800.0,4.5625,4.5625,2.9470572471618652
22-10-1990,4.6875,4.8125,42400.0,4.9375,4.9375,3.1892826557159424
23-10-1990,4.6875,4.9375,45600.0,4.9375,4.6875,3.027798652648926
24-10-1990,4.6875,4.6875,7200.0,4.9375,4.9375,3.1892826557159424
25-10-1990,4.6875,4.6875,33600.0,4.9375,4.6875,3.027798652648926
26-10-1990,4.6875,4.9375,11200.0,4.9375,4.9375,3.1892826557159424
29-10-1990,4.6875,4.6875,36000.0,5.125,5.125,3.310391664505005
30-10-1990,4.875,5.125,21600.0,5.125,5.03125,3.2498388290405273
31-10-1990,4.875,4.875,16000.0,4.90625,4.90625,3.169095039367676
01-11-1990,4.875,5.125,3200.0,5.125,4.875,3.1489083766937256
02-11-1990,4.9375,4.9375,32000.0,4.96875,4.96875,3.209465503692627
05-11-1990,4.875,4.875,4800.0,5.125,5.125,3.310391664505005
06-11-1990,5.0,5.125,42400.0,5.125,5.09375,3.29020619392395
07-11-1990,5.09375,5.09375,0.0,5.09375,5.09375,3.29020619392395
08-11-1990,5.0,5.0,2400.0,5.0,5.0,3.2296504974365234
09-11-1990,4.9375,5.125,6400.0,5.125,4.9375,3.1892826557159424
12-11-1990,4.9375,4.9375,54400.0,5.015625,5.015625,3.23974347114563
13-11-1990,4.9375,4.9375,800.0,4.9375,4.9375,3.1892826557159424
14-11-1990,4.9375,4.9375,104000.0,5.125,5.03125,3.2498388290405273
15-11-1990,4.9375,5.1875,16000.0,5.1875,4.9375,3.1892826557159424
16-11-1990,5.0,5.125,492800.0,5.15625,5.125,3.310391664505005
19-11-1990,5.0,5.1875,20000.0,5.25,5.03125,3.2498388290405273
20-11-1990,5.0,5.0,9600.0,5.25,5.15625,3.330576181411743
21-11-1990,5.125,5.25,89600.0,5.25,5.125,3.310391664505005
23-11-1990,5.125,5.375,48000.0,5.375,5.15625,3.330576181411743
26-11-1990,5.125,5.125,16800.0,5.375,5.125,3.310391664505005
27-11-1990,5.125,5.375,8000.0,5.375,5.125,3.310391664505005
28-11-1990,5.15625,5.15625,88800.0,5.375,5.375,3.4718761444091797
29-11-1990,5.28125,5.28125,9600.0,5.5,5.5,3.552616834640503
30-11-1990,5.375,5.5,12800.0,5.5,5.375,3.4718761444091797
03-12-1990,5.5,5.625,17600.0,5.6875,5.6875,3.6908957958221436
04-12-1990,5.5,5.5,49600.0,5.75,5.75,3.731454849243164
05-12-1990,5.765625,5.8125,48800.0,5.875,5.8125,3.7720155715942383
06-12-1990,5.75,5.8125,348800.0,6.0,6.0,3.893690586090088
07-12-1990,5.75,5.75,17600.0,5.75,5.75,3.731454849243164
10-12-1990,5.78125,5.875,323200.0,6.0,5.8125,3.7720155715942383
11-12-1990,5.75,5.75,87200.0,5.8125,5.8125,3.7720155715942383
12-12-1990,5.75,5.75,21600.0,5.9375,5.9375,3.85313081741333
13-12-1990,5.875,5.875,16000.0,5.875,5.875,3.8125712871551514
14-12-1990,5.75,5.75,14400.0,5.8125,5.8125,3.7720155715942383
17-12-1990,5.6875,5.6875,29600.0,5.875,5.859375,3.8024332523345947
18-12-1990,5.6875,5.6875,3200.0,5.6875,5.6875,3.6908957958221436
19-12-1990,5.6875,5.6875,27200.0,5.90625,5.90625,3.832852602005005
20-12-1990,5.71875,5.90625,30400.0,5.90625,5.71875,3.7111763954162598
21-12-1990,5.75,5.75,16800.0,5.9375,5.75,3.731454849243164
24-12-1990,5.75,5.75,5600.0,5.75,5.75,3.731454849243164
26-12-1990,5.75,5.9375,3200.0,5.9375,5.75,3.731454849243164
27-12-1990,5.75,5.75,16800.0,5.9375,5.8125,3.7720155715942383
28-12-1990,5.75,5.75,38400.0,5.9375,5.9375,3.85313081741333
31-12-1990,5.75,5.75,6400.0,5.9375,5.9375,3.85313081741333
02-01-1991,5.75,5.75,58400.0,5.8125,5.75,3.731454849243164
03-01-1991,5.6875,5.6875,67200.0,5.875,5.6875,3.6908957958221436
04-01-1991,5.5625,5.625,8800.0,5.625,5.5625,3.6097776889801025
07-01-1991,5.5625,5.5625,10400.0,5.625,5.5625,3.6097776889801025
08-01-1991,5.5625,5.5625,172000.0,5.625,5.5625,3.6097776889801025
09-01-1991,5.5625,5.5625,35200.0,5.6875,5.5625,3.6097776889801025
10-01-1991,5.5625,5.625,92000.0,5.6875,5.5625,3.6097776889801025
11-01-1991,5.53125,5.53125,22400.0,5.6875,5.6875,3.6908957958221436
14-01-1991,5.5625,5.5625,67200.0,5.6875,5.625,3.650336980819702
15-01-1991,5.578125,5.625,105600.0,5.625,5.59375,3.6300556659698486
16-01-1991,5.625,5.625,12800.0,5.640625,5.625,3.650336980819702
17-01-1991,5.625,5.625,112800.0,5.875,5.84375,3.7922937870025635
18-01-1991,5.65625,5.875,18400.0,5.875,5.65625,3.6706159114837646
21-01-1991,5.65625,5.65625,12000.0,5.75,5.65625,3.6706159114837646
22-01-1991,5.65625,5.65625,4800.0,5.875,5.875,3.8125712871551514
23-01-1991,5.65625,5.65625,8000.0,5.875,5.875,3.8125712871551514
24-01-1991,5.65625,5.65625,64000.0,5.796875,5.65625,3.6706159114837646
25-01-1991,5.625,5.65625,52000.0,5.78125,5.75,3.731454849243164
28-01-1991,5.625,5.8125,4000.0,5.8125,5.625,3.650336980819702
29-01-1991,5.625,5.625,3200.0,5.625,5.625,3.650336980819702
30-01-1991,5.625,5.75,29600.0,5.8125,5.625,3.650336980819702
31-01-1991,5.625,5.625,21600.0,5.8125,5.8125,3.7720155715942383
01-02-1991,5.75,5.8125,66400.0,5.96875,5.8125,3.7720155715942383
04-02-1991,5.8125,5.8125,6400.0,6.03125,6.03125,3.9139721393585205
05-02-1991,5.84375,5.84375,95200.0,6.03125,6.03125,3.9139721393585205
06-02-1991,5.84375,5.84375,1600.0,6.0625,6.0625,3.9342522621154785
07-02-1991,5.875,5.9375,36000.0,6.0625,5.9375,3.85313081741333
08-02-1991,5.875,6.09375,13600.0,6.09375,6.09375,3.95453143119812
11-02-1991,5.875,5.875,21600.0,6.125,6.125,3.9748103618621826
12-02-1991,6.0,6.0,16000.0,6.125,6.125,3.9748103618621826
13-02-1991,6.0,6.0,179200.0,6.1875,6.0625,3.9342522621154785
14-02-1991,6.0625,6.25,23200.0,6.3125,6.3125,4.096490859985352
15-02-1991,6.25,6.3125,51200.0,6.3125,6.3125,4.096490859985352
19-02-1991,6.0625,6.0625,5600.0,6.3125,6.125,3.9748103618621826
20-02-1991,6.0625,6.09375,2400.0,6.09375,6.0625,3.9342522621154785
21-02-1991,6.0625,6.0625,6400.0,6.25,6.25,4.055928707122803
22-02-1991,6.25,6.25,800.0,6.25,6.25,4.055928707122803
25-02-1991,6.0625,6.0625,4800.0,6.3125,6.3125,4.112941265106201
26-02-1991,6.09375,6.09375,172000.0,6.3125,6.125,3.990774631500244
27-02-1991,6.0625,6.0625,78400.0,6.34375,6.34375,4.133301258087158
28-02-1991,6.1875,6.4375,87200.0,6.4375,6.21875,4.051856994628906
01-03-1991,6.234375,6.265625,305600.0,6.28125,6.28125,4.0925774574279785
04-03-1991,6.21875,6.375,337600.0,6.375,6.21875,4.051856994628906
05-03-1991,6.21875,6.375,121600.0,6.375,6.21875,4.051856994628906
06-03-1991,6.21875,6.21875,15200.0,6.21875,6.21875,4.051856994628906
07-03-1991,6.21875,6.21875,57600.0,6.40625,6.40625,4.174020767211914
08-03-1991,6.25,6.25,36000.0,6.4375,6.25,4.072216510772705
11-03-1991,6.234375,6.234375,9600.0,6.234375,6.234375,4.062036991119385
12-03-1991,6.28125,6.4375,51200.0,6.4375,6.34375,4.133301258087158
13-03-1991,6.1875,6.21875,3200.0,6.21875,6.1875,4.031495571136475
14-03-1991,6.1875,6.1875,127200.0,6.3125,6.28125,4.0925774574279785
15-03-1991,6.125,6.25,461600.0,6.25,6.15625,4.011136054992676
18-03-1991,6.0,6.125,18400.0,6.125,6.0,3.9093286991119385
19-03-1991,6.0,6.0,28800.0,6.0,6.0,3.9093286991119385
20-03-1991,6.03125,6.03125,49600.0,6.03125,6.03125,3.9296915531158447
21-03-1991,5.875,6.0,49600.0,6.0625,6.0625,3.9500505924224854
22-03-1991,6.0625,6.0625,800.0,6.0625,6.0625,3.9500505924224854
25-03-1991,5.875,6.0625,6400.0,6.0625,5.875,3.827883243560791
26-03-1991,5.875,5.875,20800.0,6.0625,5.875,3.827883243560791
27-03-1991,5.875,5.875,1600.0,6.0,6.0,3.9093286991119385
28-03-1991,5.96875,6.0625,149600.0,6.09375,6.0,3.9093286991119385
01-04-1991,6.0,6.0,8800.0,6.0,6.0,3.9093286991119385
02-04-1991,6.0,6.0,120800.0,6.078125,6.078125,3.9602344036102295
03-04-1991,6.125,6.125,9600.0,6.125,6.125,3.990774631500244
04-04-1991,6.0,6.0,112800.0,6.125,6.0,3.9093286991119385
05-04-1991,6.078125,6.09375,156800.0,6.125,6.125,3.990774631500244
08-04-1991,6.0,6.0,3200.0,6.125,6.125,3.990774631500244
09-04-1991,6.125,6.125,0.0,6.125,6.125,3.990774631500244
10-04-1991,6.0,6.0,117600.0,6.125,6.125,3.990774631500244
11-04-1991,6.0,6.125,8800.0,6.1875,6.0,3.9093286991119385
12-04-1991,6.0,6.0,10400.0,6.15625,6.0,3.9093286991119385
15-04-1991,6.0,6.0,38400.0,6.125,6.09375,3.97041392326355
16-04-1991,6.09375,6.09375,0.0,6.09375,6.09375,3.97041392326355
17-04-1991,6.1875,6.1875,12000.0,6.1875,6.1875,4.031495571136475
18-04-1991,6.25,6.25,8800.0,6.25,6.25,4.072216510772705
19-04-1991,6.0,6.03125,2400.0,6.03125,6.0,3.9093286991119385
22-04-1991,6.0,6.0,38400.0,6.1875,6.0,3.9093286991119385
23-04-1991,6.0,6.0,4000.0,6.0,6.0,3.9093286991119385
24-04-1991,6.0,6.0,3200.0,6.0,6.0,3.9093286991119385
25-04-1991,6.0,6.0,0.0,6.0,6.0,3.9093286991119385
26-04-1991,6.1875,6.1875,12800.0,6.1875,6.1875,4.031495571136475
29-04-1991,6.078125,6.078125,26400.0,6.15625,6.109375,3.9805941581726074
30-04-1991,6.0,6.0,21600.0,6.1875,6.1875,4.031495571136475
01-05-1991,6.03125,6.1875,99200.0,6.21875,6.125,3.990774631500244
02-05-1991,6.0,6.0,14400.0,6.0,6.0,3.9093286991119385
03-05-1991,6.0,6.0,6400.0,6.125,6.125,3.990774631500244
06-05-1991,6.0,6.0,2400.0,6.1875,6.1875,4.031495571136475
07-05-1991,6.0,6.0,20800.0,6.15625,6.15625,4.011136054992676
08-05-1991,6.15625,6.15625,0.0,6.15625,6.15625,4.011136054992676
09-05-1991,6.0,6.0,10400.0,6.0,6.0,3.9093286991119385
10-05-1991,6.1875,6.1875,800.0,6.1875,6.1875,4.031495571136475
13-05-1991,6.0,6.0,58400.0,6.125,6.125,3.990774631500244
14-05-1991,6.0,6.0,15200.0,6.125,6.0,3.9093286991119385
15-05-1991,6.0,6.0,2400.0,6.0,6.0,3.9093286991119385
16-05-1991,6.0,6.0,1600.0,6.0,6.0,3.9093286991119385
17-05-1991,6.0,6.0,32800.0,6.125,6.125,3.990774631500244
20-05-1991,6.0625,6.0625,31200.0,6.15625,6.15625,4.011136054992676
21-05-1991,6.125,6.125,42400.0,6.1875,6.15625,4.011136054992676
22-05-1991,6.125,6.25,74400.0,6.4375,6.25,4.072216510772705
23-05-1991,6.25,6.359375,30400.0,6.375,6.375,4.15366268157959
24-05-1991,6.21875,6.25,183200.0,6.3125,6.25,4.088249206542969
28-05-1991,6.1875,6.4375,41600.0,6.4375,6.375,4.170016765594482
29-05-1991,6.1875,6.1875,18400.0,6.359375,6.1875,4.047368049621582
30-05-1991,6.1875,6.375,152800.0,6.375,6.1875,4.047368049621582
31-05-1991,6.1875,6.1875,0.0,6.1875,6.1875,4.047368049621582
03-06-1991,6.28125,6.375,157600.0,6.375,6.28125,4.108692646026611
04-06-1991,6.25,6.25,8000.0,6.25,6.25,4.088249206542969
05-06-1991,6.25,6.28125,4000.0,6.375,6.25,4.088249206542969
06-06-1991,6.25,6.375,51200.0,6.375,6.25,4.088249206542969
07-06-1991,6.25,6.4375,40000.0,6.4375,6.34375,4.149571895599365
10-06-1991,6.3125,6.3125,18400.0,6.5625,6.4375,4.21089506149292
11-06-1991,6.3125,6.4375,6400.0,6.4375,6.3125,4.129134178161621
12-06-1991,6.3125,6.3125,3200.0,6.5625,6.5625,4.292661190032959
13-06-1991,6.3125,6.3125,84000.0,6.40625,6.40625,4.190455913543701
14-06-1991,6.3125,6.375,18400.0,6.4375,6.3125,4.129134178161621
17-06-1991,6.3125,6.3125,55200.0,6.5,6.4375,4.21089506149292
18-06-1991,6.375,6.375,103200.0,6.5625,6.5625,4.292661190032959
19-06-1991,6.375,6.375,12800.0,6.5625,6.46875,4.231339931488037
20-06-1991,6.375,6.375,44000.0,6.625,6.5,4.2517805099487305
21-06-1991,6.5,6.6875,90400.0,6.71875,6.59375,4.313104152679443
24-06-1991,6.59375,6.8125,7200.0,6.8125,6.703125,4.384647369384766
25-06-1991,6.59375,6.59375,28800.0,6.8125,6.8125,4.456192970275879
26-06-1991,6.59375,6.8125,73600.0,6.8125,6.8125,4.456192970275879
27-06-1991,6.59375,6.59375,620000.0,6.8125,6.625,4.3335442543029785
28-06-1991,6.59375,6.75,90400.0,6.75,6.59375,4.313104152679443
01-07-1991,6.59375,6.75,105600.0,6.75,6.75,4.415311336517334
02-07-1991,6.59375,6.59375,236800.0,6.75,6.6875,4.374429702758789
03-07-1991,6.59375,6.75,44000.0,6.75,6.59375,4.313104152679443
05-07-1991,6.59375,6.59375,0.0,6.59375,6.59375,4.313104152679443
08-07-1991,6.59375,6.59375,84800.0,6.625,6.625,4.3335442543029785
09-07-1991,6.59375,6.75,14400.0,6.75,6.6875,4.374429702758789
10-07-1991,6.59375,6.59375,126400.0,6.75,6.625,4.3335442543029785
11-07-1991,6.59375,6.59375,105600.0,6.671875,6.59375,4.313104152679443
12-07-1991,6.59375,6.59375,84000.0,6.75,6.75,4.415311336517334
15-07-1991,6.59375,6.75,128800.0,6.75,6.625,4.3335442543029785
16-07-1991,6.59375,6.59375,9600.0,6.75,6.59375,4.313104152679443
17-07-1991,6.59375,6.59375,137600.0,6.75,6.59375,4.313104152679443
18-07-1991,6.59375,6.59375,5600.0,6.59375,6.59375,4.313104152679443
19-07-1991,6.59375,6.59375,22400.0,6.65625,6.65625,4.353986740112305
22-07-1991,6.65625,6.65625,0.0,6.65625,6.65625,4.353986740112305
23-07-1991,6.59375,6.59375,388000.0,6.65625,6.65625,4.353986740112305
24-07-1991,6.625,6.671875,40000.0,6.6875,6.625,4.3335442543029785
25-07-1991,6.4375,6.5625,414400.0,6.65625,6.5625,4.292661190032959
26-07-1991,6.4375,6.4375,8800.0,6.4375,6.4375,4.21089506149292
29-07-1991,6.46875,6.46875,74400.0,6.53125,6.5,4.2517805099487305
30-07-1991,6.5,6.5,800.0,6.5,6.5,4.2517805099487305
31-07-1991,6.625,6.625,3200.0,6.625,6.625,4.3335442543029785
01-08-1991,6.4375,6.453125,203200.0,6.625,6.46875,4.231339931488037
02-08-1991,6.4375,6.625,16000.0,6.625,6.4375,4.21089506149292
05-08-1991,6.4375,6.4375,8000.0,6.625,6.5,4.2517805099487305
06-08-1991,6.4375,6.4375,14400.0,6.625,6.625,4.3335442543029785
07-08-1991,6.4375,6.5,992000.0,6.6875,6.6875,4.374429702758789
08-08-1991,6.5,6.6875,4000.0,6.6875,6.6875,4.374429702758789
09-08-1991,6.5,6.5,23200.0,6.6875,6.625,4.3335442543029785
12-08-1991,6.5,6.5,342400.0,6.625,6.625,4.3335442543029785
13-08-1991,6.5,6.5,48800.0,6.6875,6.5,4.2517805099487305
14-08-1991,6.53125,6.53125,37600.0,6.625,6.625,4.3335442543029785
15-08-1991,6.5,6.5,4800.0,6.5,6.5,4.2517805099487305
16-08-1991,6.5,6.625,137600.0,6.75,6.65625,4.353986740112305
19-08-1991,6.34375,6.375,56000.0,6.5,6.375,4.170016765594482
20-08-1991,6.5,6.6875,88800.0,6.75,6.5,4.2517805099487305
21-08-1991,6.71875,6.75,36800.0,6.75,6.75,4.415311336517334
22-08-1991,6.625,6.75,136800.0,6.8125,6.8125,4.456192970275879
23-08-1991,6.625,6.875,12800.0,6.875,6.8125,4.456192970275879
26-08-1991,6.875,6.875,19200.0,6.875,6.875,4.497074604034424
27-08-1991,6.75,6.875,309600.0,7.0625,6.96875,4.558399200439453
28-08-1991,6.90625,7.125,13600.0,7.125,6.9375,4.554298400878906
29-08-1991,7.0,7.125,191200.0,7.125,7.0,4.5953264236450195
30-08-1991,7.125,7.125,93600.0,7.375,7.375,4.8415021896362305
03-09-1991,7.1875,7.1875,16800.0,7.375,7.1875,4.718414783477783
04-09-1991,7.1875,7.4375,11200.0,7.4375,7.1875,4.718414783477783
05-09-1991,7.25,7.25,124000.0,7.46875,7.46875,4.903048992156982
06-09-1991,7.375,7.5625,68000.0,7.5625,7.5,4.923564910888672
09-09-1991,7.375,7.40625,104000.0,7.5625,7.5,4.923564910888672
10-09-1991,7.5,7.5625,174400.0,7.625,7.625,5.005621910095215
11-09-1991,7.546875,7.625,400800.0,7.625,7.59375,4.985107421875
12-09-1991,7.5625,7.5625,194400.0,7.875,7.8125,5.128711700439453
13-09-1991,7.6875,7.875,50400.0,7.875,7.6875,5.046651840209961
16-09-1991,7.875,7.875,1600.0,7.875,7.875,5.169741153717041
17-09-1991,7.6875,7.6875,5600.0,7.875,7.6875,5.046651840209961
18-09-1991,7.6875,7.6875,0.0,7.6875,7.6875,5.046651840209961
19-09-1991,7.6875,7.6875,18400.0,7.875,7.78125,5.10819673538208
20-09-1991,7.875,8.0,10400.0,8.0625,7.875,5.169741153717041
23-09-1991,7.875,7.875,2400.0,7.875,7.875,5.169741153717041
24-09-1991,7.875,8.125,45600.0,8.1875,8.1875,5.3748884201049805
25-09-1991,8.125,8.25,69200.0,8.25,8.25,5.415919303894043
26-09-1991,8.125,8.25,13600.0,8.25,8.25,5.415919303894043
27-09-1991,8.0,8.125,9600.0,8.25,8.1875,5.3748884201049805
30-09-1991,8.0,8.1875,51600.0,8.375,8.3125,5.4569501876831055
01-10-1991,8.25,8.3125,31200.0,8.625,8.5625,5.621070384979248
02-10-1991,8.5,8.75,30400.0,8.8125,8.8125,5.785186767578125
03-10-1991,8.5625,8.8125,83200.0,8.8125,8.75,5.744156360626221
04-10-1991,8.5625,8.75,10000.0,8.75,8.75,5.744156360626221
07-10-1991,8.5625,8.5625,16400.0,8.75,8.75,5.744156360626221
08-10-1991,8.5625,8.75,17600.0,8.75,8.75,5.744156360626221
09-10-1991,8.6875,8.75,16000.0,8.75,8.6875,5.703127384185791
10-10-1991,8.5625,8.5625,17600.0,8.75,8.75,5.744156360626221
11-10-1991,8.625,8.625,49600.0,8.875,8.84375,5.805701732635498
14-10-1991,8.8125,8.875,45200.0,9.0625,9.0,5.908276557922363
15-10-1991,9.0,9.1875,43200.0,9.4375,9.4375,6.195484638214111
16-10-1991,9.375,9.375,148800.0,9.75,9.625,6.318573474884033
17-10-1991,9.59375,9.75,8800.0,9.75,9.75,6.400631427764893
18-10-1991,9.5,9.75,105600.0,9.75,9.75,6.400631427764893
21-10-1991,9.5,9.5,10800.0,9.75,9.5,6.236514568328857
22-10-1991,9.6875,9.6875,159200.0,10.3125,10.0625,6.605780601501465
23-10-1991,10.0625,10.3125,138000.0,10.3125,10.3125,6.76990270614624
24-10-1991,9.8125,10.0625,27200.0,10.3125,9.8125,6.4416632652282715
25-10-1991,9.625,9.6875,91200.0,9.9375,9.75,6.400631427764893
28-10-1991,9.625,9.625,32400.0,10.0,9.6875,6.3596014976501465
29-10-1991,9.625,10.0,2400.0,10.0,9.625,6.318573474884033
30-10-1991,9.875,9.9375,63200.0,10.375,10.375,6.810931205749512
31-10-1991,10.0,10.25,36800.0,10.625,10.625,6.975047588348389
01-11-1991,10.4375,10.625,21200.0,10.75,10.625,6.975047588348389
04-11-1991,10.375,10.625,42400.0,10.875,10.375,6.810931205749512
05-11-1991,10.375,10.375,131200.0,10.5625,10.375,6.810931205749512
06-11-1991,10.375,10.5,40800.0,10.75,10.75,7.057107448577881
07-11-1991,10.375,10.375,5200.0,10.5,10.5,6.892990589141846
08-11-1991,10.5,10.8125,23600.0,10.875,10.5,6.892990589141846
11-11-1991,10.5,10.5,63200.0,10.75,10.5625,6.93401575088501
12-11-1991,10.5,10.5,19600.0,10.75,10.5,6.892990589141846
13-11-1991,10.5,10.59375,156400.0,10.75,10.75,7.057107448577881
14-11-1991,10.375,10.5,82800.0,10.75,10.5,6.892990589141846
15-11-1991,9.375,10.25,167200.0,10.5,9.4375,6.195484638214111
18-11-1991,9.3125,9.3125,41200.0,9.5,9.40625,6.174968719482422
19-11-1991,9.25,9.5,74800.0,9.5,9.5,6.236514568328857
20-11-1991,9.25,9.25,62400.0,9.5625,9.25,6.072395324707031
21-11-1991,9.5,9.75,33600.0,9.75,9.75,6.400631427764893
22-11-1991,9.75,9.75,21200.0,9.875,9.875,6.482694149017334
25-11-1991,9.875,9.875,60000.0,10.125,9.9375,6.523720741271973
26-11-1991,9.875,9.875,135200.0,10.125,10.0,6.564750671386719
27-11-1991,9.875,9.875,19600.0,10.25,10.25,6.7474260330200195
29-11-1991,9.875,9.875,4400.0,10.25,9.875,6.500569820404053
02-12-1991,9.875,9.875,20800.0,10.25,10.0,6.582852363586426
03-12-1991,9.875,9.875,14400.0,10.25,9.875,6.500569820404053
04-12-1991,9.96875,9.96875,96800.0,10.0625,10.0,6.582852363586426
05-12-1991,9.875,10.25,7200.0,10.25,9.875,6.500569820404053
06-12-1991,10.0,10.25,46400.0,10.25,10.25,6.7474260330200195
09-12-1991,10.125,10.125,24400.0,10.4375,10.4375,6.870856285095215
10-12-1991,10.1875,10.5,137200.0,10.5,10.3125,6.788568496704102
11-12-1991,10.3125,10.3125,344400.0,10.59375,10.3125,6.788568496704102
12-12-1991,10.25,10.5,56000.0,10.5,10.25,6.7474260330200195
13-12-1991,10.0,10.25,115600.0,10.3125,10.0,6.582852363586426
16-12-1991,10.0,10.125,48000.0,10.25,10.125,6.665136337280273
17-12-1991,10.0,10.0,44800.0,10.25,10.25,6.7474260330200195
18-12-1991,9.9375,10.0625,256000.0,10.09375,10.0625,6.623995780944824
19-12-1991,9.9375,10.1875,48000.0,10.1875,9.9375,6.54171085357666
20-12-1991,9.9375,10.1875,108000.0,10.25,10.125,6.665136337280273
23-12-1991,10.0,10.25,104400.0,10.3125,10.15625,6.685715675354004
24-12-1991,10.0625,10.3125,4400.0,10.3125,10.0625,6.623995780944824
26-12-1991,10.0625,10.3125,3600.0,10.3125,10.0625,6.623995780944824
27-12-1991,10.125,10.3125,30400.0,10.5625,10.5625,6.953139305114746
30-12-1991,10.3125,10.625,258800.0,11.0,11.0,7.241136074066162
31-12-1991,11.0,11.25,29200.0,11.5,11.5,7.570278644561768
02-01-1992,11.25,11.25,33200.0,11.625,11.625,7.652566909790039
03-01-1992,11.3125,11.625,261600.0,11.625,11.5,7.570278644561768
06-01-1992,11.5,11.5,168800.0,12.125,12.0,7.899423122406006
07-01-1992,11.875,11.875,96400.0,12.1875,11.875,7.817138195037842
08-01-1992,11.875,11.875,170800.0,12.125,11.875,7.817138195037842
09-01-1992,11.875,12.1875,137200.0,12.1875,11.875,7.817138195037842
10-01-1992,11.5,11.875,168800.0,11.875,11.5625,7.611424922943115
13-01-1992,11.25,11.5,25200.0,11.625,11.375,7.488001346588135
14-01-1992,11.125,11.125,20400.0,11.375,11.25,7.405710697174072
15-01-1992,11.25,11.5,120000.0,11.5,11.25,7.405710697174072
16-01-1992,11.25,11.25,12000.0,11.625,11.25,7.405710697174072
17-01-1992,11.25,11.625,56400.0,11.625,11.625,7.652566909790039
20-01-1992,11.3125,11.625,541600.0,11.6875,11.625,7.652566909790039
21-01-1992,11.5625,11.6875,119200.0,11.75,11.75,7.734856128692627
22-01-1992,11.625,11.78125,578800.0,11.9375,11.9375,7.858282566070557
23-01-1992,11.75,11.75,18800.0,12.0,12.0,7.899423122406006
24-01-1992,11.75,11.75,52000.0,12.125,12.0,7.899423122406006
27-01-1992,11.875,12.0,48800.0,12.125,11.9375,7.858282566070557
28-01-1992,11.75,12.0625,55600.0,12.125,11.875,7.817138195037842
29-01-1992,11.5,11.75,88400.0,11.75,11.5625,7.611424922943115
30-01-1992,11.5,11.5,59200.0,11.75,11.625,7.652566909790039
31-01-1992,11.5,11.75,62000.0,11.75,11.5,7.570278644561768
03-02-1992,11.5,11.5,142400.0,11.75,11.75,7.734856128692627
04-02-1992,11.75,11.75,100000.0,12.125,11.875,7.817138195037842
05-02-1992,11.875,12.125,41200.0,12.25,12.1875,8.022850036621094
06-02-1992,11.875,11.875,16800.0,12.25,12.25,8.063996315002441
07-02-1992,11.875,12.25,136400.0,12.25,11.875,7.817138195037842
10-02-1992,11.875,12.125,38800.0,12.25,12.25,8.063996315002441
11-02-1992,12.0,12.25,51600.0,12.5,12.5,8.228565216064453
12-02-1992,12.125,12.5,76800.0,13.125,12.875,8.475425720214844
13-02-1992,12.75,13.25,92800.0,13.25,13.0,8.557706832885742
14-02-1992,12.75,13.0,32000.0,13.0,13.0,8.557706832885742
18-02-1992,12.75,12.75,33200.0,13.0625,13.0625,8.598855972290039
19-02-1992,12.75,13.0,183200.0,13.0,12.75,8.393141746520996
20-02-1992,12.75,13.0,181200.0,13.0,12.75,8.393141746520996
21-02-1992,12.75,13.0,38800.0,13.0,13.0,8.557706832885742
24-02-1992,12.75,12.75,53200.0,13.0,12.75,8.393141746520996
25-02-1992,12.5,12.75,37200.0,13.0,12.5,8.228565216064453
26-02-1992,11.875,12.5,183600.0,12.6875,12.09375,7.96113920211792
27-02-1992,12.0,12.0625,162000.0,12.25,12.0625,7.940568447113037
28-02-1992,12.0,12.25,260000.0,12.25,12.0,7.899423122406006
02-03-1992,12.0,12.0,8800.0,12.25,12.0,7.917569160461426
03-03-1992,12.0,12.25,432800.0,12.25,12.125,8.000044822692871
04-03-1992,12.0,12.09375,36000.0,12.25,12.0,7.917569160461426
05-03-1992,11.75,12.0,23200.0,12.25,11.875,7.8350934982299805
06-03-1992,11.5,11.75,150000.0,12.0,11.75,7.752617359161377
09-03-1992,11.25,11.5625,237200.0,11.875,11.25,7.422719478607178
10-03-1992,11.25,11.625,56800.0,11.625,11.4375,7.546430587768555
11-03-1992,11.25,11.3125,138800.0,11.625,11.25,7.422719478607178
12-03-1992,11.25,11.5625,66000.0,11.75,11.6875,7.711379051208496
13-03-1992,11.4375,11.75,30000.0,11.75,11.53125,7.608292102813721
16-03-1992,11.4375,11.4375,75600.0,11.75,11.75,7.752617359161377
17-03-1992,11.46875,11.75,11600.0,11.75,11.75,7.752617359161377
18-03-1992,11.4375,11.75,6800.0,11.75,11.4375,7.546430587768555
19-03-1992,11.5625,11.5625,20000.0,11.875,11.625,7.670146465301514
20-03-1992,11.75,11.75,132800.0,12.0,11.84375,7.81447696685791
23-03-1992,11.75,12.0,21200.0,12.0,11.75,7.752617359161377
24-03-1992,11.75,11.75,26000.0,12.0625,12.0,7.917569160461426
25-03-1992,11.8125,11.8125,159200.0,12.125,12.0,7.917569160461426
26-03-1992,11.875,11.875,8000.0,12.25,12.0625,7.958804607391357
27-03-1992,11.875,12.0625,26000.0,12.125,12.0625,7.958804607391357
30-03-1992,11.875,12.25,28000.0,12.3125,12.1875,8.041282653808594
31-03-1992,12.1875,12.1875,31200.0,12.5625,12.5,8.247469902038574
01-04-1992,12.25,12.3125,14000.0,12.5625,12.375,8.164994239807129
02-04-1992,12.1875,12.5625,77600.0,12.5625,12.25,8.082515716552734
03-04-1992,12.1875,12.1875,19200.0,12.5,12.5,8.247469902038574
06-04-1992,12.0,12.5,63600.0,12.5,12.0,7.917569160461426
07-04-1992,11.75,12.375,33600.0,12.375,11.75,7.752617359161377
08-04-1992,11.5,11.6875,102800.0,11.875,11.75,7.752617359161377
09-04-1992,11.5,11.5,24400.0,11.875,11.875,7.8350934982299805
10-04-1992,11.625,11.875,62800.0,12.0,11.875,7.8350934982299805
13-04-1992,11.75,11.75,80400.0,12.375,12.375,8.164994239807129
14-04-1992,12.375,12.375,89200.0,12.75,12.5625,8.288705825805664
15-04-1992,12.375,12.75,85200.0,12.75,12.6875,8.371179580688477
16-04-1992,12.375,12.375,10000.0,12.6875,12.375,8.164994239807129
20-04-1992,12.375,12.375,154000.0,12.6875,12.6875,8.371179580688477
21-04-1992,12.4375,12.4375,17200.0,12.6875,12.6875,8.371179580688477
22-04-1992,12.4375,12.5625,99600.0,12.6875,12.5625,8.288705825805664
23-04-1992,12.4375,12.4375,59600.0,12.8125,12.8125,8.453649520874023
24-04-1992,12.4375,12.4375,26800.0,12.8125,12.4375,8.206233024597168
27-04-1992,12.4375,12.4375,43200.0,12.875,12.75,8.41241455078125
28-04-1992,12.4375,12.625,47600.0,12.6875,12.4375,8.206233024597168
29-04-1992,12.4375,12.4375,166000.0,12.6875,12.4375,8.206233024597168
30-04-1992,12.4375,12.6875,22800.0,12.75,12.75,8.41241455078125
01-05-1992,12.4375,12.75,110800.0,12.75,12.59375,8.309320449829102
04-05-1992,12.375,12.6875,31200.0,12.6875,12.5,8.247469902038574
05-05-1992,12.375,12.375,8800.0,12.6875,12.6875,8.371179580688477
06-05-1992,12.5,12.6875,70000.0,12.75,12.65625,8.350557327270508
07-05-1992,12.5625,12.65625,61600.0,12.75,12.5625,8.288705825805664
08-05-1992,12.3125,12.6875,38000.0,12.6875,12.40625,8.185611724853516
11-05-1992,12.25,12.375,226000.0,12.625,12.625,8.329940795898438
12-05-1992,12.375,12.5,1187200.0,12.625,12.5,8.247469902038574
13-05-1992,12.5,12.625,134800.0,12.75,12.5,8.247469902038574
14-05-1992,12.5,12.5,26800.0,12.75,12.625,8.329940795898438
15-05-1992,12.375,12.75,36000.0,12.75,12.375,8.164994239807129
18-05-1992,12.375,12.75,163200.0,12.75,12.71875,8.391800880432129
19-05-1992,12.375,12.375,210000.0,12.75,12.75,8.41241455078125
20-05-1992,12.5,12.5,30800.0,12.75,12.75,8.41241455078125
21-05-1992,12.375,12.5,16400.0,12.75,12.375,8.164994239807129
22-05-1992,12.375,12.75,102000.0,12.75,12.375,8.164994239807129
26-05-1992,12.375,12.375,2400.0,12.375,12.375,8.164994239807129
27-05-1992,12.5,12.5,61200.0,12.75,12.5,8.247469902038574
28-05-1992,12.5,12.75,261600.0,12.75,12.65625,8.350557327270508
29-05-1992,12.5,12.6875,452000.0,12.875,12.875,8.494888305664062
01-06-1992,12.625,12.875,235600.0,13.625,13.375,8.84367847442627
02-06-1992,13.625,13.625,124800.0,14.25,14.25,9.422239303588867
03-06-1992,14.0,14.0,82800.0,14.25,14.09375,9.318924903869629
04-06-1992,14.0,14.1875,27200.0,14.1875,14.125,9.33958625793457
05-06-1992,13.75,14.1875,62000.0,14.1875,13.875,9.174281120300293
08-06-1992,13.5,13.625,133200.0,13.875,13.5625,8.967656135559082
09-06-1992,13.0,13.75,39200.0,13.75,13.375,8.84367847442627
10-06-1992,13.0,13.0,58800.0,13.625,13.28125,8.781691551208496
11-06-1992,13.125,13.125,36800.0,13.4375,13.4375,8.885007858276367
12-06-1992,13.125,13.1875,21200.0,13.375,13.1875,8.719700813293457
15-06-1992,13.125,13.375,344800.0,13.375,13.125,8.678380012512207
16-06-1992,13.125,13.125,103600.0,13.375,13.375,8.84367847442627
17-06-1992,13.125,13.375,56800.0,13.375,13.125,8.678380012512207
18-06-1992,12.625,13.3125,41200.0,13.3125,12.8125,8.471745491027832
19-06-1992,12.71875,12.8125,44400.0,12.875,12.78125,8.45108699798584
22-06-1992,12.53125,12.6875,168000.0,12.875,12.53125,8.28577995300293
23-06-1992,12.5,12.875,42400.0,12.875,12.5,8.265121459960938
24-06-1992,12.25,12.625,31600.0,12.6875,12.25,8.099822998046875
25-06-1992,12.25,12.5,10000.0,12.5,12.25,8.099822998046875
26-06-1992,12.0,12.125,124400.0,12.3125,12.0,7.934518337249756
29-06-1992,11.875,12.25,796400.0,12.375,12.03125,7.955179691314697
30-06-1992,12.0,12.0,102000.0,12.1875,12.1875,8.058494567871094
01-07-1992,11.875,12.03125,69600.0,12.1875,12.0,7.934518337249756
02-07-1992,11.9375,12.3125,100400.0,12.3125,12.3125,8.141143798828125
06-07-1992,11.9375,11.9375,15200.0,12.3125,11.9375,7.893185615539551
07-07-1992,11.9375,12.25,152800.0,12.25,12.0625,7.975841999053955
08-07-1992,11.9375,11.9375,28400.0,12.25,12.1875,8.058494567871094
09-07-1992,11.9375,11.9375,76400.0,12.1875,12.15625,8.037829399108887
10-07-1992,11.9375,12.0625,94000.0,12.125,12.0,7.934518337249756
13-07-1992,12.0,12.1875,15200.0,12.25,12.25,8.099822998046875
14-07-1992,12.0,12.0,48400.0,12.625,12.4375,8.223796844482422
15-07-1992,12.40625,12.40625,66400.0,12.875,12.625,8.347769737243652
16-07-1992,12.75,12.75,41600.0,13.25,13.25,8.761026382446289
17-07-1992,12.875,13.0,40400.0,13.375,13.375,8.84367847442627
20-07-1992,12.875,13.25,36400.0,13.25,13.0,8.595723152160645
21-07-1992,12.75,12.75,12000.0,12.75,12.75,8.430421829223633
22-07-1992,12.25,12.625,112400.0,12.75,12.5,8.265121459960938
23-07-1992,12.375,12.625,202000.0,12.625,12.5,8.265121459960938
24-07-1992,12.375,12.375,86000.0,12.625,12.625,8.347769737243652
27-07-1992,12.25,12.25,132000.0,12.625,12.4375,8.223796844482422
28-07-1992,12.25,12.4375,24800.0,12.625,12.625,8.347769737243652
29-07-1992,12.625,12.75,81600.0,12.875,12.875,8.513077735900879
30-07-1992,12.5,12.5,31200.0,12.75,12.5625,8.306448936462402
31-07-1992,12.5,12.75,59200.0,12.75,12.75,8.430421829223633
03-08-1992,12.375,12.375,400.0,12.375,12.375,8.18246841430664
04-08-1992,12.375,12.375,33200.0,12.75,12.75,8.430421829223633
05-08-1992,12.5,12.5625,90800.0,12.75,12.75,8.430421829223633
06-08-1992,12.5,12.5,7200.0,12.75,12.75,8.430421829223633
07-08-1992,12.5,12.75,257600.0,12.8125,12.5,8.265121459960938
10-08-1992,12.5,12.5,125200.0,12.875,12.53125,8.28577995300293
11-08-1992,12.5,12.5,7600.0,12.6875,12.6875,8.389101028442383
12-08-1992,12.5,12.5,19600.0,12.875,12.6875,8.389101028442383
13-08-1992,12.75,12.75,46800.0,12.8125,12.8125,8.471745491027832
14-08-1992,12.5,12.5,134800.0,12.875,12.6875,8.389101028442383
17-08-1992,12.5,12.875,8400.0,12.875,12.75,8.430421829223633
18-08-1992,12.5,12.75,178400.0,12.75,12.75,8.430421829223633
19-08-1992,12.5,12.625,16800.0,12.75,12.5,8.265121459960938
20-08-1992,12.5,12.65625,23600.0,12.75,12.5,8.265121459960938
21-08-1992,12.25,12.375,50000.0,12.625,12.25,8.099822998046875
24-08-1992,11.8125,12.125,66000.0,12.3125,11.8125,7.810543060302734
25-08-1992,11.5,11.6875,210000.0,11.75,11.625,7.686563014984131
26-08-1992,11.5,11.5,25600.0,11.75,11.75,7.769214630126953
27-08-1992,11.5,11.5,31600.0,11.75,11.65625,7.707225799560547
28-08-1992,11.5,11.5,192400.0,11.75,11.5,7.603909015655518
31-08-1992,11.5,11.5,38000.0,11.875,11.75,7.787841320037842
01-09-1992,11.625,11.875,36400.0,12.0,12.0,7.953533172607422
02-09-1992,11.6875,12.0,52400.0,12.0,11.875,7.8706889152526855
03-09-1992,11.6875,11.6875,4000.0,12.0625,12.0625,7.994960308074951
04-09-1992,11.6875,11.6875,10000.0,12.0625,12.0625,7.994960308074951
08-09-1992,11.75,11.75,9200.0,11.75,11.75,7.787841320037842
09-09-1992,11.75,11.75,16800.0,12.125,11.75,7.787841320037842
10-09-1992,11.75,11.75,14000.0,12.125,12.125,8.036385536193848
11-09-1992,12.0,12.125,4000.0,12.125,12.0,7.953533172607422
14-09-1992,11.8125,12.1875,18000.0,12.25,12.0,7.953533172607422
15-09-1992,11.875,11.9375,144000.0,12.25,12.125,8.036385536193848
16-09-1992,12.0,12.0,7200.0,12.3125,12.15625,8.057098388671875
17-09-1992,12.0,12.3125,94000.0,12.3125,12.0625,7.994960308074951
18-09-1992,12.0,12.25,88400.0,12.25,12.15625,8.057098388671875
21-09-1992,12.0,12.25,4400.0,12.3125,12.3125,8.160659790039062
22-09-1992,11.9375,12.0,31200.0,12.0625,11.9375,7.912110328674316
23-09-1992,11.9375,11.9375,180400.0,12.3125,12.0,7.953533172607422
24-09-1992,12.0,12.3125,458000.0,12.3125,12.15625,8.057098388671875
25-09-1992,12.0,12.375,152800.0,12.375,12.03125,7.974250793457031
28-09-1992,12.0,12.0,9200.0,12.375,12.0,7.953533172607422
29-09-1992,12.0,12.25,341200.0,12.375,12.09375,8.015669822692871
30-09-1992,12.0,12.0,11200.0,12.375,12.375,8.202082633972168
01-10-1992,11.9375,12.375,151600.0,12.375,12.0,7.953533172607422
02-10-1992,11.75,11.84375,86800.0,12.125,12.125,8.036385536193848
05-10-1992,11.125,11.75,184800.0,11.9375,11.625,7.704989910125732
06-10-1992,11.53125,11.8125,26400.0,11.8125,11.5625,7.663566589355469
07-10-1992,11.5,11.5,14400.0,11.875,11.6875,7.7464118003845215
08-10-1992,11.5,11.5,82800.0,11.875,11.6875,7.7464118003845215
09-10-1992,11.5,11.6875,344800.0,11.75,11.625,7.704989910125732
12-10-1992,11.25,11.3125,208800.0,11.375,11.25,7.456437587738037
13-10-1992,11.25,11.625,7600.0,11.625,11.625,7.704989910125732
14-10-1992,11.0,11.625,106000.0,11.625,11.0,7.290741443634033
15-10-1992,10.875,10.875,16400.0,11.0,11.0,7.290741443634033
16-10-1992,10.8125,10.8125,118400.0,11.0,11.0,7.290741443634033
19-10-1992,10.9375,11.0,20400.0,11.25,11.25,7.456437587738037
20-10-1992,10.9375,10.9375,8400.0,11.3125,11.0,7.290741443634033
21-10-1992,11.0,11.0,18800.0,11.3125,11.25,7.456437587738037
22-10-1992,10.9375,11.25,8800.0,11.25,10.9375,7.249317646026611
23-10-1992,10.9375,11.125,54000.0,11.25,11.0625,7.332165718078613
26-10-1992,10.9375,10.9375,24400.0,11.25,11.1875,7.4150166511535645
27-10-1992,11.0625,11.3125,119600.0,11.3125,11.3125,7.497862339019775
28-10-1992,11.0625,11.0625,118400.0,11.5625,11.5625,7.663566589355469
29-10-1992,11.5,11.5,4000.0,11.5,11.5,7.6221394538879395
30-10-1992,11.5,11.5,8000.0,11.75,11.75,7.787841320037842
02-11-1992,11.5625,11.75,109600.0,11.8125,11.75,7.787841320037842
03-11-1992,11.5625,11.5625,25200.0,11.8125,11.75,7.787841320037842
04-11-1992,11.75,11.9375,105200.0,11.9375,11.90625,7.8913984298706055
05-11-1992,11.75,11.9375,16800.0,11.9375,11.9375,7.912110328674316
06-11-1992,11.78125,11.8125,77600.0,12.0,12.0,7.953533172607422
09-11-1992,12.0,12.0,0.0,12.0,12.0,7.953533172607422
10-11-1992,11.8125,11.90625,17200.0,12.125,12.0625,7.994960308074951
11-11-1992,11.75,12.03125,20800.0,12.125,12.0625,7.994960308074951
12-11-1992,11.8125,11.9375,42800.0,12.09375,11.8125,7.829258918762207
13-11-1992,11.8125,11.8125,19200.0,12.0,12.0,7.953533172607422
16-11-1992,11.8125,11.8125,3600.0,11.84375,11.8125,7.829258918762207
17-11-1992,11.75,11.8125,27600.0,12.0,11.75,7.787841320037842
18-11-1992,11.71875,11.875,5600.0,11.875,11.875,7.8706889152526855
19-11-1992,11.5,11.5,18000.0,11.875,11.5,7.6221394538879395
20-11-1992,11.375,11.5,61600.0,11.875,11.375,7.539288520812988
23-11-1992,11.09375,11.5,656800.0,11.625,11.125,7.373592376708984
24-11-1992,10.75,11.09375,133600.0,11.25,11.125,7.393530368804932
25-11-1992,11.375,11.375,107600.0,12.0,11.8125,7.850428581237793
27-11-1992,11.75,11.9375,20000.0,12.03125,11.875,7.891968727111816
30-11-1992,11.5,12.0,171200.0,12.0,11.6875,7.767356872558594
01-12-1992,11.5,12.0,26400.0,12.0,12.0,7.975042819976807
02-12-1992,11.5,11.5,42400.0,12.0,11.78125,7.829663276672363
03-12-1992,12.0,12.0,2000.0,12.0,12.0,7.975042819976807
04-12-1992,11.5,11.875,177200.0,12.75,12.625,8.39040756225586
07-12-1992,12.5,12.875,116800.0,13.0,12.5,8.307333946228027
08-12-1992,12.5,12.875,42400.0,12.875,12.875,8.556553840637207
09-12-1992,11.875,12.875,137200.0,12.875,11.875,7.891968727111816
10-12-1992,11.625,11.875,51600.0,12.25,11.6875,7.767356872558594
11-12-1992,11.625,11.875,3600.0,11.875,11.875,7.891968727111816
14-12-1992,11.8125,11.875,5600.0,11.875,11.875,7.891968727111816
15-12-1992,11.6875,11.875,27600.0,11.875,11.875,7.891968727111816
16-12-1992,11.6875,11.6875,44000.0,11.875,11.8125,7.850428581237793
17-12-1992,11.75,11.75,66400.0,11.875,11.875,7.891968727111816
18-12-1992,12.0,12.25,120800.0,12.375,12.0,7.975042819976807
21-12-1992,11.8125,11.8125,16000.0,12.25,12.125,8.058114051818848
22-12-1992,11.875,11.875,92800.0,12.125,11.875,7.891968727111816
23-12-1992,11.875,11.9375,13200.0,12.125,11.875,7.891968727111816
24-12-1992,12.125,12.125,400.0,12.125,12.125,8.058114051818848
28-12-1992,11.3125,11.875,144800.0,12.0,11.75,7.808899879455566
29-12-1992,11.25,11.5,42400.0,11.75,11.75,7.808899879455566
30-12-1992,11.375,11.75,26800.0,11.75,11.75,7.808899879455566
31-12-1992,11.5,11.5,51200.0,11.875,11.875,7.891968727111816
04-01-1993,11.75,11.8125,96800.0,12.0,11.84375,7.871201038360596
05-01-1993,11.75,12.0,67600.0,12.0,12.0,7.975042819976807
06-01-1993,11.75,11.75,51200.0,12.0,12.0,7.975042819976807
07-01-1993,11.75,11.875,12800.0,12.0,12.0,7.975042819976807
08-01-1993,11.75,11.75,18800.0,12.0,12.0,7.975042819976807
11-01-1993,11.625,11.625,32000.0,12.0,11.75,7.808899879455566
12-01-1993,11.5,11.625,81600.0,11.875,11.5625,7.684284210205078
13-01-1993,11.5,11.625,53200.0,11.875,11.5,7.642751216888428
14-01-1993,11.5,11.5,8000.0,11.75,11.75,7.808899879455566
15-01-1993,11.4375,11.75,15200.0,11.75,11.75,7.808899879455566
18-01-1993,11.4375,11.4375,77200.0,11.5,11.4375,7.601210594177246
19-01-1993,11.4375,11.4375,8400.0,11.75,11.4375,7.601210594177246
20-01-1993,11.4375,11.75,17200.0,11.75,11.4375,7.601210594177246
21-01-1993,11.375,11.4375,33200.0,11.75,11.5625,7.684284210205078
22-01-1993,11.375,11.6875,19200.0,11.75,11.375,7.559672832489014
25-01-1993,11.375,11.375,8400.0,11.75,11.375,7.559672832489014
26-01-1993,11.375,11.375,25600.0,11.625,11.625,7.725825786590576
27-01-1993,11.40625,11.40625,25600.0,11.75,11.75,7.808899879455566
28-01-1993,11.375,11.375,5600.0,11.75,11.5,7.642751216888428
29-01-1993,11.5625,11.5625,16400.0,11.75,11.75,7.808899879455566
01-02-1993,11.375,11.375,14400.0,11.75,11.75,7.808899879455566
02-02-1993,11.375,11.75,122400.0,11.75,11.375,7.559672832489014
03-02-1993,11.25,11.5,74800.0,11.625,11.34375,7.538900375366211
04-02-1993,11.25,11.5,71200.0,11.5,11.3125,7.518138885498047
05-02-1993,11.25,11.25,128000.0,11.5,11.25,7.476600646972656
08-02-1993,11.25,11.5,10800.0,11.5,11.25,7.476600646972656
09-02-1993,11.25,11.25,14000.0,11.5,11.25,7.476600646972656
10-02-1993,11.25,11.25,42400.0,11.5,11.25,7.476600646972656
11-02-1993,10.9375,11.375,113600.0,11.375,11.125,7.393530368804932
12-02-1993,10.875,11.25,45600.0,11.25,11.25,7.476600646972656
16-02-1993,10.75,10.875,63600.0,11.125,11.125,7.393530368804932
17-02-1993,10.375,10.75,245200.0,10.8125,10.4375,6.93662691116333
18-02-1993,10.125,10.4375,122400.0,10.625,10.1875,6.770479679107666
19-02-1993,9.75,10.375,116800.0,10.375,10.125,6.72894287109375
22-02-1993,9.875,9.875,12400.0,10.25,9.875,6.5627923011779785
23-02-1993,10.125,10.25,16000.0,10.25,10.125,6.72894287109375
24-02-1993,9.875,9.875,63200.0,10.25,10.21875,6.7912445068359375
25-02-1993,10.0,10.25,84400.0,10.5,10.5,6.978163719177246
26-02-1993,10.125,10.125,79600.0,10.5,10.125,6.72894287109375
01-03-1993,10.15625,10.5,34000.0,10.5,10.4375,6.957241058349609
02-03-1993,10.25,10.375,70800.0,10.375,10.375,6.915584564208984
03-03-1993,10.25,10.5,96000.0,10.6875,10.6875,7.123878002166748
04-03-1993,10.375,10.375,15200.0,10.6875,10.4375,6.957241058349609
05-03-1993,10.4375,10.875,172000.0,10.875,10.875,7.248856544494629
08-03-1993,10.5,10.875,194800.0,10.875,10.6875,7.123878002166748
09-03-1993,10.5,10.5,102000.0,10.875,10.875,7.248856544494629
10-03-1993,10.5625,10.875,48400.0,10.875,10.875,7.248856544494629
11-03-1993,10.5,10.875,70800.0,10.875,10.5,6.998900890350342
12-03-1993,10.4375,10.5,84800.0,10.75,10.625,7.082218170166016
15-03-1993,10.4375,10.625,27600.0,10.625,10.625,7.082218170166016
16-03-1993,10.4375,10.4375,16400.0,10.625,10.5,6.998900890350342
17-03-1993,10.25,10.625,28800.0,10.625,10.5,6.998900890350342
18-03-1993,10.625,10.625,6000.0,10.625,10.625,7.082218170166016
19-03-1993,10.25,10.625,72400.0,10.625,10.625,7.082218170166016
22-03-1993,10.25,10.5,47600.0,10.5,10.25,6.832258701324463
23-03-1993,10.46875,10.625,73200.0,10.625,10.5,6.998900890350342
24-03-1993,10.25,10.4375,124000.0,10.5625,10.25,6.832258701324463
25-03-1993,10.25,10.25,8400.0,10.5,10.46875,6.978068828582764
26-03-1993,10.25,10.25,12800.0,10.375,10.25,6.832258701324463
29-03-1993,10.34375,10.375,8400.0,10.5,10.34375,6.894752025604248
30-03-1993,10.125,10.25,81200.0,10.5,10.125,6.748938083648682
31-03-1993,10.125,10.25,112800.0,10.5,10.5,6.998900890350342
01-04-1993,10.0,10.0,52000.0,10.375,10.0,6.665616512298584
02-04-1993,9.75,10.375,89200.0,10.375,9.9375,6.623960018157959
05-04-1993,9.625,9.625,24000.0,9.84375,9.6875,6.457315444946289
06-04-1993,9.5625,9.625,30800.0,9.8125,9.6875,6.457315444946289
07-04-1993,9.625,9.8125,26000.0,9.875,9.75,6.498976707458496
08-04-1993,9.5625,9.625,12800.0,9.875,9.75,6.498976707458496
12-04-1993,9.5625,9.75,77600.0,9.875,9.625,6.415656566619873
13-04-1993,9.625,9.875,4400.0,9.875,9.875,6.5822978019714355
14-04-1993,9.625,9.875,106400.0,10.125,10.125,6.748938083648682
15-04-1993,9.75,10.125,48800.0,10.125,10.125,6.748938083648682
16-04-1993,9.875,10.125,100000.0,10.125,9.875,6.5822978019714355
19-04-1993,9.75,10.125,17200.0,10.125,9.75,6.498976707458496
20-04-1993,9.75,9.75,12000.0,10.125,9.75,6.498976707458496
21-04-1993,9.75,10.125,1200.0,10.125,10.125,6.748938083648682
22-04-1993,9.75,9.75,28000.0,10.125,9.75,6.498976707458496
23-04-1993,9.75,9.75,86400.0,10.0,10.0,6.665616512298584
26-04-1993,9.75,10.0,56000.0,10.0,9.75,6.498976707458496
27-04-1993,9.75,9.75,14400.0,10.0,9.875,6.5822978019714355
28-04-1993,9.75,10.0,18400.0,10.0,9.8125,6.540635108947754
29-04-1993,9.75,10.0,10800.0,10.0,9.8125,6.540635108947754
30-04-1993,9.75,10.0,67600.0,10.0,10.0,6.665616512298584
03-05-1993,9.8125,10.0,69200.0,10.4375,10.4375,6.957241058349609
04-05-1993,10.125,10.25,89600.0,10.75,10.75,7.165542125701904
05-05-1993,10.375,10.40625,14800.0,10.5,10.4375,6.957241058349609
06-05-1993,10.375,10.75,4800.0,10.75,10.375,6.915584564208984
07-05-1993,10.65625,10.75,34000.0,10.875,10.875,7.248856544494629
10-05-1993,10.5,10.875,13600.0,10.875,10.625,7.082218170166016
11-05-1993,10.5,10.5,18400.0,10.9375,10.6875,7.123878002166748
12-05-1993,10.6875,10.6875,10400.0,10.8125,10.8125,7.207202434539795
13-05-1993,10.6875,11.0,40800.0,11.0,10.78125,7.186371326446533
14-05-1993,10.6875,10.6875,2000.0,11.0,11.0,7.332177639007568
17-05-1993,10.6875,10.6875,14400.0,10.6875,10.6875,7.123878002166748
18-05-1993,10.75,10.78125,2400.0,11.0,10.875,7.248856544494629
19-05-1993,10.6875,10.6875,27600.0,10.875,10.75,7.165542125701904
20-05-1993,10.6875,11.0,18800.0,11.0,10.6875,7.123878002166748
21-05-1993,10.6875,10.6875,26400.0,11.0,10.6875,7.123878002166748
24-05-1993,10.625,10.625,19200.0,10.875,10.875,7.248856544494629
25-05-1993,10.1875,10.625,88800.0,10.875,10.5,6.998900890350342
26-05-1993,10.59375,10.625,23600.0,10.75,10.75,7.165542125701904
27-05-1993,10.5,10.75,89600.0,11.0,10.875,7.248856544494629
28-05-1993,10.875,11.0,95600.0,11.375,11.375,7.6031107902526855
01-06-1993,10.875,10.875,18800.0,11.375,10.9375,7.3106865882873535
02-06-1993,10.9375,10.9375,10800.0,11.375,11.0625,7.394237518310547
03-06-1993,11.28125,11.375,5200.0,11.375,11.375,7.6031107902526855
04-06-1993,10.9375,10.9375,3600.0,11.125,11.125,7.436012268066406
07-06-1993,10.875,10.9375,16000.0,11.3125,11.3125,7.561336994171143
08-06-1993,10.875,10.875,26000.0,11.25,10.9375,7.3106865882873535
09-06-1993,10.875,10.875,3600.0,11.25,10.96875,7.331576824188232
10-06-1993,10.875,11.25,16800.0,11.25,11.0625,7.394237518310547
11-06-1993,10.75,11.0625,10000.0,11.0625,11.0625,7.394237518310547
14-06-1993,10.75,11.0625,74400.0,11.375,11.375,7.6031107902526855
15-06-1993,11.0,11.0,8800.0,11.1875,11.1875,7.477789878845215
16-06-1993,11.0,11.0,43200.0,11.4375,11.3125,7.561336994171143
17-06-1993,11.125,11.5,5200.0,11.5,11.125,7.436012268066406
18-06-1993,11.125,11.375,3600.0,11.375,11.375,7.6031107902526855
21-06-1993,11.0,11.375,46000.0,11.375,11.25,7.5195631980896
22-06-1993,10.75,11.375,83200.0,11.375,11.0,7.352460861206055
23-06-1993,10.875,11.0,14800.0,11.0,11.0,7.352460861206055
24-06-1993,10.625,10.625,56400.0,10.875,10.875,7.268908977508545
25-06-1993,10.625,10.625,8000.0,10.875,10.6875,7.14358377456665
28-06-1993,10.625,10.75,24800.0,10.875,10.875,7.268908977508545
29-06-1993,10.375,10.625,41600.0,10.75,10.75,7.185363292694092
30-06-1993,10.375,10.375,187200.0,10.75,10.5,7.018260955810547
01-07-1993,10.5,10.6875,14000.0,11.0,10.625,7.101809978485107
02-07-1993,10.625,11.0,12400.0,11.0,10.625,7.101809978485107
06-07-1993,10.625,10.625,70400.0,11.0,10.84375,7.248022079467773
07-07-1993,10.625,10.625,18400.0,11.0,10.71875,7.164474010467529
08-07-1993,10.625,10.625,9200.0,11.0,10.8125,7.227138996124268
09-07-1993,11.0,11.0,6400.0,11.0,11.0,7.352460861206055
12-07-1993,10.625,10.625,5600.0,11.0,11.0,7.352460861206055
13-07-1993,10.625,10.625,12000.0,11.0,10.8125,7.227138996124268
14-07-1993,11.0,11.0,4000.0,11.0,11.0,7.352460861206055
15-07-1993,10.625,11.0,10800.0,11.0,10.96875,7.331576824188232
16-07-1993,10.625,10.625,29600.0,11.0,10.625,7.101809978485107
19-07-1993,10.625,11.0,1200.0,11.0,10.625,7.101809978485107
20-07-1993,10.625,10.625,3200.0,11.0,11.0,7.352460861206055
21-07-1993,10.625,10.625,400.0,10.625,10.625,7.101809978485107
22-07-1993,11.0,11.0,1600.0,11.0,11.0,7.352460861206055
23-07-1993,10.625,10.625,10400.0,11.0,11.0,7.352460861206055
26-07-1993,10.625,10.625,6000.0,10.9375,10.75,7.185363292694092
27-07-1993,10.625,10.9375,16000.0,10.9375,10.625,7.101809978485107
28-07-1993,10.625,10.625,16000.0,11.0,10.8125,7.227138996124268
29-07-1993,10.5,10.625,236800.0,11.0,10.75,7.185363292694092
30-07-1993,10.5,10.5,44400.0,10.625,10.5,7.018260955810547
02-08-1993,10.5,10.5,82800.0,10.6875,10.5,7.018260955810547
03-08-1993,10.5,10.625,14800.0,10.875,10.5,7.018260955810547
04-08-1993,10.5,10.5,9200.0,11.0,10.5625,7.0600361824035645
05-08-1993,10.5625,11.0,11200.0,11.0,11.0,7.352460861206055
06-08-1993,10.625,10.625,54000.0,11.0,10.8125,7.227138996124268
09-08-1993,10.625,10.875,22400.0,11.0,10.75,7.185363292694092
10-08-1993,10.625,11.0,1600.0,11.0,10.625,7.101809978485107
11-08-1993,10.625,11.0,156800.0,11.0,10.8125,7.227138996124268
12-08-1993,10.625,10.625,10400.0,11.0,10.625,7.101809978485107
13-08-1993,10.625,10.625,104000.0,11.0,10.875,7.268908977508545
16-08-1993,10.625,10.625,4000.0,10.625,10.625,7.101809978485107
17-08-1993,10.625,10.625,6400.0,10.75,10.65625,7.122695446014404
18-08-1993,10.625,10.625,26000.0,11.0,11.0,7.352460861206055
19-08-1993,10.625,10.625,252400.0,11.0,10.6875,7.14358377456665
20-08-1993,10.75,11.0625,343600.0,11.75,11.6875,7.8119940757751465
23-08-1993,11.375,11.375,65200.0,11.59375,11.59375,7.749329566955566
24-08-1993,11.375,11.375,35600.0,11.875,11.875,7.937322616577148
25-08-1993,11.625,11.625,18800.0,11.9375,11.9375,7.9790940284729
26-08-1993,11.625,11.9375,28400.0,11.9375,11.625,7.770218849182129
27-08-1993,11.625,11.625,10000.0,11.9375,11.6875,7.8119940757751465
30-08-1993,11.6875,11.6875,400.0,11.6875,11.6875,7.832096099853516
31-08-1993,11.75,11.75,50400.0,12.25,12.25,8.209043502807617
01-09-1993,12.0625,12.125,45600.0,12.375,12.375,8.292808532714844
02-09-1993,12.125,12.28125,119600.0,12.625,12.625,8.46033763885498
03-09-1993,12.375,12.375,14800.0,12.75,12.5625,8.418457984924316
07-09-1993,12.375,12.6875,34400.0,12.6875,12.625,8.46033763885498
08-09-1993,12.375,12.625,49200.0,12.625,12.375,8.292808532714844
09-09-1993,12.375,12.375,18800.0,12.625,12.625,8.46033763885498
10-09-1993,12.375,12.625,11200.0,12.625,12.375,8.292808532714844
13-09-1993,12.4375,12.5,71600.0,12.75,12.4375,8.334691047668457
14-09-1993,12.4375,12.4375,10800.0,12.75,12.75,8.54410457611084
15-09-1993,12.4375,12.59375,54800.0,12.75,12.75,8.54410457611084
16-09-1993,12.4375,12.4375,50400.0,12.75,12.625,8.46033763885498
17-09-1993,12.4375,12.75,34800.0,12.875,12.6875,8.502218246459961
20-09-1993,12.5,12.5,6000.0,12.875,12.78125,8.565043449401855
21-09-1993,12.5,12.5,84400.0,12.75,12.6875,8.502218246459961
22-09-1993,12.5,12.5,377600.0,13.0,13.0,8.711636543273926
23-09-1993,12.75,12.75,55600.0,13.03125,13.0,8.711636543273926
24-09-1993,12.9375,13.0,40000.0,13.125,12.96875,8.690692901611328
27-09-1993,12.8125,12.8125,14000.0,13.1875,13.1875,8.837285041809082
28-09-1993,12.875,12.875,11200.0,13.25,13.1875,8.837285041809082
29-09-1993,12.875,12.875,23200.0,13.25,13.25,8.879168510437012
30-09-1993,12.875,12.875,18800.0,13.25,13.25,8.879168510437012
01-10-1993,12.875,13.09375,25600.0,13.25,13.25,8.879168510437012
04-10-1993,12.875,13.25,4400.0,13.25,13.0,8.711636543273926
05-10-1993,12.875,12.875,60400.0,13.25,12.875,8.627870559692383
06-10-1993,12.875,12.875,70000.0,13.3125,13.25,8.879168510437012
07-10-1993,13.125,13.25,83600.0,13.375,13.25,8.879168510437012
08-10-1993,13.25,13.375,226800.0,13.5625,13.375,8.962935447692871
11-10-1993,13.3125,13.3125,608000.0,13.40625,13.40625,8.98387622833252
12-10-1993,13.4375,13.5,17600.0,13.5,13.4375,9.004813194274902
13-10-1993,13.3125,13.3125,33600.0,13.625,13.3125,8.921048164367676
14-10-1993,13.375,13.5,6400.0,13.625,13.375,8.962935447692871
15-10-1993,13.3125,13.625,40000.0,13.6875,13.3125,8.921048164367676
18-10-1993,13.40625,13.5625,5200.0,13.5625,13.5625,9.088580131530762
19-10-1993,13.3125,13.3125,26000.0,13.5625,13.3125,8.921048164367676
20-10-1993,13.3125,13.5625,50800.0,13.5625,13.3125,8.921048164367676
21-10-1993,13.3125,13.3125,6800.0,13.5625,13.3125,8.921048164367676
22-10-1993,13.3125,13.375,4400.0,13.4375,13.4375,9.004813194274902
25-10-1993,13.3125,13.3125,40000.0,13.5625,13.3125,8.921048164367676
26-10-1993,13.3125,13.3125,3600.0,13.5625,13.4375,9.004813194274902
27-10-1993,13.3125,13.3125,8000.0,13.5625,13.5625,9.088580131530762
28-10-1993,13.3125,13.5625,53200.0,13.5625,13.5625,9.088580131530762
29-10-1993,13.3125,13.3125,15600.0,13.5625,13.375,8.962935447692871
01-11-1993,13.3125,13.5,36800.0,13.5,13.34375,8.941991806030273
02-11-1993,13.3125,13.3125,36800.0,13.5,13.5,9.046697616577148
03-11-1993,13.3125,13.3125,18800.0,13.5,13.3125,8.921048164367676
04-11-1993,13.3125,13.3125,32400.0,13.5,13.5,9.046697616577148
05-11-1993,13.3125,13.3125,116000.0,13.5,13.375,8.962935447692871
08-11-1993,13.375,13.4375,9200.0,13.4375,13.4375,9.004813194274902
09-11-1993,13.375,13.5,12400.0,13.5,13.375,8.962935447692871
10-11-1993,13.25,13.46875,172000.0,13.5,13.3125,8.921048164367676
11-11-1993,13.25,13.375,14000.0,13.375,13.28125,8.900106430053711
12-11-1993,13.25,13.25,23200.0,13.375,13.375,8.962935447692871
15-11-1993,13.25,13.25,2000.0,13.375,13.25,8.879168510437012
16-11-1993,13.25,13.3125,9600.0,13.375,13.375,8.962935447692871
17-11-1993,13.25,13.25,128400.0,13.375,13.375,8.962935447692871
18-11-1993,13.125,13.25,166800.0,13.3125,13.125,8.79539680480957
19-11-1993,12.875,13.125,37200.0,13.125,12.875,8.627870559692383
22-11-1993,12.875,13.0,50000.0,13.0,12.875,8.627870559692383
23-11-1993,12.75,12.9375,137600.0,12.9375,12.78125,8.565043449401855
24-11-1993,12.75,12.75,12400.0,12.75,12.75,8.54410457611084
26-11-1993,12.75,12.75,8800.0,12.9375,12.9375,8.669751167297363
29-11-1993,12.75,12.75,24000.0,12.75,12.75,8.567278861999512
30-11-1993,12.625,12.75,81200.0,12.9375,12.875,8.651270866394043
01-12-1993,12.6875,12.75,83600.0,12.875,12.6875,8.525286674499512
02-12-1993,12.375,12.5625,81200.0,12.6875,12.625,8.483288764953613
03-12-1993,12.1875,12.5,76400.0,12.5,12.375,8.315303802490234
06-12-1993,12.0625,12.25,235200.0,12.3125,12.3125,8.273305892944336
07-12-1993,12.0625,12.0625,98400.0,12.375,12.375,8.315303802490234
08-12-1993,12.0625,12.3125,339200.0,12.375,12.1875,8.189313888549805
09-12-1993,12.25,12.3125,108400.0,12.3125,12.25,8.231313705444336
10-12-1993,12.25,12.3125,30400.0,12.4375,12.4375,8.357303619384766
13-12-1993,12.25,12.40625,108400.0,12.4375,12.4375,8.357303619384766
14-12-1993,12.25,12.25,184400.0,12.4375,12.4375,8.357303619384766
15-12-1993,12.25,12.25,43200.0,12.4375,12.25,8.231313705444336
16-12-1993,12.25,12.25,14800.0,12.4375,12.25,8.231313705444336
17-12-1993,12.3125,12.5,166800.0,12.5625,12.3125,8.273305892944336
20-12-1993,12.3125,12.3125,22400.0,12.625,12.3125,8.273305892944336
21-12-1993,12.3125,12.625,49600.0,12.625,12.625,8.483288764953613
22-12-1993,12.625,12.6875,96000.0,12.875,12.875,8.651270866394043
23-12-1993,12.625,12.625,133600.0,13.0,12.78125,8.588282585144043
27-12-1993,12.75,12.75,212000.0,12.96875,12.75,8.567278861999512
28-12-1993,12.875,13.0,31600.0,13.125,13.125,8.819258689880371
29-12-1993,13.0,13.0,38800.0,13.125,13.0,8.735267639160156
30-12-1993,13.0,13.0,26800.0,13.375,13.375,8.9872465133667
31-12-1993,13.125,13.375,53200.0,13.4375,13.4375,9.029241561889648
03-01-1994,13.1875,13.4375,73200.0,13.4375,13.4375,9.029241561889648
04-01-1994,13.125,13.4375,19200.0,13.4375,13.4375,9.029241561889648
05-01-1994,13.125,13.125,44400.0,13.4375,13.375,8.9872465133667
06-01-1994,13.25,13.25,36400.0,13.625,13.3125,8.945249557495117
07-01-1994,13.3125,13.3125,12800.0,13.625,13.625,9.155228614807129
10-01-1994,13.3125,13.625,33600.0,13.625,13.5,9.07123851776123
11-01-1994,13.5,13.5,82800.0,13.8125,13.5625,9.113232612609863
12-01-1994,13.5625,13.5625,82400.0,13.8125,13.5625,9.113232612609863
13-01-1994,13.5625,13.5625,95200.0,13.875,13.875,9.32321548461914
14-01-1994,13.75,13.75,11600.0,13.9375,13.90625,9.34421443939209
17-01-1994,13.75,13.75,29200.0,13.9375,13.9375,9.365216255187988
18-01-1994,13.75,13.75,25600.0,13.9375,13.75,9.239225387573242
19-01-1994,13.75,13.75,16800.0,13.9375,13.75,9.239225387573242
20-01-1994,13.8125,13.8125,53600.0,14.1875,14.1875,9.533201217651367
21-01-1994,14.0,14.0,34800.0,14.25,14.0,9.407209396362305
24-01-1994,14.0,14.0,8400.0,14.25,14.25,9.575197219848633
25-01-1994,14.0,14.0,95200.0,14.25,14.1875,9.533201217651367
26-01-1994,14.0,14.0,6000.0,14.125,14.09375,9.470203399658203
27-01-1994,14.0,14.0,103200.0,14.25,14.1875,9.533201217651367
28-01-1994,14.125,14.25,32400.0,14.3125,14.1875,9.533201217651367
31-01-1994,14.1875,14.375,19600.0,14.375,14.1875,9.533201217651367
01-02-1994,14.1875,14.1875,47200.0,14.375,14.375,9.659186363220215
02-02-1994,14.1875,14.1875,1600.0,14.1875,14.1875,9.533201217651367
03-02-1994,14.1875,14.28125,80400.0,14.75,14.75,9.911161422729492
04-02-1994,14.5625,14.75,130000.0,15.0625,14.8125,9.953166007995605
07-02-1994,14.75,14.75,110000.0,15.125,14.9375,10.037151336669922
08-02-1994,14.875,15.125,133200.0,15.3125,15.125,10.163147926330566
09-02-1994,15.125,15.125,125200.0,15.375,15.125,10.163147926330566
10-02-1994,15.0625,15.0625,14800.0,15.3125,15.25,10.247142791748047
11-02-1994,15.0625,15.15625,122800.0,15.25,15.21875,10.226139068603516
14-02-1994,15.0625,15.25,110800.0,15.3125,15.125,10.163147926330566
15-02-1994,15.0,15.25,152400.0,15.3125,15.3125,10.289135932922363
16-02-1994,15.0,15.3125,16000.0,15.3125,15.0625,10.121150970458984
17-02-1994,15.0625,15.125,126400.0,15.3125,15.125,10.163147926330566
18-02-1994,14.8125,15.0625,83200.0,15.1875,14.8125,9.953166007995605
22-02-1994,14.75,14.875,25200.0,14.9375,14.9375,10.037151336669922
23-02-1994,14.625,14.71875,80000.0,14.8125,14.75,9.911161422729492
24-02-1994,14.25,14.5625,34000.0,14.5625,14.4375,9.701186180114746
25-02-1994,14.0,14.25,70400.0,14.4375,14.25,9.575197219848633
28-02-1994,14.0,14.0,25600.0,14.25,14.0,9.430371284484863
01-03-1994,14.0,14.0,58400.0,14.25,14.25,9.598769187927246
02-03-1994,14.0,14.125,30400.0,14.1875,14.0,9.430371284484863
03-03-1994,14.0,14.0,82400.0,14.1875,14.125,9.51457405090332
04-03-1994,14.0625,14.1875,98800.0,14.5,14.5,9.767172813415527
07-03-1994,14.375,14.625,14800.0,14.625,14.625,9.851370811462402
08-03-1994,14.625,14.625,27600.0,14.875,14.875,10.019771575927734
09-03-1994,14.625,14.875,62800.0,15.125,14.9375,10.061868667602539
10-03-1994,14.9375,14.9375,57600.0,15.1875,15.0625,10.146072387695312
11-03-1994,14.9375,15.1875,18400.0,15.1875,15.125,10.18817138671875
14-03-1994,14.9375,15.1875,22400.0,15.1875,15.0625,10.146072387695312
15-03-1994,14.9375,15.1875,11600.0,15.1875,14.9375,10.061868667602539
16-03-1994,14.9375,14.9375,52000.0,15.1875,15.1875,10.230270385742188
17-03-1994,15.0625,15.1875,11200.0,15.1875,15.0625,10.146072387695312
18-03-1994,15.0,15.1875,86400.0,15.5625,15.5625,10.482870101928711
21-03-1994,15.375,15.5625,57200.0,15.75,15.75,10.609173774719238
22-03-1994,15.5625,15.5625,56000.0,15.75,15.5625,10.482870101928711
23-03-1994,15.5625,15.75,7200.0,15.75,15.5625,10.482870101928711
24-03-1994,15.5625,15.75,5200.0,15.75,15.5625,10.482870101928711
25-03-1994,15.5625,15.5625,5200.0,15.75,15.75,10.609173774719238
28-03-1994,15.5,15.75,104400.0,15.75,15.59375,10.503924369812012
29-03-1994,15.5,15.5,45200.0,15.6875,15.5,10.440768241882324
30-03-1994,15.3125,15.5,95200.0,15.625,15.5,10.440768241882324
31-03-1994,15.0625,15.3125,237200.0,15.34375,15.1875,10.230270385742188
04-04-1994,14.75,14.8125,78800.0,15.0,14.875,10.019771575927734
05-04-1994,14.75,14.75,44800.0,15.125,15.125,10.18817138671875
06-04-1994,14.875,14.875,2400.0,15.125,15.125,10.18817138671875
07-04-1994,14.875,15.0,24000.0,15.25,15.25,10.272374153137207
08-04-1994,15.0625,15.1875,2400.0,15.1875,15.0625,10.146072387695312
11-04-1994,15.0625,15.0625,40400.0,15.25,15.0625,10.146072387695312
12-04-1994,15.0625,15.0625,73600.0,15.3125,15.0625,10.146072387695312
13-04-1994,15.0625,15.0625,66800.0,15.3125,15.09375,10.167119979858398
14-04-1994,15.0,15.0,6400.0,15.0625,15.0,10.103964805603027
15-04-1994,15.0,15.25,4000.0,15.25,15.125,10.18817138671875
18-04-1994,14.75,15.0,99600.0,15.25,14.78125,9.956620216369629
19-04-1994,14.625,14.75,69600.0,14.78125,14.6875,9.893474578857422
20-04-1994,14.625,14.625,535200.0,14.84375,14.625,9.851370811462402
21-04-1994,14.625,14.625,19600.0,14.6875,14.65625,9.872419357299805
22-04-1994,14.375,14.625,20800.0,14.625,14.375,9.682971954345703
25-04-1994,14.375,14.375,63200.0,14.6875,14.4375,9.725072860717773
26-04-1994,14.375,14.375,42400.0,14.6875,14.40625,9.704022407531738
28-04-1994,14.375,14.671875,19600.0,14.6875,14.375,9.682971954345703
29-04-1994,14.375,14.6875,21200.0,14.6875,14.375,9.682971954345703
02-05-1994,14.375,14.53125,116400.0,14.6875,14.375,9.682971954345703
03-05-1994,14.375,14.375,272400.0,14.6875,14.375,9.682971954345703
04-05-1994,14.375,14.6875,7200.0,14.6875,14.5,9.767172813415527
05-05-1994,14.375,14.375,36800.0,14.53125,14.53125,9.788222312927246
06-05-1994,14.375,14.375,25200.0,14.625,14.375,9.682971954345703
09-05-1994,14.125,14.375,68000.0,14.5,14.125,9.51457405090332
10-05-1994,14.0,14.125,33600.0,14.25,14.03125,9.451424598693848
11-05-1994,13.75,13.875,152400.0,14.0,14.0,9.430371284484863
12-05-1994,13.75,13.875,7200.0,14.0,13.75,9.261972427368164
13-05-1994,13.75,13.75,60400.0,14.0,13.84375,9.325125694274902
16-05-1994,13.8125,13.8125,10800.0,14.0,13.8125,9.304076194763184
17-05-1994,13.8125,13.8125,66400.0,14.0,13.8125,9.304076194763184
18-05-1994,13.8125,14.0,20400.0,14.0,14.0,9.430371284484863
19-05-1994,13.8125,13.8125,83600.0,14.125,13.9375,9.388273239135742
20-05-1994,13.875,14.1875,12400.0,14.1875,14.1875,9.556669235229492
23-05-1994,13.9375,13.9375,21600.0,14.171875,14.0,9.430371284484863
24-05-1994,13.96875,14.1875,9600.0,14.1875,14.1875,9.556669235229492
25-05-1994,13.9375,14.1875,282400.0,14.1875,13.9375,9.388273239135742
26-05-1994,13.9375,14.1875,241200.0,14.1875,13.9375,9.388273239135742
27-05-1994,13.9375,14.125,9600.0,14.125,13.96875,9.433014869689941
31-05-1994,13.9375,13.9375,155600.0,14.109375,14.109375,9.527974128723145
01-06-1994,13.8125,13.9375,20000.0,14.0,13.8125,9.32750129699707
02-06-1994,13.75,13.75,124800.0,13.96875,13.8125,9.32750129699707
03-06-1994,13.78125,13.875,130000.0,14.0,13.78125,9.306396484375
06-06-1994,13.75,13.875,104400.0,14.0,13.9375,9.411907196044922
07-06-1994,13.75,13.75,7200.0,14.0,14.0,9.45411205291748
08-06-1994,13.78125,14.0,264000.0,14.03125,14.03125,9.475218772888184
09-06-1994,13.75,13.875,68000.0,14.0,13.875,9.369701385498047
10-06-1994,13.9375,13.9375,54800.0,14.125,14.125,9.538525581359863
13-06-1994,13.9375,14.125,44400.0,14.125,14.125,9.538525581359863
14-06-1994,13.9375,14.03125,27200.0,14.125,13.9375,9.411907196044922
15-06-1994,13.9375,13.9375,36000.0,14.03125,14.03125,9.475218772888184
16-06-1994,13.953125,14.0,27600.0,14.03125,13.96875,9.433014869689941
17-06-1994,13.9375,13.9375,43600.0,14.125,13.9375,9.411907196044922
20-06-1994,13.75,13.9375,11600.0,14.0,13.90625,9.390803337097168
21-06-1994,13.75,13.75,73200.0,14.03125,13.8125,9.32750129699707
22-06-1994,13.75,13.75,28000.0,14.0,13.75,9.28529167175293
23-06-1994,13.625,14.0,80800.0,14.0,13.6875,9.243081092834473
24-06-1994,13.5625,13.5625,49200.0,13.8125,13.5625,9.158670425415039
27-06-1994,13.4375,13.6875,181600.0,13.6875,13.6875,9.243081092834473
28-06-1994,13.4375,13.4375,19200.0,13.65625,13.5,9.11646556854248
29-06-1994,13.4375,13.6875,36400.0,13.6875,13.4375,9.074262619018555
30-06-1994,13.4375,13.4375,710400.0,13.75,13.71875,9.264192581176758
01-07-1994,13.5,13.75,238400.0,13.8125,13.5625,9.158670425415039
05-07-1994,13.5,13.5,7600.0,13.625,13.625,9.200878143310547
06-07-1994,13.4375,13.625,370800.0,13.625,13.5,9.11646556854248
07-07-1994,13.4375,13.625,40000.0,13.625,13.4375,9.074262619018555
08-07-1994,13.46875,13.625,102800.0,13.6875,13.59375,9.179778099060059
11-07-1994,13.4375,13.4375,116000.0,13.6875,13.625,9.200878143310547
12-07-1994,13.59375,13.59375,22400.0,13.625,13.625,9.200878143310547
13-07-1994,13.3125,13.625,33600.0,13.625,13.5,9.11646556854248
14-07-1994,13.5,13.671875,89200.0,13.6875,13.6875,9.243081092834473
15-07-1994,13.5,13.59375,66000.0,13.75,13.75,9.28529167175293
18-07-1994,13.515625,13.75,4800.0,13.75,13.515625,9.127017974853516
19-07-1994,13.5,13.5,14000.0,13.75,13.5,9.11646556854248
20-07-1994,13.5,13.5,4800.0,13.75,13.75,9.28529167175293
21-07-1994,13.5,13.75,54800.0,13.75,13.75,9.28529167175293
22-07-1994,13.5,13.5,800.0,13.5,13.5,9.11646556854248
25-07-1994,13.5,13.53125,14000.0,13.75,13.75,9.28529167175293
26-07-1994,13.5,13.5,800.0,13.75,13.75,9.28529167175293
27-07-1994,13.75,13.75,9200.0,13.75,13.75,9.28529167175293
28-07-1994,13.5,13.6875,117600.0,13.8125,13.8125,9.32750129699707
29-07-1994,13.6875,13.9375,6800.0,13.9375,13.6875,9.243081092834473
01-08-1994,13.6875,13.8125,6000.0,13.9375,13.9375,9.411907196044922
02-08-1994,13.8125,13.9375,19200.0,14.125,14.0625,9.496322631835938
03-08-1994,13.8125,13.8125,22000.0,14.125,13.8125,9.32750129699707
04-08-1994,13.8125,14.125,8400.0,14.125,14.125,9.538525581359863
05-08-1994,13.625,13.8125,33600.0,13.9375,13.625,9.200878143310547
08-08-1994,13.625,13.9375,29600.0,13.9375,13.625,9.200878143310547
09-08-1994,13.625,13.625,28000.0,13.9375,13.9375,9.411907196044922
10-08-1994,13.6875,13.9375,5200.0,13.9375,13.9375,9.411907196044922
11-08-1994,13.6875,14.0,22000.0,14.0,13.6875,9.243081092834473
12-08-1994,13.71875,13.78125,13600.0,14.0,14.0,9.45411205291748
15-08-1994,13.6875,13.6875,5200.0,13.8125,13.8125,9.32750129699707
16-08-1994,13.6875,14.0,62400.0,14.0,14.0,9.45411205291748
17-08-1994,13.6875,13.6875,11600.0,14.0,13.9375,9.411907196044922
18-08-1994,13.75,13.75,140800.0,14.0625,14.0625,9.496322631835938
19-08-1994,13.8125,14.0625,30800.0,14.0625,14.0625,9.496322631835938
22-08-1994,13.9375,14.125,103200.0,14.3125,14.25,9.622939109802246
23-08-1994,14.125,14.3125,24400.0,14.3125,14.25,9.622939109802246
24-08-1994,14.125,14.125,33600.0,14.3125,14.3125,9.665143966674805
25-08-1994,14.1875,14.1875,86000.0,14.875,14.875,10.044995307922363
26-08-1994,14.625,14.625,56400.0,15.0,14.96875,10.10830020904541
29-08-1994,14.75,14.75,30400.0,15.0,15.0,10.15314769744873
30-08-1994,14.75,14.75,212000.0,15.25,15.0625,10.195455551147461
31-08-1994,14.75,15.25,136000.0,15.25,14.75,9.983927726745605
01-09-1994,14.5,14.75,42800.0,14.8125,14.5,9.814716339111328
02-09-1994,14.5,14.5,111200.0,14.75,14.75,9.983927726745605
06-09-1994,14.75,14.8125,4000.0,14.8125,14.75,9.983927726745605
07-09-1994,14.5625,14.71875,39200.0,14.875,14.5625,9.857012748718262
08-09-1994,14.5625,14.578125,16800.0,14.9375,14.84375,10.04738998413086
09-09-1994,14.625,14.625,14000.0,14.9375,14.9375,10.110844612121582
12-09-1994,14.625,14.625,74400.0,15.0,15.0,10.15314769744873
13-09-1994,14.625,14.625,30000.0,15.0,14.9375,10.110844612121582
14-09-1994,14.75,14.75,22000.0,14.875,14.78125,10.005080223083496
15-09-1994,14.75,14.75,79600.0,15.125,14.875,10.068537712097168
16-09-1994,15.0,15.0625,378000.0,15.125,15.0,10.15314769744873
19-09-1994,14.6875,14.875,82800.0,14.875,14.6875,9.94162368774414
20-09-1994,14.6875,14.6875,79200.0,15.0,14.875,10.068537712097168
21-09-1994,14.25,14.75,36000.0,14.75,14.25,9.645492553710938
22-09-1994,14.25,14.25,5600.0,14.5,14.375,9.730097770690918
23-09-1994,14.375,14.375,32000.0,14.5625,14.375,9.730097770690918
26-09-1994,14.375,14.375,78000.0,14.5625,14.375,9.730097770690918
27-09-1994,14.375,14.5625,36800.0,14.625,14.375,9.730097770690918
28-09-1994,14.375,14.5,20400.0,14.625,14.375,9.730097770690918
29-09-1994,14.375,14.375,1200.0,14.375,14.375,9.730097770690918
30-09-1994,14.375,14.375,52400.0,14.5,14.390625,9.740675926208496
03-10-1994,14.25,14.375,12800.0,14.375,14.3125,9.687795639038086
04-10-1994,14.125,14.25,69200.0,14.34375,14.25,9.645492553710938
05-10-1994,13.875,14.125,121600.0,14.25,14.0,9.47627067565918
06-10-1994,13.75,13.890625,27600.0,14.0,13.75,9.307053565979004
07-10-1994,13.625,13.75,233200.0,13.875,13.625,9.222441673278809
10-10-1994,13.625,13.625,37600.0,13.8125,13.8125,9.34936237335205
11-10-1994,13.78125,13.8125,168800.0,13.84375,13.8125,9.34936237335205
12-10-1994,13.8125,14.0,46000.0,14.0,13.875,9.391661643981934
13-10-1994,13.8125,14.0,24000.0,14.0,13.875,9.391661643981934
14-10-1994,13.75,13.875,54000.0,14.0,14.0,9.47627067565918
17-10-1994,13.875,14.0,19600.0,14.0,13.9375,9.433965682983398
18-10-1994,13.875,13.875,8400.0,14.0625,14.0625,9.518577575683594
19-10-1994,13.9375,13.9375,57600.0,14.375,14.375,9.730097770690918
20-10-1994,14.0625,14.375,36800.0,14.375,14.0625,9.518577575683594
21-10-1994,13.9375,14.0625,66400.0,14.09375,13.9375,9.433965682983398
24-10-1994,13.8125,13.9375,34800.0,14.171875,13.8125,9.34936237335205
25-10-1994,13.6875,13.9375,11200.0,13.9375,13.6875,9.26474380493164
26-10-1994,13.6875,13.9375,32400.0,13.9375,13.9375,9.433965682983398
27-10-1994,13.71875,13.9375,162400.0,14.0,13.8125,9.34936237335205
28-10-1994,13.9375,14.0,262800.0,14.25,14.25,9.645492553710938
31-10-1994,14.0,14.0,14800.0,14.25,14.0,9.47627067565918
01-11-1994,14.1875,14.3125,37200.0,14.375,14.375,9.730097770690918
02-11-1994,14.1875,14.1875,28800.0,14.375,14.28125,9.666640281677246
03-11-1994,14.1875,14.375,40400.0,14.375,14.3125,9.687795639038086
04-11-1994,14.203125,14.375,7600.0,14.5625,14.203125,9.613762855529785
07-11-1994,14.25,14.5625,20000.0,14.5625,14.375,9.730097770690918
08-11-1994,14.5625,14.5625,114400.0,15.125,14.875,10.068537712097168
09-11-1994,14.8125,15.125,21200.0,15.125,14.8125,10.02623462677002
10-11-1994,14.8125,14.875,11200.0,15.0,14.875,10.068537712097168
11-11-1994,14.75,14.8125,46800.0,14.875,14.78125,10.005080223083496
14-11-1994,14.5625,14.65625,28400.0,14.8125,14.5625,9.857012748718262
15-11-1994,14.5,14.5,68800.0,14.875,14.59375,9.878170013427734
16-11-1994,14.5,14.6875,22000.0,14.6875,14.5625,9.857012748718262
17-11-1994,14.375,14.5625,44000.0,14.5625,14.46875,9.793558120727539
18-11-1994,14.375,14.375,32000.0,14.5625,14.375,9.730097770690918
21-11-1994,14.1875,14.46875,33600.0,14.5,14.1875,9.603182792663574
22-11-1994,14.0,14.0625,15600.0,14.25,14.0,9.47627067565918
23-11-1994,13.75,13.875,21200.0,14.125,13.9375,9.433965682983398
25-11-1994,13.875,13.875,23600.0,14.0625,13.875,9.391661643981934
28-11-1994,13.875,13.875,9200.0,14.1875,13.875,9.418814659118652
29-11-1994,13.875,13.875,31200.0,14.28125,14.1875,9.630949974060059
30-11-1994,14.0625,14.3125,50400.0,14.375,14.25,9.673383712768555
01-12-1994,14.25,14.25,16400.0,14.5,14.25,9.673383712768555
02-12-1994,14.25,14.25,93600.0,14.5,14.5,9.843086242675781
05-12-1994,14.375,14.5,23200.0,14.5625,14.40625,9.779444694519043
06-12-1994,14.25,14.375,12800.0,14.4375,14.25,9.673383712768555
07-12-1994,14.0625,14.25,39200.0,14.3125,14.125,9.58852481842041
08-12-1994,13.875,14.0625,45600.0,14.3125,13.875,9.418814659118652
09-12-1994,13.3125,13.75,144400.0,13.75,13.3125,9.036972999572754
12-12-1994,13.0,13.28125,179600.0,13.625,13.3125,9.036972999572754
13-12-1994,13.5,13.625,51200.0,13.875,13.875,9.418814659118652
14-12-1994,13.75,13.859375,24400.0,13.875,13.75,9.333964347839355
15-12-1994,13.9375,13.9375,25600.0,14.25,14.25,9.673383712768555
16-12-1994,13.9375,14.0,129200.0,14.25,14.03125,9.524881362915039
19-12-1994,14.09375,14.125,112400.0,14.625,14.5,9.843086242675781
20-12-1994,14.4375,14.625,21200.0,14.625,14.5625,9.885512351989746
21-12-1994,14.4375,14.4375,54000.0,14.75,14.75,10.012792587280273
22-12-1994,14.625,14.75,46000.0,14.875,14.75,10.012792587280273
23-12-1994,14.6875,14.859375,34000.0,14.875,14.875,10.097649574279785
27-12-1994,14.75,14.875,82000.0,15.25,15.25,10.35221004486084
28-12-1994,15.0,15.25,21600.0,15.25,15.1875,10.309784889221191
29-12-1994,15.0,15.0,10400.0,15.1875,15.0625,10.224928855895996
30-12-1994,15.0,15.125,80400.0,15.25,15.0,10.182504653930664
03-01-1995,14.6875,15.0625,118400.0,15.25,14.6875,9.970370292663574
04-01-1995,14.3125,14.625,138400.0,14.6875,14.3125,9.71580696105957
05-01-1995,14.3125,14.5,5200.0,14.5,14.3125,9.71580696105957
06-01-1995,14.3125,14.5,10000.0,14.625,14.625,9.927940368652344
09-01-1995,14.375,14.5,21200.0,14.625,14.4375,9.800661087036133
10-01-1995,14.25,14.625,57200.0,14.625,14.4375,9.800661087036133
11-01-1995,13.9375,14.25,70000.0,14.375,13.9375,9.4612398147583
12-01-1995,13.9375,13.9375,31600.0,14.1875,14.03125,9.524881362915039
13-01-1995,13.875,13.875,4800.0,14.1875,14.0,9.503670692443848
16-01-1995,14.0,14.1875,39200.0,14.1875,14.0,9.503670692443848
17-01-1995,14.0,14.0,7200.0,14.1875,14.09375,9.56731128692627
18-01-1995,14.0,14.1875,17600.0,14.1875,14.1875,9.630949974060059
19-01-1995,13.9375,14.1875,312800.0,14.1875,14.0625,9.546097755432129
20-01-1995,13.9375,13.9375,52000.0,14.25,14.25,9.673383712768555
23-01-1995,13.9375,13.9375,45600.0,14.25,14.25,9.673383712768555
24-01-1995,14.0,14.25,94000.0,14.25,14.25,9.673383712768555
25-01-1995,14.0,14.0,19600.0,14.25,14.25,9.673383712768555
26-01-1995,14.0,14.0,8800.0,14.25,14.09375,9.56731128692627
27-01-1995,14.0,14.25,7200.0,14.3125,14.3125,9.71580696105957
30-01-1995,14.0,14.15625,10800.0,14.3125,14.0,9.503670692443848
31-01-1995,14.0,14.3125,22400.0,14.3125,14.0625,9.546097755432129
01-02-1995,14.0,14.1875,34400.0,14.3125,14.125,9.58852481842041
02-02-1995,14.0,14.0625,16800.0,14.25,14.0,9.503670692443848
03-02-1995,14.0,14.25,51600.0,14.265625,14.25,9.673383712768555
06-02-1995,14.125,14.125,7600.0,14.25,14.25,9.673383712768555
07-02-1995,14.125,14.125,19600.0,14.25,14.1875,9.630949974060059
08-02-1995,14.0,14.125,106400.0,14.25,14.15625,9.609735488891602
09-02-1995,14.0625,14.1875,26000.0,14.25,14.1875,9.630949974060059
10-02-1995,14.0625,14.25,119600.0,14.25,14.25,9.673383712768555
13-02-1995,13.875,14.25,126000.0,14.25,13.9375,9.4612398147583
14-02-1995,13.75,13.8125,54800.0,14.0625,13.78125,9.35517692565918
15-02-1995,13.75,13.75,49200.0,13.9375,13.75,9.333964347839355
16-02-1995,13.75,13.9375,24800.0,13.9375,13.9375,9.4612398147583
17-02-1995,13.625,13.9375,96000.0,13.9375,13.78125,9.35517692565918
21-02-1995,13.4375,13.640625,36400.0,13.9375,13.4375,9.121827125549316
22-02-1995,13.4375,13.4375,106000.0,13.75,13.65625,9.270322799682617
23-02-1995,13.5625,13.75,166800.0,13.75,13.75,9.333964347839355
24-02-1995,13.625,13.625,78800.0,13.75,13.75,9.333964347839355
27-02-1995,13.625,13.75,389200.0,13.75,13.625,9.276087760925293
28-02-1995,13.75,13.875,32000.0,13.9375,13.9375,9.488842964172363
01-03-1995,13.75,13.9375,39600.0,13.96875,13.75,9.361198425292969
02-03-1995,13.625,13.9375,66800.0,13.9375,13.625,9.276087760925293
03-03-1995,13.625,13.875,52000.0,13.9375,13.75,9.361198425292969
06-03-1995,13.6875,13.6875,16000.0,14.0625,14.0625,9.573948860168457
07-03-1995,13.75,14.0625,24800.0,14.0625,14.0625,9.573948860168457
08-03-1995,14.0,14.25,20400.0,14.25,14.015625,9.542032241821289
09-03-1995,14.3125,14.3125,6800.0,14.3125,14.3125,9.74415397644043
10-03-1995,14.0,14.0,64400.0,14.3125,14.3125,9.74415397644043
13-03-1995,14.0,14.0,18800.0,14.4375,14.375,9.786703109741211
14-03-1995,14.0625,14.0625,18000.0,14.4375,14.25,9.701604843139648
15-03-1995,14.0625,14.0625,17600.0,14.4375,14.4375,9.829256057739258
16-03-1995,14.125,14.4375,58400.0,14.5,14.5,9.871807098388672
17-03-1995,14.25,14.5625,135600.0,14.8125,14.8125,10.084559440612793
20-03-1995,14.390625,14.5625,342000.0,14.6875,14.5625,9.914355278015137
21-03-1995,14.4375,14.453125,55200.0,14.625,14.5,9.871807098388672
22-03-1995,14.3125,14.375,38000.0,14.625,14.5,9.871807098388672
23-03-1995,14.25,14.5625,70800.0,14.5625,14.3125,9.74415397644043
24-03-1995,14.25,14.25,160400.0,14.5,14.5,9.871807098388672
27-03-1995,14.25,14.5,31600.0,14.5,14.25,9.701604843139648
28-03-1995,14.25,14.5,18800.0,14.5,14.25,9.701604843139648
29-03-1995,14.25,14.5,29200.0,14.5625,14.28125,9.722870826721191
30-03-1995,13.9375,14.5625,99200.0,14.5625,13.9375,9.488842964172363
31-03-1995,13.8125,14.03125,58800.0,14.125,13.8125,9.40374755859375
03-04-1995,13.8125,14.0,51200.0,14.03125,14.03125,9.552674293518066
04-04-1995,13.9375,13.9375,25600.0,14.0625,13.9375,9.488842964172363
05-04-1995,13.9375,14.0,296000.0,14.0625,14.03125,9.552674293518066
06-04-1995,13.9375,13.9375,12400.0,14.0625,13.9375,9.488842964172363
07-04-1995,13.8125,14.0625,141200.0,14.0625,14.0,9.531394958496094
10-04-1995,13.75,13.828125,114000.0,14.0,13.75,9.361198425292969
11-04-1995,13.875,13.875,5200.0,14.0625,14.0625,9.573948860168457
12-04-1995,13.75,14.0625,23600.0,14.0625,14.0,9.531394958496094
13-04-1995,13.8125,14.0625,140000.0,14.375,14.375,9.786703109741211
17-04-1995,14.0,14.0,20000.0,14.375,14.0,9.531394958496094
18-04-1995,13.8125,14.3125,56400.0,14.3125,14.0625,9.573948860168457
19-04-1995,13.765625,14.0625,83200.0,14.0625,13.765625,9.371828079223633
20-04-1995,13.75,13.765625,84400.0,14.125,14.125,9.61650276184082
21-04-1995,14.09375,14.1875,58800.0,14.4375,14.09375,9.595223426818848
24-04-1995,14.0625,14.0625,21200.0,14.25,14.0625,9.573948860168457
25-04-1995,13.875,13.9375,54400.0,14.0625,13.90625,9.467567443847656
26-04-1995,13.875,13.875,9200.0,14.1875,14.1875,9.659046173095703
27-04-1995,14.1875,14.1875,3200.0,14.25,14.25,9.701604843139648
28-04-1995,13.875,13.875,48000.0,14.1875,13.875,9.446294784545898
01-05-1995,13.875,13.875,54400.0,14.25,14.25,9.701604843139648
02-05-1995,14.0625,14.1875,51200.0,14.375,14.125,9.61650276184082
03-05-1995,14.125,14.375,10000.0,14.375,14.375,9.786703109741211
04-05-1995,14.125,14.375,53200.0,14.375,14.28125,9.722870826721191
05-05-1995,14.125,14.125,56000.0,14.375,14.375,9.786703109741211
08-05-1995,14.125,14.125,9200.0,14.375,14.125,9.61650276184082
09-05-1995,14.125,14.125,14400.0,14.375,14.125,9.61650276184082
10-05-1995,14.125,14.21875,1200.0,14.25,14.25,9.701604843139648
11-05-1995,14.0,14.375,4800.0,14.375,14.375,9.786703109741211
12-05-1995,14.1875,14.375,20000.0,14.375,14.375,9.786703109741211
15-05-1995,14.0625,14.375,5600.0,14.375,14.375,9.786703109741211
16-05-1995,14.0625,14.25,24800.0,14.375,14.3125,9.74415397644043
17-05-1995,14.125,14.4375,36000.0,14.4375,14.125,9.61650276184082
18-05-1995,14.125,14.125,18000.0,14.3125,14.28125,9.722870826721191
19-05-1995,14.0,14.4375,131200.0,14.4375,14.1875,9.659046173095703
22-05-1995,13.875,14.015625,35600.0,14.125,13.90625,9.467567443847656
23-05-1995,13.875,13.875,28000.0,14.1875,14.125,9.61650276184082
24-05-1995,13.9375,13.9375,207200.0,14.25,13.9375,9.488842964172363
25-05-1995,13.9375,13.9375,140400.0,14.25,13.9375,9.488842964172363
26-05-1995,13.9375,13.953125,22400.0,14.25,14.25,9.729525566101074
30-05-1995,13.9375,13.9375,12000.0,14.25,14.1875,9.686848640441895
31-05-1995,13.8125,13.875,55600.0,14.1875,14.125,9.64417839050293
01-06-1995,13.8125,14.125,166000.0,14.125,14.125,9.64417839050293
02-06-1995,13.8125,13.8125,86400.0,13.9375,13.8125,9.43080997467041
05-06-1995,13.8125,14.0,245600.0,14.125,13.9375,9.516155242919922
06-06-1995,13.8125,14.125,9200.0,14.125,14.125,9.64417839050293
07-06-1995,13.8125,14.125,40000.0,14.125,13.8125,9.43080997467041
08-06-1995,13.8125,13.84375,123200.0,14.125,13.8125,9.43080997467041
09-06-1995,13.8125,13.8125,90400.0,14.125,14.125,9.64417839050293
12-06-1995,13.6875,14.125,229200.0,14.125,13.6875,9.345462799072266
13-06-1995,13.6875,13.6875,22400.0,13.875,13.71875,9.366799354553223
14-06-1995,13.625,13.8125,19600.0,13.8125,13.625,9.302787780761719
15-06-1995,13.625,13.8125,48000.0,13.8125,13.78125,9.409476280212402
16-06-1995,13.625,13.625,177600.0,13.8125,13.625,9.302787780761719
19-06-1995,13.625,13.625,44400.0,13.875,13.875,9.47348403930664
20-06-1995,13.6875,13.921875,48800.0,13.9375,13.9375,9.516155242919922
21-06-1995,13.625,13.875,70400.0,13.9375,13.9375,9.516155242919922
22-06-1995,13.625,13.9375,36800.0,13.9375,13.78125,9.409476280212402
23-06-1995,13.625,13.921875,83600.0,13.9375,13.9375,9.516155242919922
26-06-1995,13.625,13.875,24400.0,13.9375,13.6875,9.345462799072266
27-06-1995,13.625,13.78125,108400.0,13.9375,13.625,9.302787780761719
28-06-1995,13.625,13.625,161200.0,13.9375,13.625,9.302787780761719
29-06-1995,13.625,13.625,18000.0,13.9375,13.78125,9.409476280212402
30-06-1995,13.625,13.625,30800.0,13.9375,13.625,9.302787780761719
03-07-1995,13.625,13.625,9600.0,13.9375,13.921875,9.505486488342285
05-07-1995,13.625,13.9375,139200.0,13.9375,13.9375,9.516155242919922
06-07-1995,13.625,13.625,36000.0,13.9375,13.78125,9.409476280212402
07-07-1995,13.625,13.78125,92800.0,13.9375,13.65625,9.32413101196289
10-07-1995,13.625,13.9375,45600.0,13.9375,13.8125,9.43080997467041
11-07-1995,13.625,13.78125,561200.0,13.9375,13.9375,9.516155242919922
12-07-1995,13.6875,13.71875,55200.0,13.9375,13.6875,9.345462799072266
13-07-1995,13.6875,13.84375,216000.0,13.9375,13.9375,9.516155242919922
14-07-1995,13.6875,13.875,353600.0,13.9375,13.8125,9.43080997467041
17-07-1995,13.6875,13.6875,718800.0,13.9375,13.9375,9.516155242919922
18-07-1995,13.75,13.9375,84000.0,13.9375,13.84375,9.452142715454102
19-07-1995,13.625,13.9375,46800.0,14.0,13.625,9.302787780761719
20-07-1995,13.625,14.0,56400.0,14.0,13.75,9.388139724731445
21-07-1995,13.625,13.8125,41600.0,13.875,13.8125,9.43080997467041
24-07-1995,13.6875,13.875,51600.0,13.875,13.6875,9.345462799072266
25-07-1995,13.625,13.875,849200.0,13.875,13.8125,9.43080997467041
26-07-1995,13.625,14.0,254400.0,14.0,13.625,9.302787780761719
27-07-1995,13.625,13.9375,60400.0,13.9375,13.9375,9.516155242919922
28-07-1995,13.625,13.9375,159600.0,13.9375,13.625,9.302787780761719
31-07-1995,13.6875,13.6875,159600.0,13.9375,13.9375,9.516155242919922
01-08-1995,13.75,13.75,193600.0,14.0,14.0,9.558830261230469
02-08-1995,13.75,14.0,171200.0,14.0,13.84375,9.452142715454102
03-08-1995,13.6875,13.75,64000.0,14.0,13.6875,9.345462799072266
04-08-1995,13.6875,14.0,63200.0,14.0,13.84375,9.452142715454102
07-08-1995,13.6875,14.0,8400.0,14.0,13.6875,9.345462799072266
08-08-1995,13.6875,14.0,7200.0,14.0,13.6875,9.345462799072266
09-08-1995,13.71875,13.71875,35600.0,14.0,14.0,9.558830261230469
10-08-1995,13.6875,13.6875,42000.0,14.0,13.6875,9.345462799072266
11-08-1995,13.6875,13.6875,36800.0,14.0,13.96875,9.537496566772461
14-08-1995,13.9375,14.0625,153600.0,14.125,14.09375,9.622838020324707
15-08-1995,14.015625,14.125,35200.0,14.25,14.25,9.729525566101074
16-08-1995,14.0625,14.25,159600.0,14.375,14.125,9.64417839050293
17-08-1995,14.125,14.375,83200.0,14.4375,14.421875,9.84687614440918
18-08-1995,14.25,14.5,158800.0,14.5,14.4375,9.857545852661133
21-08-1995,14.25,14.25,153600.0,14.5,14.4375,9.857545852661133
22-08-1995,14.3125,14.3125,102400.0,14.5,14.3125,9.772195816040039
23-08-1995,14.3125,14.4375,135200.0,14.5625,14.375,9.814872741699219
24-08-1995,14.375,14.375,53600.0,14.625,14.375,9.814872741699219
25-08-1995,14.375,14.375,104000.0,14.625,14.375,9.814872741699219
28-08-1995,14.375,14.625,89600.0,14.625,14.40625,9.836204528808594
29-08-1995,14.25,14.375,144400.0,14.4375,14.34375,9.793536186218262
30-08-1995,14.25,14.34375,20400.0,14.4375,14.34375,9.793536186218262
31-08-1995,14.0,14.4375,87200.0,14.5,14.25,9.756734848022461
01-09-1995,14.0,14.0,58000.0,14.25,14.125,9.67114543914795
05-09-1995,14.0,14.125,92000.0,14.25,14.25,9.756734848022461
06-09-1995,14.0625,14.25,72800.0,14.25,14.1875,9.71393871307373
07-09-1995,14.0625,14.0625,8000.0,14.25,14.25,9.756734848022461
08-09-1995,14.0625,14.21875,22800.0,14.25,14.15625,9.692543983459473
11-09-1995,14.0625,14.125,39600.0,14.375,14.1875,9.71393871307373
12-09-1995,14.125,14.375,52800.0,14.4375,14.3125,9.799524307250977
13-09-1995,14.40625,14.4375,33600.0,14.5,14.40625,9.863710403442383
14-09-1995,14.3125,14.5,100000.0,14.5,14.5,9.927902221679688
15-09-1995,14.3125,14.3125,179200.0,14.6875,14.5,9.927902221679688
18-09-1995,14.4375,14.5625,99200.0,14.625,14.4375,9.885108947753906
19-09-1995,14.4375,14.65625,104800.0,14.6875,14.6875,10.05628490447998
20-09-1995,14.4375,14.4375,33600.0,14.75,14.75,10.099072456359863
21-09-1995,14.5625,14.75,56400.0,14.8125,14.5625,9.970691680908203
22-09-1995,14.5625,14.8125,102800.0,14.8125,14.6875,10.05628490447998
25-09-1995,14.5625,14.5625,19200.0,14.875,14.8125,10.141863822937012
26-09-1995,14.625,14.8125,33200.0,14.875,14.6875,10.05628490447998
27-09-1995,14.5,14.625,107200.0,14.75,14.5625,9.970691680908203
28-09-1995,14.5625,14.8125,34800.0,14.8125,14.8125,10.141863822937012
29-09-1995,14.5,14.75,26800.0,14.796875,14.6875,10.05628490447998
02-10-1995,14.5625,14.8125,43200.0,14.8125,14.5625,9.970691680908203
03-10-1995,14.4375,14.5625,68400.0,14.6875,14.6875,10.05628490447998
04-10-1995,14.28125,14.4375,115600.0,14.5625,14.28125,9.778130531311035
05-10-1995,14.125,14.28125,66000.0,14.375,14.15625,9.692543983459473
06-10-1995,14.125,14.1875,71200.0,14.25,14.125,9.67114543914795
09-10-1995,13.84375,14.125,59600.0,14.25,13.9375,9.542764663696289
10-10-1995,13.8125,13.875,70800.0,13.9375,13.9375,9.542764663696289
11-10-1995,13.8125,14.0,100000.0,14.0,14.0,9.585561752319336
12-10-1995,13.8125,14.0,16000.0,14.0,13.875,9.499970436096191
13-10-1995,13.8125,14.0,13600.0,14.0,13.84375,9.478580474853516
16-10-1995,13.765625,14.0,57200.0,14.0,13.84375,9.478580474853516
17-10-1995,13.75,13.875,48400.0,13.890625,13.890625,9.5106782913208
18-10-1995,13.8125,13.9375,103600.0,13.9375,13.875,9.499970436096191
19-10-1995,13.8125,13.875,84400.0,13.875,13.875,9.499970436096191
20-10-1995,13.8125,13.8125,58800.0,14.0625,13.8125,9.457181930541992
23-10-1995,13.8125,14.0625,24400.0,14.0625,14.0625,9.6283540725708
24-10-1995,13.8125,14.03125,152000.0,14.5,14.3125,9.799524307250977
25-10-1995,14.25,14.5,41200.0,14.5,14.25,9.756734848022461
26-10-1995,14.25,14.4375,20800.0,14.4375,14.4375,9.885108947753906
27-10-1995,14.25,14.25,30800.0,14.4375,14.3125,9.799524307250977
30-10-1995,14.375,14.4375,48000.0,14.5625,14.46875,9.906511306762695
31-10-1995,14.4375,14.5,364400.0,14.8125,14.4375,9.885108947753906
01-11-1995,14.4375,14.453125,29200.0,14.5625,14.5,9.927902221679688
02-11-1995,14.4375,14.5,54000.0,14.5625,14.5,9.927902221679688
03-11-1995,14.4375,14.5,80000.0,14.5625,14.53125,9.949295997619629
06-11-1995,14.4375,14.53125,79200.0,14.53125,14.453125,9.895809173583984
07-11-1995,14.4375,14.4375,70800.0,14.53125,14.4375,9.885108947753906
08-11-1995,14.4375,14.4375,26400.0,14.5625,14.5625,9.970691680908203
09-11-1995,14.4375,14.4375,31600.0,14.5625,14.4375,9.885108947753906
10-11-1995,14.4375,14.5625,32000.0,14.5625,14.4375,9.885108947753906
13-11-1995,14.0625,14.4375,172400.0,14.5625,14.09375,9.649750709533691
14-11-1995,14.0,14.0625,63200.0,14.3125,14.0,9.585561752319336
15-11-1995,14.0,14.3125,38800.0,14.3125,14.0,9.585561752319336
16-11-1995,13.9375,14.234375,26000.0,14.234375,14.15625,9.692543983459473
17-11-1995,14.0,14.1875,117600.0,14.3125,14.1875,9.71393871307373
20-11-1995,14.0625,14.3125,8400.0,14.3125,14.25,9.756734848022461
21-11-1995,14.0625,14.3125,30800.0,14.3125,14.3125,9.799524307250977
22-11-1995,14.0625,14.0625,21600.0,14.3125,14.0625,9.6283540725708
24-11-1995,14.0625,14.0625,55200.0,14.3125,14.3125,9.799524307250977
27-11-1995,14.0625,14.375,21600.0,14.375,14.375,9.842320442199707
28-11-1995,14.125,14.125,39600.0,14.375,14.34375,9.820920944213867
29-11-1995,14.25,14.375,51200.0,14.375,14.375,9.87329387664795
30-11-1995,14.25,14.25,11600.0,14.375,14.375,9.87329387664795
01-12-1995,14.25,14.3125,80000.0,14.5,14.375,9.87329387664795
04-12-1995,14.25,14.5,115200.0,14.5,14.5,9.959145545959473
05-12-1995,14.3125,14.3125,18400.0,14.5,14.5,9.959145545959473
06-12-1995,14.3125,14.5,22400.0,14.5,14.40625,9.894759178161621
07-12-1995,14.3125,14.3125,62800.0,14.5,14.3125,9.830363273620605
08-12-1995,14.3125,14.4375,66800.0,14.4375,14.3125,9.830363273620605
11-12-1995,14.3125,14.4375,18800.0,14.4375,14.375,9.87329387664795
12-12-1995,14.3125,14.4375,169200.0,14.4375,14.3125,9.830363273620605
13-12-1995,13.9375,14.0625,43200.0,14.25,14.25,9.787436485290527
14-12-1995,14.0625,14.25,53600.0,14.25,14.0625,9.658655166625977
15-12-1995,14.125,14.1875,92000.0,14.3125,14.21875,9.765975952148438
18-12-1995,14.0625,14.125,165600.0,14.3125,14.125,9.701580047607422
19-12-1995,14.0625,14.1875,38000.0,14.375,14.0625,9.658655166625977
20-12-1995,14.0625,14.0625,53200.0,14.25,14.0625,9.658655166625977
21-12-1995,14.0625,14.1875,43600.0,14.1875,14.125,9.701580047607422
22-12-1995,14.0625,14.0625,225600.0,14.1875,14.0625,9.658655166625977
26-12-1995,14.0625,14.125,17200.0,14.1875,14.125,9.701580047607422
27-12-1995,14.0625,14.0625,20000.0,14.1875,14.0625,9.658655166625977
28-12-1995,14.0625,14.125,35600.0,14.375,14.0625,9.658655166625977
29-12-1995,14.0625,14.375,38000.0,14.375,14.0625,9.658655166625977
02-01-1996,13.875,14.0625,68000.0,14.125,14.0,9.615728378295898
03-01-1996,13.75,13.75,55600.0,14.0,14.0,9.615728378295898
04-01-1996,13.75,14.0,40000.0,14.0,14.0,9.615728378295898
05-01-1996,13.75,13.75,87200.0,14.125,14.0625,9.658655166625977
08-01-1996,14.0625,14.0625,2000.0,14.0625,14.0625,9.658655166625977
09-01-1996,14.0625,14.0625,40400.0,14.125,14.0625,9.658655166625977
10-01-1996,14.0,14.125,40800.0,14.125,14.0,9.615728378295898
11-01-1996,13.9375,13.9375,54400.0,14.1875,14.0,9.615728378295898
12-01-1996,13.9375,13.9375,98400.0,14.1875,14.0,9.615728378295898
15-01-1996,13.9375,13.9375,49600.0,14.0,13.9375,9.572799682617188
16-01-1996,13.9375,14.1875,93600.0,14.1875,14.1875,9.744508743286133
17-01-1996,13.9375,13.9375,17600.0,14.1875,14.125,9.701580047607422
18-01-1996,13.9375,13.9375,8000.0,14.1875,14.1875,9.744508743286133
19-01-1996,13.9375,13.9375,457600.0,14.25,13.953125,9.583534240722656
22-01-1996,13.9375,13.9375,9600.0,13.9375,13.9375,9.572799682617188
23-01-1996,13.9375,13.9375,380800.0,14.125,14.0,9.615728378295898
24-01-1996,13.8125,13.9375,185600.0,14.03125,13.8125,9.48694896697998
25-01-1996,13.6875,13.8125,37200.0,13.9375,13.9375,9.572799682617188
26-01-1996,13.6875,13.8125,17600.0,13.9375,13.6875,9.401090621948242
29-01-1996,13.6875,13.6875,94000.0,13.90625,13.6875,9.401090621948242
30-01-1996,13.6875,13.6875,32000.0,13.875,13.875,9.529870986938477
31-01-1996,13.5,13.875,231600.0,13.875,13.5,9.272307395935059
01-02-1996,13.5,13.5,73600.0,13.6875,13.5,9.272307395935059
02-02-1996,13.5,13.6875,76000.0,13.6875,13.5625,9.315237045288086
05-02-1996,13.5,13.5,40800.0,13.6875,13.5,9.272307395935059
06-02-1996,13.3125,13.5,88400.0,13.625,13.3125,9.14352798461914
07-02-1996,13.25,13.625,306400.0,13.625,13.25,9.100600242614746
08-02-1996,13.25,13.5,43200.0,13.5,13.25,9.100600242614746
09-02-1996,13.25,13.25,49200.0,13.4375,13.4375,9.22938060760498
12-02-1996,13.25,13.4375,73600.0,13.4375,13.40625,9.207913398742676
13-02-1996,13.25,13.375,28400.0,13.4375,13.25,9.100600242614746
14-02-1996,13.25,13.4375,246400.0,13.5,13.5,9.272307395935059
15-02-1996,13.3125,13.3125,119200.0,13.625,13.625,9.35816764831543
16-02-1996,13.3125,13.625,13200.0,13.625,13.46875,9.250850677490234
20-02-1996,13.25,13.625,280000.0,13.625,13.40625,9.207913398742676
21-02-1996,13.25,13.3125,310800.0,13.5625,13.5,9.272307395935059
22-02-1996,13.25,13.265625,33600.0,13.5625,13.25,9.100600242614746
23-02-1996,13.5,13.5625,324800.0,13.8125,13.8125,9.48694896697998
26-02-1996,13.6875,13.8125,306800.0,13.9375,13.75,9.444023132324219
27-02-1996,13.875,13.9375,278000.0,14.125,14.125,9.701580047607422
28-02-1996,14.0,14.125,214800.0,14.375,14.375,9.904850006103516
29-02-1996,14.125,14.375,122000.0,14.375,14.125,9.732587814331055
01-03-1996,14.0625,14.3125,69600.0,14.3125,14.0625,9.68952751159668
04-03-1996,14.125,14.25,212400.0,14.375,14.375,9.904850006103516
05-03-1996,14.1875,14.25,98000.0,14.4375,14.4375,9.947916030883789
06-03-1996,14.125,14.125,51200.0,14.4375,14.4375,9.947916030883789
07-03-1996,14.1875,14.4375,60800.0,14.5,14.4375,9.947916030883789
08-03-1996,14.125,14.4375,37600.0,14.4375,14.3125,9.861783027648926
11-03-1996,14.125,14.3125,67200.0,14.4375,14.4375,9.947916030883789
12-03-1996,14.375,14.4375,51200.0,14.5,14.46875,9.969451904296875
13-03-1996,14.375,14.5,79200.0,14.5625,14.4375,9.947916030883789
14-03-1996,14.4375,14.5625,55600.0,14.625,14.5,9.990974426269531
15-03-1996,14.5,14.625,98800.0,14.6875,14.5,9.990974426269531
18-03-1996,14.5,14.6875,16400.0,14.6875,14.5,9.990974426269531
19-03-1996,14.5,14.6875,89600.0,14.6875,14.625,10.077104568481445
20-03-1996,14.5,14.75,126400.0,15.0625,14.9375,10.292428016662598
21-03-1996,14.875,14.9375,78000.0,15.0625,15.0,10.335494041442871
22-03-1996,14.875,15.0,119200.0,15.0625,14.96875,10.313958168029785
25-03-1996,14.875,15.0,107600.0,15.0625,15.0625,10.378557205200195
26-03-1996,14.875,14.875,129200.0,15.5,15.5,10.680010795593262
27-03-1996,15.25,15.3125,100000.0,15.5,15.375,10.593886375427246
28-03-1996,15.125,15.3125,108000.0,15.4375,15.28125,10.529284477233887
29-03-1996,15.125,15.3125,188800.0,15.375,15.1875,10.464686393737793
01-04-1996,15.1875,15.1875,80400.0,15.5,15.1875,10.464686393737793
02-04-1996,15.203125,15.5,51200.0,15.5,15.21875,10.486221313476562
03-04-1996,14.875,15.1875,53200.0,15.3125,15.125,10.421623229980469
04-04-1996,14.875,14.875,54800.0,15.0625,14.875,10.249364852905273
08-04-1996,14.6875,15.0,50000.0,15.0,14.6875,10.120173454284668
09-04-1996,14.625,14.84375,133200.0,15.0,14.80859375,10.203606605529785
10-04-1996,14.625,14.625,6400.0,15.0,14.875,10.249364852905273
11-04-1996,14.625,14.875,6400.0,14.875,14.625,10.077104568481445
12-04-1996,14.625,14.875,82000.0,15.0625,14.890625,10.260130882263184
15-04-1996,14.9375,14.9375,33600.0,15.125,15.125,10.421623229980469
16-04-1996,14.9375,15.0625,166400.0,15.296875,15.03125,10.357025146484375
17-04-1996,15.0,15.125,76800.0,15.3125,15.25,10.507752418518066
18-04-1996,15.0,15.03125,50400.0,15.3125,15.03125,10.357025146484375
19-04-1996,15.03125,15.3125,116000.0,15.3125,15.15625,10.443160057067871
22-04-1996,15.03125,15.375,18000.0,15.375,15.0625,10.378557205200195
23-04-1996,15.03125,15.375,22800.0,15.375,15.03125,10.357025146484375
24-04-1996,15.0,15.0,16800.0,15.25,15.1875,10.464686393737793
25-04-1996,14.875,15.0,84000.0,15.0625,15.0625,10.378557205200195
26-04-1996,14.875,14.875,23200.0,15.0625,14.90625,10.27089786529541
29-04-1996,14.9375,15.0625,92000.0,15.125,15.125,10.421623229980469
30-04-1996,14.9375,14.9375,18000.0,15.125,15.125,10.421623229980469
01-05-1996,14.9375,15.125,33600.0,15.25,15.1875,10.464686393737793
02-05-1996,14.9375,15.25,8800.0,15.25,15.1875,10.464686393737793
03-05-1996,15.0,15.0,27600.0,15.3125,15.21875,10.486221313476562
06-05-1996,15.0625,15.3125,7600.0,15.3125,15.3125,10.550814628601074
07-05-1996,15.0625,15.28125,11200.0,15.3125,15.0625,10.378557205200195
08-05-1996,15.0625,15.0625,62000.0,15.3125,15.0625,10.378557205200195
09-05-1996,15.0625,15.0625,89200.0,15.3125,15.3125,10.550814628601074
10-05-1996,14.9375,15.0625,86400.0,15.25,14.9375,10.292428016662598
13-05-1996,14.9375,14.9375,31200.0,15.25,15.25,10.507752418518066
14-05-1996,15.0,15.0,78400.0,15.25,15.25,10.507752418518066
15-05-1996,15.0,15.0625,119600.0,15.25,15.25,10.507752418518066
16-05-1996,15.0,15.25,8000.0,15.25,15.25,10.507752418518066
17-05-1996,15.0,15.25,34000.0,15.25,15.0,10.335494041442871
20-05-1996,15.0,15.15625,70400.0,15.3125,15.0,10.335494041442871
21-05-1996,15.0625,15.3125,17200.0,15.3125,15.1875,10.464686393737793
22-05-1996,14.9375,15.3125,53600.0,15.3125,15.0625,10.378557205200195
23-05-1996,14.6875,15.0625,196800.0,15.125,14.6875,10.120173454284668
24-05-1996,14.5,14.6875,200800.0,14.78125,14.53125,10.012510299682617
28-05-1996,14.25,14.5,168800.0,14.75,14.75,10.163233757019043
29-05-1996,14.5625,14.875,52000.0,14.875,14.875,10.280729293823242
30-05-1996,14.625,14.875,54800.0,14.875,14.75,10.1943359375
31-05-1996,14.6875,14.6875,46400.0,15.0625,14.75,10.1943359375
03-06-1996,14.6875,14.75,14800.0,15.0625,14.6875,10.151140213012695
04-06-1996,14.6875,15.0,36400.0,15.0625,15.0625,10.410321235656738
05-06-1996,14.6875,15.0625,26800.0,15.0625,14.78125,10.215934753417969
06-06-1996,14.6875,14.9375,26000.0,14.9375,14.75,10.1943359375
07-06-1996,14.5,14.75,24400.0,14.75,14.5,10.0215482711792
10-06-1996,14.4375,14.6875,32400.0,14.75,14.5,10.0215482711792
11-06-1996,14.3125,14.625,40000.0,14.625,14.3125,9.891958236694336
12-06-1996,14.3125,14.5,16400.0,14.5,14.5,10.0215482711792
13-06-1996,14.3125,14.5,28400.0,14.5,14.3125,9.891958236694336
14-06-1996,14.3125,14.5,15600.0,14.5,14.34375,9.913558959960938
17-06-1996,14.3125,14.40625,19200.0,14.5,14.5,10.0215482711792
18-06-1996,14.3125,14.3125,26800.0,14.5,14.5,10.0215482711792
19-06-1996,14.25,14.5,61600.0,14.5,14.34375,9.913558959960938
20-06-1996,14.25,14.4375,9600.0,14.4375,14.34375,9.913558959960938
21-06-1996,14.25,14.25,46000.0,14.4375,14.25,9.848766326904297
24-06-1996,14.125,14.25,38400.0,14.4375,14.25,9.848766326904297
25-06-1996,14.125,14.125,60000.0,14.25,14.25,9.848766326904297
26-06-1996,14.125,14.25,41200.0,14.3125,14.125,9.762373924255371
27-06-1996,14.125,14.125,37200.0,14.3125,14.3125,9.891958236694336
28-06-1996,14.125,14.125,203200.0,14.3125,14.125,9.762373924255371
01-07-1996,14.125,14.21875,72400.0,14.3125,14.125,9.762373924255371
02-07-1996,14.125,14.3125,39600.0,14.3125,14.25,9.848766326904297
03-07-1996,14.125,14.125,32400.0,14.3125,14.3125,9.891958236694336
05-07-1996,14.1875,14.1875,2000.0,14.25,14.25,9.848766326904297
08-07-1996,14.1875,14.21875,6000.0,14.3125,14.1875,9.805572509765625
09-07-1996,14.125,14.3125,381200.0,14.3125,14.1875,9.805572509765625
10-07-1996,14.125,14.125,33600.0,14.3125,14.28125,9.870359420776367
11-07-1996,14.125,14.12890625,48000.0,14.3125,14.125,9.762373924255371
12-07-1996,14.0,14.125,52400.0,14.3125,14.0,9.675978660583496
15-07-1996,12.5,13.875,130800.0,14.0,12.5625,8.682465553283691
16-07-1996,11.375,12.5625,453200.0,12.5625,11.75,8.120912551879883
17-07-1996,11.625,11.75,64800.0,12.125,12.125,8.38009262084961
18-07-1996,11.8125,12.125,62000.0,12.1875,12.1875,8.42328929901123
19-07-1996,12.125,12.375,165200.0,12.75,12.625,8.725663185119629
22-07-1996,12.625,12.8125,51600.0,13.0,13.0,8.984832763671875
23-07-1996,12.6875,13.0,282400.0,13.0,12.6875,8.768858909606934
24-07-1996,12.625,12.625,469600.0,12.8125,12.625,8.725663185119629
25-07-1996,12.625,12.625,81200.0,12.75,12.75,8.812058448791504
26-07-1996,12.625,12.75,196000.0,12.75,12.71875,8.79045581817627
29-07-1996,12.625,12.75,21600.0,12.75,12.6875,8.768858909606934
30-07-1996,12.625,12.75,42400.0,12.75,12.625,8.725663185119629
31-07-1996,12.625,12.625,44400.0,12.75,12.625,8.725663185119629
01-08-1996,12.625,12.625,10800.0,12.75,12.75,8.812058448791504
02-08-1996,12.625,12.625,20000.0,12.75,12.71875,8.79045581817627
05-08-1996,12.625,12.625,20800.0,12.71875,12.71875,8.79045581817627
06-08-1996,12.625,12.671875,38400.0,12.71875,12.640625,8.736461639404297
07-08-1996,12.625,12.625,38400.0,12.71875,12.71875,8.79045581817627
08-08-1996,12.625,12.625,27600.0,12.71875,12.6875,8.768858909606934
09-08-1996,12.625,12.71875,99600.0,12.71875,12.671875,8.758061408996582
12-08-1996,12.625,12.71875,45600.0,12.71875,12.6875,8.768858909606934
13-08-1996,12.65625,12.65625,800.0,12.71875,12.71875,8.79045581817627
14-08-1996,12.703125,12.71875,19600.0,12.71875,12.703125,8.779654502868652
15-08-1996,12.625,12.71875,232400.0,12.71875,12.71875,8.79045581817627
16-08-1996,12.625,12.71875,62000.0,12.71875,12.671875,8.758061408996582
19-08-1996,12.625,12.71875,62800.0,12.71875,12.625,8.725663185119629
20-08-1996,12.625,12.625,82400.0,12.71875,12.71875,8.79045581817627
21-08-1996,12.375,12.625,48000.0,12.6875,12.375,8.552874565124512
22-08-1996,12.375,12.375,201200.0,12.703125,12.5,8.63926887512207
23-08-1996,12.5,12.71875,259200.0,12.9375,12.9375,8.941644668579102
26-08-1996,12.6875,12.6875,28000.0,13.0,12.75,8.812058448791504
27-08-1996,12.6875,12.75,23200.0,13.0,13.0,8.984832763671875
28-08-1996,12.6875,12.75,100000.0,13.0,12.6875,8.799317359924316
29-08-1996,12.6875,12.6875,52400.0,12.9375,12.75,8.84266185760498
30-08-1996,12.6875,12.6875,53200.0,13.0,12.78125,8.86433219909668
03-09-1996,12.6875,12.6875,35600.0,13.0,12.75,8.84266185760498
04-09-1996,12.6875,12.6875,59600.0,13.0,12.8125,8.88601016998291
05-09-1996,12.6875,13.0625,86000.0,13.0625,12.75,8.84266185760498
06-09-1996,12.75,13.0625,36800.0,13.0625,13.0625,9.05939769744873
09-09-1996,12.75,12.75,7200.0,13.0625,12.75,8.84266185760498
10-09-1996,12.75,12.75,11200.0,13.0625,13.0,9.016046524047852
11-09-1996,12.75,12.75,26800.0,13.0625,13.0625,9.05939769744873
12-09-1996,12.875,12.875,12400.0,13.0625,12.96875,8.994379043579102
13-09-1996,13.0,13.0,12000.0,13.125,13.125,9.102742195129395
16-09-1996,12.875,13.1875,18800.0,13.1875,12.90625,8.951032638549805
17-09-1996,12.8125,13.1875,216000.0,13.1875,12.8125,8.88601016998291
18-09-1996,12.84375,12.875,86800.0,13.1875,13.0625,9.05939769744873
19-09-1996,12.875,13.1875,53600.0,13.1875,13.0,9.016046524047852
20-09-1996,12.875,13.0,67200.0,13.125,12.9375,8.972702980041504
23-09-1996,12.875,13.125,29600.0,13.125,12.875,8.929356575012207
24-09-1996,12.875,12.875,120800.0,13.1875,12.9375,8.972702980041504
25-09-1996,12.875,13.1875,25200.0,13.1875,13.1875,9.146085739135742
26-09-1996,12.875,12.875,58400.0,13.25,13.25,9.189435958862305
27-09-1996,13.0625,13.1875,47600.0,13.5625,13.5625,9.406167984008789
30-09-1996,13.625,13.625,96000.0,13.9375,13.9375,9.666243553161621
01-10-1996,13.625,13.625,32800.0,14.0,14.0,9.70959186553955
02-10-1996,13.75,13.75,49200.0,14.125,13.875,9.622895240783691
03-10-1996,13.875,14.0625,30000.0,14.125,14.125,9.796282768249512
04-10-1996,13.875,13.875,31200.0,14.125,13.875,9.622895240783691
07-10-1996,13.8125,13.8125,14000.0,14.125,13.875,9.622895240783691
08-10-1996,13.8125,13.8125,83200.0,14.125,13.8125,9.579551696777344
09-10-1996,13.8125,13.875,20400.0,13.875,13.8125,9.579551696777344
10-10-1996,13.8125,13.8125,20800.0,14.0,14.0,9.70959186553955
11-10-1996,13.8125,13.90625,17600.0,14.0,13.8125,9.579551696777344
14-10-1996,13.8125,13.90625,9200.0,14.0,13.8125,9.579551696777344
15-10-1996,13.8125,13.8125,34800.0,14.0,13.8125,9.579551696777344
16-10-1996,13.8125,14.0,10000.0,14.0,13.84375,9.601224899291992
17-10-1996,13.8125,13.8125,20800.0,14.0,14.0,9.70959186553955
18-10-1996,13.8125,13.8125,24000.0,14.0,14.0,9.70959186553955
21-10-1996,13.8125,13.8125,52000.0,14.1875,14.1875,9.839631080627441
22-10-1996,13.875,14.0625,47200.0,14.1875,13.9375,9.666243553161621
23-10-1996,13.8125,13.875,129200.0,14.0,13.8125,9.579551696777344
24-10-1996,13.8125,13.9375,15200.0,13.9375,13.8125,9.579551696777344
25-10-1996,13.8125,13.8125,40000.0,13.9375,13.8125,9.579551696777344
28-10-1996,13.8125,13.8125,18400.0,13.9375,13.8125,9.579551696777344
29-10-1996,13.6875,13.8125,23600.0,13.8125,13.6875,9.492859840393066
30-10-1996,13.6875,13.6875,72800.0,13.875,13.8125,9.579551696777344
31-10-1996,13.5,13.53125,76800.0,13.8125,13.75,9.53620719909668
01-11-1996,13.625,13.625,14400.0,13.8125,13.8125,9.579551696777344
04-11-1996,13.625,13.625,416800.0,13.8125,13.8125,9.579551696777344
05-11-1996,13.625,13.8125,132000.0,13.8125,13.71875,9.514533042907715
06-11-1996,13.625,13.71875,77200.0,13.8125,13.8125,9.579551696777344
07-11-1996,13.625,13.625,32400.0,13.8125,13.625,9.449515342712402
08-11-1996,13.625,13.8125,58800.0,13.8125,13.625,9.449515342712402
11-11-1996,13.625,13.625,68000.0,13.75,13.625,9.449515342712402
12-11-1996,13.625,13.625,19600.0,13.75,13.625,9.449515342712402
13-11-1996,13.625,13.75,36000.0,13.75,13.625,9.449515342712402
14-11-1996,13.625,13.6875,150400.0,13.75,13.625,9.449515342712402
15-11-1996,13.625,13.625,97200.0,13.75,13.625,9.449515342712402
18-11-1996,13.625,13.625,44800.0,13.75,13.625,9.449515342712402
19-11-1996,13.625,13.6875,74400.0,13.75,13.625,9.449515342712402
20-11-1996,13.625,13.625,86800.0,13.75,13.625,9.449515342712402
21-11-1996,13.625,13.625,127600.0,13.6875,13.625,9.449515342712402
22-11-1996,13.625,13.75,88000.0,13.75,13.625,9.449515342712402
25-11-1996,13.625,13.625,99200.0,13.6875,13.625,9.449515342712402
26-11-1996,13.625,13.6875,122800.0,13.6875,13.65625,9.471185684204102
27-11-1996,13.625,13.625,152400.0,13.6875,13.625,9.449515342712402
29-11-1996,13.625,13.625,169600.0,13.6875,13.625,9.449515342712402
02-12-1996,13.625,13.625,296800.0,13.9375,13.875,9.622895240783691
03-12-1996,13.6875,13.6875,14400.0,13.9375,13.9375,9.701204299926758
04-12-1996,13.75,13.75,274800.0,13.9375,13.84375,9.635948181152344
05-12-1996,13.8125,13.8125,8000.0,13.9375,13.8125,9.6141996383667
06-12-1996,13.8125,13.875,36400.0,14.1875,14.1875,9.875214576721191
09-12-1996,13.9375,13.9375,34400.0,14.1875,13.9375,9.701204299926758
10-12-1996,13.9375,14.09375,115200.0,14.25,14.25,9.918717384338379
11-12-1996,13.625,14.25,332400.0,14.25,13.9375,9.701204299926758
12-12-1996,13.59375,13.9375,24000.0,13.9375,13.875,9.657698631286621
13-12-1996,13.5625,13.5625,91200.0,13.875,13.875,9.657698631286621
16-12-1996,13.625,13.625,86800.0,14.0625,14.0625,9.788208961486816
17-12-1996,13.9375,14.0625,92000.0,14.75,14.5,10.092731475830078
18-12-1996,14.5,14.5,402000.0,15.125,14.9375,10.39725112915039
19-12-1996,14.75,14.75,107200.0,14.9375,14.9375,10.39725112915039
20-12-1996,14.5625,14.8125,174400.0,14.9375,14.75,10.266744613647461
23-12-1996,14.625,14.875,121200.0,15.3125,15.1875,10.571268081665039
24-12-1996,15.1875,15.1875,12400.0,15.25,15.25,10.614767074584961
26-12-1996,14.875,15.125,56800.0,15.25,15.0,10.440756797790527
27-12-1996,14.9375,15.25,66800.0,15.5,15.25,10.614767074584961
30-12-1996,15.1875,15.25,54000.0,15.75,15.5,10.78878116607666
31-12-1996,15.5,15.75,205600.0,16.25,15.9375,11.093303680419922
02-01-1997,15.4375,15.9375,104800.0,16.0,15.6875,10.919291496276855
03-01-1997,15.5625,15.5625,103600.0,15.9375,15.625,10.875791549682617
06-01-1997,15.625,15.875,168000.0,15.875,15.625,10.875791549682617
07-01-1997,15.625,15.625,72400.0,15.8125,15.8125,11.006298065185547
08-01-1997,15.625,15.6875,58800.0,15.8125,15.8125,11.006298065185547
09-01-1997,15.625,15.625,140000.0,16.0,15.6875,10.919291496276855
10-01-1997,15.625,15.875,32000.0,15.875,15.625,10.875791549682617
13-01-1997,15.625,15.625,51600.0,15.9375,15.75,10.962796211242676
14-01-1997,15.75,15.75,47600.0,15.9375,15.75,10.962796211242676
15-01-1997,15.75,15.75,63200.0,16.0625,15.9375,11.093303680419922
16-01-1997,15.875,16.0625,30000.0,16.0625,15.875,11.049800872802734
17-01-1997,15.875,15.875,72000.0,16.0,15.875,11.049800872802734
20-01-1997,15.875,15.875,34000.0,16.0,15.875,11.049800872802734
21-01-1997,15.875,15.875,66000.0,16.0,15.875,11.049800872802734
22-01-1997,15.375,16.0,96000.0,16.0,15.625,10.875791549682617
23-01-1997,15.375,15.375,23200.0,15.75,15.5,10.78878116607666
24-01-1997,15.375,15.375,43200.0,15.6875,15.6875,10.919291496276855
27-01-1997,15.5,15.5,21200.0,15.75,15.5625,10.832283973693848
28-01-1997,15.4375,15.5,37200.0,15.6875,15.4375,10.745280265808105
29-01-1997,15.375,15.4375,110000.0,15.75,15.625,10.875791549682617
30-01-1997,15.1875,15.375,92400.0,15.625,15.1875,10.571268081665039
31-01-1997,15.1875,15.1875,68000.0,15.5,15.1875,10.571268081665039
03-02-1997,15.1875,15.5,80400.0,15.5,15.1875,10.571268081665039
04-02-1997,15.1875,15.1875,66400.0,15.46875,15.1875,10.571268081665039
05-02-1997,15.1875,15.1875,33200.0,15.375,15.375,10.701781272888184
06-02-1997,15.1875,15.1875,21200.0,15.5,15.34375,10.68002700805664
07-02-1997,15.1875,15.1875,46000.0,15.5,15.5,10.78878116607666
10-02-1997,15.1875,15.1875,48000.0,15.5,15.1875,10.571268081665039
11-02-1997,15.1875,15.1875,29600.0,15.5,15.21875,10.593019485473633
12-02-1997,15.0625,15.0625,73200.0,15.25,15.0625,10.48426342010498
13-02-1997,15.0625,15.0625,36400.0,15.25,15.09375,10.506011962890625
14-02-1997,15.0625,15.0625,84000.0,15.1875,15.0625,10.48426342010498
18-02-1997,15.0625,15.0625,13200.0,15.1875,15.0625,10.48426342010498
19-02-1997,15.0625,15.1875,30800.0,15.3125,15.3125,10.658276557922363
20-02-1997,15.0625,15.0625,33600.0,15.3125,15.3125,10.658276557922363
21-02-1997,15.0,15.09375,158400.0,15.3125,15.0,10.440756797790527
24-02-1997,14.5625,15.0,68000.0,15.0,14.625,10.179740905761719
25-02-1997,14.375,14.6875,65600.0,14.75,14.5,10.092731475830078
26-02-1997,14.125,14.375,53200.0,14.625,14.21875,9.896970748901367
27-02-1997,14.125,14.125,13600.0,14.3125,14.125,9.831711769104004
28-02-1997,14.0,14.125,30400.0,14.375,14.0,9.744706153869629
03-03-1997,13.9375,14.03125,117200.0,14.1875,13.9375,9.701204299926758
04-03-1997,13.9375,13.9375,34000.0,14.1875,14.125,9.831711769104004
05-03-1997,14.0625,14.1875,27600.0,14.1875,14.125,9.86663818359375
06-03-1997,14.0,14.09375,84000.0,14.1875,14.0625,9.822981834411621
07-03-1997,14.0,14.125,21600.0,14.125,14.0625,9.822981834411621
10-03-1997,14.0,14.125,31200.0,14.125,14.0,9.77932357788086
11-03-1997,13.875,14.03125,119600.0,14.03125,13.875,9.692005157470703
12-03-1997,13.8125,13.9375,48400.0,13.9375,13.875,9.692005157470703
13-03-1997,13.625,13.8125,48400.0,13.875,13.625,9.517376899719238
14-03-1997,13.625,13.625,50000.0,13.8125,13.625,9.517376899719238
17-03-1997,13.625,13.625,189600.0,14.0,13.75,9.604695320129395
18-03-1997,13.75,14.0625,23200.0,14.0625,13.75,9.604695320129395
19-03-1997,13.75,13.90625,64800.0,14.0625,13.75,9.604695320129395
20-03-1997,13.75,13.75,84400.0,14.0625,13.84375,9.670177459716797
21-03-1997,13.84375,14.0625,312800.0,14.0625,13.84375,9.670177459716797
24-03-1997,13.8125,13.84375,13600.0,13.9375,13.8125,9.648351669311523
25-03-1997,13.8125,13.8125,227200.0,13.9375,13.828125,9.659260749816895
26-03-1997,13.5,13.90625,304400.0,13.90625,13.625,9.517376899719238
27-03-1997,13.25,13.625,48000.0,13.625,13.25,9.255430221557617
31-03-1997,12.59375,13.4375,202400.0,13.4375,12.8125,8.949828147888184
01-04-1997,12.5,12.8125,94800.0,12.8125,12.5,8.731541633605957
02-04-1997,12.1875,12.6875,233600.0,12.6875,12.375,8.644224166870117
03-04-1997,12.125,12.375,85600.0,12.375,12.1875,8.513251304626465
04-04-1997,11.78125,12.375,392800.0,12.375,11.875,8.294961929321289
07-04-1997,11.78125,12.0625,532400.0,12.375,12.375,8.644224166870117
08-04-1997,12.125,12.375,115600.0,12.375,12.375,8.644224166870117
09-04-1997,12.28125,12.5625,209600.0,12.6875,12.5,8.731541633605957
10-04-1997,12.625,12.6875,244000.0,12.75,12.625,8.81885814666748
11-04-1997,12.5,12.75,160400.0,12.8125,12.75,8.906167984008789
14-04-1997,12.5,12.75,189200.0,12.8125,12.8125,8.949828147888184
15-04-1997,12.125,12.625,186000.0,12.8125,12.125,8.46959400177002
16-04-1997,12.125,12.4375,276000.0,12.625,12.5625,8.775193214416504
17-04-1997,12.25,12.3125,34400.0,12.5625,12.5625,8.775193214416504
18-04-1997,12.25,12.25,165600.0,12.625,12.625,8.81885814666748
21-04-1997,12.1875,12.625,179200.0,12.625,12.328125,8.611477851867676
22-04-1997,12.1875,12.1875,35600.0,12.4375,12.28125,8.57873821258545
23-04-1997,12.1875,12.25,240400.0,12.4375,12.28125,8.57873821258545
24-04-1997,12.265625,12.375,32400.0,12.375,12.265625,8.567824363708496
25-04-1997,12.1875,12.1875,24800.0,12.375,12.1875,8.513251304626465
28-04-1997,12.1875,12.375,238000.0,12.40625,12.34375,8.622396469116211
29-04-1997,12.3125,12.40625,162400.0,12.46875,12.46875,8.709708213806152
30-04-1997,12.375,12.5,24400.0,12.5,12.5,8.731541633605957
01-05-1997,12.375,12.375,200000.0,12.625,12.625,8.81885814666748
02-05-1997,12.5,12.6875,53200.0,13.0,12.8125,8.949828147888184
05-05-1997,12.875,13.0625,163600.0,13.1875,12.90625,9.015313148498535
06-05-1997,12.8125,12.875,148400.0,13.1875,12.9375,9.037142753601074
07-05-1997,12.875,13.1875,79600.0,13.1875,12.875,8.993486404418945
08-05-1997,12.875,12.875,142400.0,13.1875,13.125,9.16811752319336
09-05-1997,12.8125,13.0,163200.0,13.125,12.84375,8.971657752990723
12-05-1997,12.75,12.9375,27200.0,13.0,13.0,9.080796241760254
13-05-1997,12.8125,13.0,40400.0,13.0,12.8125,8.949828147888184
14-05-1997,12.84375,12.84375,110400.0,13.0,13.0,9.080796241760254
15-05-1997,12.75,13.0,1073600.0,13.0,13.0,9.080796241760254
16-05-1997,12.75,12.75,64000.0,13.0,12.9375,9.037142753601074
19-05-1997,12.8125,12.9375,81200.0,13.125,12.90625,9.015313148498535
20-05-1997,12.9375,13.125,35600.0,13.3125,13.3125,9.299083709716797
21-05-1997,13.3125,13.3125,76800.0,13.625,13.375,9.342747688293457
22-05-1997,13.3125,13.5,63600.0,13.5,13.3125,9.299083709716797
23-05-1997,13.3125,13.3125,86000.0,13.875,13.875,9.692005157470703
27-05-1997,13.5,13.5,91200.0,13.75,13.5,9.430059432983398
28-05-1997,13.4375,13.5,78800.0,13.75,13.4375,9.386404037475586
29-05-1997,13.4375,13.4375,39600.0,13.625,13.5,9.430059432983398
30-05-1997,13.3125,13.40625,66800.0,13.5625,13.5,9.430059432983398
02-06-1997,13.3125,13.3125,102800.0,13.5,13.5,9.430059432983398
03-06-1997,13.25,13.25,75200.0,13.5625,13.5625,9.473719596862793
04-06-1997,13.3125,13.53125,89600.0,13.5625,13.46875,9.443039894104004
05-06-1997,13.375,13.5625,61200.0,13.5625,13.5625,9.508777618408203
06-06-1997,13.375,13.4375,115200.0,13.5625,13.5,9.464953422546387
09-06-1997,13.5,13.5,38000.0,13.75,13.5625,9.508777618408203
10-06-1997,13.5,13.75,38800.0,13.75,13.625,9.552595138549805
11-06-1997,13.5,13.6875,272000.0,13.8125,13.6875,9.59641170501709
12-06-1997,13.6875,13.8125,158800.0,14.1875,14.1875,9.946966171264648
13-06-1997,13.96875,14.1875,82400.0,14.1875,13.96875,9.793600082397461
16-06-1997,13.96875,13.96875,282400.0,14.25,14.25,9.990784645080566
17-06-1997,14.03125,14.25,78800.0,14.25,14.03125,9.837418556213379
18-06-1997,14.03125,14.03125,56800.0,14.375,14.375,10.078424453735352
19-06-1997,14.125,14.125,107600.0,14.25,14.1875,9.946966171264648
20-06-1997,14.125,14.125,35600.0,14.375,14.1875,9.946966171264648
23-06-1997,14.0625,14.25,57200.0,14.375,14.265625,10.001738548278809
24-06-1997,14.25,14.25,192400.0,14.5,14.5,10.166062355041504
25-06-1997,14.359375,14.375,127600.0,14.625,14.46875,10.144157409667969
26-06-1997,14.625,14.625,109200.0,15.125,15.125,10.604256629943848
27-06-1997,14.9375,15.1875,146400.0,15.625,15.46875,10.845264434814453
30-06-1997,15.4375,15.625,282400.0,16.25,16.0625,11.26154613494873
01-07-1997,15.8125,16.0625,101200.0,16.1875,16.0,11.217721939086914
02-07-1997,15.75,16.03125,97600.0,16.03125,16.0,11.217721939086914
03-07-1997,15.75,15.78125,30800.0,15.875,15.75,11.042450904846191
07-07-1997,15.75,15.75,67600.0,15.8125,15.75,11.042450904846191
08-07-1997,15.4375,15.75,268000.0,15.78125,15.4375,10.82335376739502
09-07-1997,15.375,15.46875,118400.0,15.625,15.421875,10.812397956848145
10-07-1997,15.25,15.390625,109200.0,15.46875,15.4375,10.82335376739502
11-07-1997,15.25,15.5625,208800.0,15.5625,15.25,10.69189167022705
14-07-1997,15.25,15.25,70000.0,15.5,15.5,10.86717414855957
15-07-1997,15.3125,15.5,110800.0,15.5,15.5,10.86717414855957
16-07-1997,15.25,15.25,37600.0,15.5625,15.5625,10.910991668701172
17-07-1997,15.34375,15.34375,28400.0,15.5,15.5,10.86717414855957
18-07-1997,15.28125,15.5,111600.0,15.5,15.34375,10.7576265335083
21-07-1997,15.28125,15.28125,155200.0,15.40625,15.3125,10.735716819763184
22-07-1997,15.28125,15.3125,126400.0,15.5625,15.28125,10.71380615234375
23-07-1997,15.28125,15.28125,113600.0,15.5,15.3125,10.735716819763184
24-07-1997,15.28125,15.5,188400.0,15.5,15.28125,10.71380615234375
25-07-1997,15.25,15.3125,183200.0,15.34375,15.3125,10.735716819763184
28-07-1997,15.25,15.25,83200.0,15.34375,15.34375,10.7576265335083
29-07-1997,15.25,15.25,106800.0,15.40625,15.28125,10.71380615234375
30-07-1997,15.25,15.25,117600.0,15.375,15.25,10.69189167022705
31-07-1997,15.25,15.25,161600.0,15.375,15.25,10.69189167022705
01-08-1997,15.25,15.28125,218400.0,15.375,15.375,10.779537200927734
04-08-1997,15.25,15.25,130800.0,15.3125,15.28125,10.71380615234375
05-08-1997,15.25,15.375,105200.0,15.5,15.25,10.69189167022705
06-08-1997,15.25,15.25,68000.0,15.4375,15.4375,10.82335376739502
07-08-1997,15.25,15.25,136400.0,15.3125,15.25,10.69189167022705
08-08-1997,14.75,15.125,184800.0,15.25,15.0,10.516617774963379
11-08-1997,14.75,14.75,36400.0,15.0,14.75,10.341337203979492
12-08-1997,14.75,15.0,61600.0,15.0,14.875,10.428976058959961
13-08-1997,14.75,14.765625,6800.0,14.875,14.75,10.341337203979492
14-08-1997,14.75,14.75,74000.0,15.0,14.75,10.341337203979492
15-08-1997,14.75,14.75,76800.0,15.0,14.75,10.341337203979492
18-08-1997,14.75,14.75,22000.0,14.90625,14.75,10.341337203979492
19-08-1997,14.75,14.90625,221200.0,14.90625,14.75,10.341337203979492
20-08-1997,14.75,14.75,107600.0,14.90625,14.75,10.341337203979492
21-08-1997,14.3125,14.75,106000.0,14.78125,14.6875,10.297521591186523
22-08-1997,14.3125,14.3125,83200.0,14.6875,14.65625,10.275609970092773
25-08-1997,14.375,14.375,9600.0,14.75,14.375,10.078424453735352
26-08-1997,14.5,14.75,44800.0,14.75,14.5,10.166062355041504
27-08-1997,14.5,14.5,48400.0,14.75,14.5625,10.209877967834473
28-08-1997,14.5,14.78125,134000.0,14.84375,14.5,10.166062355041504
29-08-1997,14.4375,14.5,192400.0,14.5625,14.4375,10.122244834899902
02-09-1997,14.375,14.5625,13200.0,14.5625,14.375,10.078424453735352
03-09-1997,14.375,14.375,16000.0,14.5625,14.5,10.201546669006348
04-09-1997,14.375,14.375,26000.0,14.5625,14.40625,10.135588645935059
05-09-1997,14.375,14.46875,107200.0,14.53125,14.484375,10.190553665161133
08-09-1997,14.375,14.375,22400.0,14.421875,14.40625,10.135588645935059
09-09-1997,14.375,14.421875,64400.0,14.5625,14.5,10.201546669006348
10-09-1997,14.5,14.5,140400.0,14.65625,14.65625,10.311478614807129
11-09-1997,14.5,14.5,36000.0,14.71875,14.5,10.201546669006348
12-09-1997,14.375,14.71875,174000.0,14.75,14.4375,10.157575607299805
15-09-1997,14.4375,14.4375,28800.0,14.53125,14.46875,10.179563522338867
16-09-1997,14.4375,14.4375,195600.0,14.515625,14.4375,10.157575607299805
17-09-1997,14.375,14.375,69200.0,14.5,14.5,10.201546669006348
18-09-1997,14.375,14.375,26400.0,14.5,14.5,10.201546669006348
19-09-1997,14.25,14.5,94000.0,14.5,14.25,10.025657653808594
22-09-1997,14.25,14.3125,56800.0,14.375,14.3125,10.069634437561035
23-09-1997,14.1875,14.3125,84000.0,14.3125,14.1875,9.98168659210205
24-09-1997,13.875,14.125,94000.0,14.15625,14.09375,9.915727615356445
25-09-1997,13.875,13.875,24400.0,14.09375,13.9375,9.80579948425293
26-09-1997,13.9375,14.125,54000.0,14.3125,14.25,10.025657653808594
29-09-1997,13.875,13.875,81600.0,14.0,13.875,9.761828422546387
30-09-1997,13.875,13.875,331200.0,14.9375,14.65625,10.311478614807129
01-10-1997,14.375,14.53125,61600.0,14.6875,14.5,10.201546669006348
02-10-1997,14.5,14.5,46000.0,14.59375,14.546875,10.234529495239258
03-10-1997,14.375,14.59375,87600.0,14.59375,14.375,10.113606452941895
06-10-1997,14.375,14.53125,41600.0,14.53125,14.40625,10.135588645935059
07-10-1997,14.375,14.375,115200.0,14.4375,14.40625,10.135588645935059
08-10-1997,14.375,14.375,160800.0,14.4375,14.40625,10.135588645935059
09-10-1997,14.28125,14.28125,58000.0,14.40625,14.375,10.113606452941895
10-10-1997,14.25,14.375,85200.0,14.375,14.25,10.025657653808594
13-10-1997,14.25,14.25,34800.0,14.5,14.25,10.025657653808594
14-10-1997,14.0625,14.375,116400.0,14.375,14.0625,9.893739700317383
15-10-1997,13.9375,14.25,170800.0,14.25,14.0625,9.893739700317383
16-10-1997,13.9375,13.9375,114400.0,14.078125,13.96875,9.827786445617676
17-10-1997,13.9375,13.9375,120800.0,14.0,13.9375,9.80579948425293
20-10-1997,13.9375,13.9375,82000.0,14.0,14.0,9.84976863861084
21-10-1997,13.9375,13.9375,79200.0,14.125,14.0,9.84976863861084
22-10-1997,13.96875,14.0,60800.0,14.0625,13.96875,9.827786445617676
23-10-1997,12.875,13.90625,134000.0,13.9375,13.125,9.234160423278809
24-10-1997,12.4375,13.0,261200.0,13.375,12.4375,8.750466346740723
27-10-1997,12.125,12.4375,216400.0,12.6875,12.125,8.530603408813477
28-10-1997,11.875,12.1875,172800.0,12.3125,12.296875,8.651528358459473
29-10-1997,12.125,12.3125,279200.0,13.25,12.5625,8.838409423828125
30-10-1997,12.28125,12.4375,121200.0,12.75,12.375,8.706493377685547
31-10-1997,12.1875,12.203125,297600.0,12.5,12.40625,8.728480339050293
03-11-1997,12.25,12.4375,223200.0,13.0,12.6875,8.926359176635742
04-11-1997,12.5625,12.78125,59600.0,12.8125,12.609375,8.871389389038086
05-11-1997,12.4375,12.625,124400.0,13.0,12.75,8.970325469970703
06-11-1997,12.4375,12.75,96000.0,12.8125,12.8125,9.014302253723145
07-11-1997,12.5,12.8125,155600.0,12.8125,12.625,8.88238525390625
10-11-1997,12.5625,12.8125,197200.0,12.8125,12.5625,8.838409423828125
11-11-1997,12.5,12.5,38000.0,12.875,12.5,8.794440269470215
12-11-1997,12.5,12.5,70000.0,12.9375,12.75,8.970325469970703
13-11-1997,12.5625,12.75,62000.0,12.96875,12.875,9.058269500732422
14-11-1997,12.5625,12.5625,37600.0,13.125,12.96875,9.124229431152344
17-11-1997,12.875,13.0,24400.0,13.375,13.375,9.410045623779297
18-11-1997,12.9375,13.25,140400.0,13.375,13.140625,9.245153427124023
19-11-1997,12.8125,12.9375,177600.0,13.03125,13.0,9.146211624145508
20-11-1997,12.8125,12.8125,105200.0,12.9140625,12.875,9.058269500732422
21-11-1997,12.6875,12.8125,101200.0,12.890625,12.6875,8.926359176635742
24-11-1997,12.75,13.0,63200.0,13.125,12.8125,9.014302253723145
25-11-1997,12.875,13.1875,57600.0,13.1875,12.875,9.058269500732422
26-11-1997,12.875,12.875,11200.0,13.125,13.015625,9.157208442687988
28-11-1997,12.875,12.875,87600.0,13.125,13.125,9.234160423278809
01-12-1997,12.75,12.875,115600.0,13.125,12.75,8.970325469970703
02-12-1997,12.6875,12.8125,167600.0,13.125,12.6875,8.926359176635742
03-12-1997,12.6875,12.6875,8800.0,13.125,13.0625,9.190186500549316
04-12-1997,12.6875,13.125,9600.0,13.125,12.6875,8.926359176635742
05-12-1997,12.6875,12.6875,82000.0,13.0625,12.875,9.058269500732422
08-12-1997,12.625,12.625,87200.0,12.9375,12.9375,9.102243423461914
09-12-1997,12.03125,12.75,246800.0,12.9375,12.0625,8.48663330078125
10-12-1997,12.0625,12.375,98400.0,12.375,12.296875,8.691156387329102
11-12-1997,11.875,12.0625,96800.0,12.3125,11.875,8.392988204956055
12-12-1997,11.75,11.8125,120400.0,12.0625,11.765625,8.315675735473633
15-12-1997,11.6875,11.75,138800.0,12.0625,11.78125,8.326725959777832
16-12-1997,11.6875,11.6875,210800.0,11.875,11.875,8.392988204956055
17-12-1997,11.625,11.6875,104800.0,12.0,11.625,8.216290473937988
18-12-1997,11.375,11.5,64400.0,11.8125,11.375,8.039591789245605
19-12-1997,11.09375,11.359375,155200.0,11.5,11.125,7.8628997802734375
22-12-1997,11.125,11.28125,142000.0,11.4375,11.25,7.951249122619629
23-12-1997,11.125,11.4375,92400.0,11.4375,11.25,7.951249122619629
24-12-1997,11.125,11.25,69600.0,11.3125,11.3125,7.995419025421143
26-12-1997,11.125,11.328125,19200.0,11.328125,11.3125,7.995419025421143
29-12-1997,11.1875,11.1875,36000.0,11.4375,11.421875,8.072729110717773
30-12-1997,11.1875,11.1875,133200.0,11.40625,11.3515625,8.023033142089844
31-12-1997,11.25,11.25,132000.0,11.484375,11.46875,8.10585880279541
02-01-1998,11.25,11.25,26400.0,11.625,11.5,8.127942085266113
05-01-1998,11.5,11.6875,74800.0,12.09375,12.09375,8.547590255737305
06-01-1998,11.875,12.03125,121200.0,12.375,12.375,8.74637222290039
07-01-1998,12.25,12.375,46000.0,12.4375,12.3125,8.70219898223877
08-01-1998,12.25,12.3125,118000.0,12.5,12.3125,8.70219898223877
09-01-1998,12.0,12.25,19600.0,12.265625,12.25,8.658025741577148
12-01-1998,11.625,11.9375,169200.0,11.9375,11.9375,8.43715763092041
13-01-1998,11.625,11.8125,197200.0,12.0,11.78125,8.326725959777832
14-01-1998,11.6875,11.875,210400.0,11.875,11.71875,8.282550811767578
15-01-1998,11.6875,11.6875,192400.0,11.875,11.6875,8.260459899902344
16-01-1998,11.625,11.875,192400.0,11.875,11.6875,8.260459899902344
20-01-1998,11.75,11.8125,208000.0,12.0,12.0,8.48133373260498
21-01-1998,11.875,11.921875,250800.0,12.0,11.875,8.392988204956055
22-01-1998,11.875,11.875,22000.0,12.0,11.96875,8.459242820739746
23-01-1998,11.875,11.96875,105200.0,12.25,12.25,8.658025741577148
26-01-1998,12.171875,12.1875,92000.0,12.4375,12.4375,8.790548324584961
27-01-1998,12.15625,12.15625,70000.0,12.4375,12.4375,8.790548324584961
28-01-1998,12.1875,12.4375,334400.0,12.625,12.578125,8.889936447143555
29-01-1998,12.375,12.5,32800.0,12.59375,12.46875,8.812634468078613
30-01-1998,12.28125,12.53125,26800.0,12.5625,12.28125,8.68011474609375
02-02-1998,12.28125,12.59375,128000.0,12.921875,12.875,9.09976577758789
03-02-1998,12.625,12.625,50400.0,12.75,12.671875,8.956192970275879
04-02-1998,12.640625,12.640625,35200.0,12.96875,12.9375,9.143930435180664
05-02-1998,12.3125,12.625,201200.0,12.9375,12.40625,8.768461227416992
06-02-1998,12.5,12.625,20400.0,12.75,12.7265625,8.994848251342773
09-02-1998,12.625,12.625,68000.0,12.75,12.625,8.923068046569824
10-02-1998,12.5,12.625,102400.0,12.75,12.578125,8.889936447143555
11-02-1998,12.5625,12.75,78000.0,12.75,12.6875,8.967241287231445
12-02-1998,12.5625,12.5625,110800.0,12.6875,12.625,8.923068046569824
13-02-1998,12.4375,12.5625,78000.0,12.65625,12.625,8.923068046569824
17-02-1998,12.375,12.5625,93200.0,12.625,12.375,8.74637222290039
18-02-1998,12.34375,12.34375,202400.0,12.5,12.359375,8.735333442687988
19-02-1998,12.21875,12.34375,110000.0,12.40625,12.21875,8.635941505432129
20-02-1998,11.5625,12.3125,227600.0,12.3125,11.625,8.216290473937988
23-02-1998,11.75,11.8125,155600.0,11.9375,11.9375,8.43715763092041
24-02-1998,11.8125,11.96875,72400.0,12.25,12.25,8.658025741577148
25-02-1998,11.765625,12.25,227200.0,12.25,12.0,8.48133373260498
26-02-1998,11.90625,11.90625,168400.0,12.25,12.15625,8.591769218444824
27-02-1998,12.125,12.25,198800.0,12.40625,12.15625,8.591769218444824
02-03-1998,12.15625,12.15625,154400.0,12.4375,12.3125,8.70219898223877
03-03-1998,12.234375,12.234375,129600.0,12.328125,12.3125,8.70219898223877
04-03-1998,12.234375,12.234375,22400.0,12.328125,12.3125,8.74124526977539
05-03-1998,12.21875,12.234375,88400.0,12.328125,12.21875,8.67469310760498
06-03-1998,12.1875,12.1875,136000.0,12.421875,12.2421875,8.691326141357422
09-03-1998,12.1875,12.4375,59600.0,12.4375,12.25,8.696874618530273
10-03-1998,12.15625,12.4375,90000.0,12.4375,12.28125,8.719060897827148
11-03-1998,12.15625,12.40625,135600.0,12.40625,12.25,8.696874618530273
12-03-1998,12.1875,12.4375,163600.0,12.5,12.1875,8.652503967285156
13-03-1998,12.25,12.25,10400.0,12.375,12.25,8.696874618530273
16-03-1998,12.25,12.25,84800.0,12.5,12.375,8.785616874694824
17-03-1998,12.25,12.4375,21200.0,12.4375,12.3125,8.74124526977539
18-03-1998,12.25,12.25,80800.0,12.5,12.5,8.874366760253906
19-03-1998,12.28125,12.3125,350000.0,12.5,12.421875,8.818900108337402
20-03-1998,12.28125,12.5625,76000.0,12.5625,12.28125,8.719060897827148
23-03-1998,12.28125,12.28125,12800.0,12.5,12.375,8.785616874694824
24-03-1998,12.375,12.5,82000.0,12.546875,12.46875,8.852173805236816
25-03-1998,12.40625,12.40625,86800.0,12.53125,12.40625,8.8078031539917
26-03-1998,12.21875,12.375,162800.0,12.46875,12.46875,8.852173805236816
27-03-1998,12.375,12.46875,43200.0,12.46875,12.46875,8.852173805236816
30-03-1998,12.34375,12.4375,50000.0,12.4453125,12.34375,8.763432502746582
31-03-1998,12.359375,12.359375,118800.0,12.5,12.46875,8.852173805236816
01-04-1998,12.375,12.46875,63200.0,12.46875,12.40625,8.8078031539917
02-04-1998,12.21875,12.375,101200.0,12.46875,12.25,8.696874618530273
03-04-1998,12.21875,12.21875,66800.0,12.4375,12.34375,8.763432502746582
06-04-1998,12.21875,12.28125,43600.0,12.296875,12.21875,8.67469310760498
07-04-1998,12.15625,12.21875,44400.0,12.4375,12.171875,8.641408920288086
08-04-1998,12.125,12.15625,88000.0,12.1875,12.1328125,8.613677978515625
09-04-1998,11.890625,12.125,136000.0,12.1875,11.890625,8.441737174987793
13-04-1998,11.5625,11.875,87200.0,11.8828125,11.59375,8.23097038269043
14-04-1998,11.5,11.5,157200.0,11.6875,11.53125,8.186599731445312
15-04-1998,11.0625,11.5,111600.0,11.5,11.1875,7.942553520202637
16-04-1998,11.15625,11.25,116000.0,11.34375,11.265625,7.998019695281982
17-04-1998,11.25,11.25,14400.0,11.46875,11.3125,8.031296730041504
20-04-1998,11.3125,11.53125,44800.0,11.53125,11.3125,8.031296730041504
21-04-1998,11.3125,11.53125,189200.0,11.8125,11.78125,8.36408805847168
22-04-1998,11.53125,11.8125,11200.0,11.8125,11.53125,8.186599731445312
23-04-1998,11.53125,11.8125,250800.0,11.8125,11.5625,8.208786964416504
24-04-1998,11.46875,11.46875,154400.0,11.65625,11.65625,8.275341987609863
27-04-1998,11.4375,11.5,74000.0,11.609375,11.4375,8.120041847229004
28-04-1998,11.4375,11.4375,55600.0,11.65625,11.4375,8.120041847229004
29-04-1998,11.4375,11.4375,30000.0,11.65625,11.5625,8.208786964416504
30-04-1998,11.4375,11.5625,74400.0,11.78125,11.78125,8.36408805847168
01-05-1998,11.53125,11.53125,6400.0,11.65625,11.59375,8.23097038269043
04-05-1998,11.5625,11.65625,118400.0,11.8125,11.71875,8.319714546203613
05-05-1998,11.625,11.65625,59600.0,11.71875,11.625,8.253156661987305
06-05-1998,11.625,11.640625,52800.0,11.640625,11.625,8.253156661987305
07-05-1998,11.4375,11.625,71600.0,11.625,11.4375,8.120041847229004
08-05-1998,11.375,11.375,26800.0,11.65625,11.65625,8.275341987609863
11-05-1998,11.375,11.375,120400.0,11.625,11.625,8.253156661987305
12-05-1998,11.5,11.5,88800.0,11.6875,11.5625,8.208786964416504
13-05-1998,11.5625,11.5625,36000.0,11.71875,11.5625,8.208786964416504
14-05-1998,11.5625,11.5625,9200.0,11.75,11.625,8.253156661987305
15-05-1998,11.53125,11.625,110000.0,11.625,11.53125,8.186599731445312
18-05-1998,11.53125,11.75,35600.0,11.75,11.53125,8.186599731445312
19-05-1998,11.53125,11.65625,10800.0,11.65625,11.53125,8.186599731445312
20-05-1998,11.53125,11.65625,4800.0,11.65625,11.65625,8.275341987609863
21-05-1998,11.53125,11.625,95200.0,11.75,11.71875,8.319714546203613
22-05-1998,11.40625,11.59375,23600.0,11.703125,11.40625,8.097855567932129
26-05-1998,11.3125,11.5625,12800.0,11.5625,11.3125,8.031296730041504
27-05-1998,10.8125,11.28125,164400.0,11.3125,11.125,7.898176670074463
28-05-1998,11.109375,11.125,108400.0,11.375,11.375,8.075669288635254
29-05-1998,11.375,11.5,72000.0,11.65625,11.375,8.075669288635254
01-06-1998,11.375,11.375,12400.0,11.5,11.4375,8.120041847229004
02-06-1998,11.34375,11.5,40400.0,11.5,11.34375,8.053483963012695
03-06-1998,11.3125,11.453125,70400.0,11.453125,11.328125,8.081574440002441
04-06-1998,11.1875,11.28125,53200.0,11.375,11.34375,8.09272289276123
05-06-1998,11.265625,11.296875,158400.0,11.46875,11.46875,8.18189811706543
08-06-1998,11.28125,11.28125,25600.0,11.578125,11.578125,8.25992488861084
09-06-1998,11.53125,11.5703125,55600.0,11.65625,11.640625,8.304515838623047
10-06-1998,11.5625,11.5625,17200.0,11.609375,11.5703125,8.254350662231445
11-06-1998,11.4375,11.5625,83600.0,11.59375,11.5625,8.248780250549316
12-06-1998,11.46875,11.46875,137200.0,11.8125,11.8125,8.427133560180664
15-06-1998,11.5,11.6875,34000.0,11.78125,11.625,8.293366432189941
16-06-1998,11.40625,11.5,46000.0,11.71875,11.6875,8.337952613830566
17-06-1998,11.46875,11.53125,28400.0,11.75,11.75,8.382542610168457
18-06-1998,11.40625,11.40625,186400.0,11.8125,11.8125,8.427133560180664
19-06-1998,11.375,11.40625,130400.0,11.78125,11.578125,8.25992488861084
22-06-1998,11.5625,11.5625,40400.0,11.828125,11.59375,8.271073341369629
23-06-1998,11.6875,11.828125,162400.0,11.9375,11.6875,8.337952613830566
24-06-1998,11.6875,11.8125,204400.0,11.875,11.8046875,8.421557426452637
25-06-1998,11.6875,11.875,116400.0,11.875,11.828125,8.438274383544922
26-06-1998,11.734375,11.875,34800.0,11.875,11.78125,8.404837608337402
29-06-1998,11.75,11.75,32400.0,11.984375,11.796875,8.415985107421875
30-06-1998,11.71875,12.0,208000.0,12.0,11.75,8.382542610168457
01-07-1998,11.8125,12.0,51600.0,12.0,12.0,8.560897827148438
02-07-1998,11.9375,11.9375,20800.0,12.09375,12.03125,8.583189010620117
06-07-1998,12.015625,12.015625,55600.0,12.25,12.09375,8.627777099609375
07-07-1998,12.09375,12.09375,29200.0,12.21875,12.203125,8.705803871154785
08-07-1998,12.125,12.125,38000.0,12.40625,12.3125,8.783833503723145
09-07-1998,12.3125,12.3125,37200.0,12.5,12.40625,8.850716590881348
10-07-1998,12.375,12.375,16000.0,12.75,12.6875,9.051362991333008
13-07-1998,12.5,12.5,97600.0,12.625,12.5,8.9176025390625
14-07-1998,12.5,12.5,8400.0,12.75,12.75,9.095948219299316
15-07-1998,12.5,12.5,32000.0,12.9375,12.9375,9.22971248626709
16-07-1998,12.6875,12.8125,169200.0,13.0,13.0,9.274301528930664
17-07-1998,12.6875,13.0,30800.0,13.0,12.96875,9.252004623413086
20-07-1998,12.6875,12.6875,61600.0,13.09375,12.78125,9.118245124816895
21-07-1998,12.5,12.78125,136400.0,12.90625,12.5,8.9176025390625
22-07-1998,12.46875,12.46875,96000.0,12.5,12.46875,8.895303726196289
23-07-1998,12.25,12.46875,61200.0,12.5,12.25,8.73924732208252
24-07-1998,11.8125,12.25,147200.0,12.3125,12.1875,8.694658279418945
27-07-1998,11.8125,11.8125,22000.0,12.1875,11.90625,8.494009971618652
28-07-1998,11.59375,12.0,46400.0,12.0,11.59375,8.271073341369629
29-07-1998,11.59375,11.9375,18400.0,12.0,11.703125,8.349101066589355
30-07-1998,11.59375,11.59375,50800.0,11.875,11.875,8.471723556518555
31-07-1998,11.65625,11.875,37600.0,11.875,11.765625,8.393686294555664
03-08-1998,11.65625,11.65625,55200.0,11.859375,11.7265625,8.365822792053223
04-08-1998,11.25,11.6875,172400.0,11.75,11.59375,8.271073341369629
05-08-1998,11.4375,11.4375,8400.0,11.578125,11.578125,8.25992488861084
06-08-1998,11.5625,11.5625,48000.0,11.875,11.6640625,8.321236610412598
07-08-1998,11.7265625,11.7265625,58400.0,11.875,11.875,8.471723556518555
10-08-1998,11.65625,11.8125,62800.0,11.9375,11.71875,8.360247611999512
11-08-1998,11.71875,11.71875,34000.0,11.828125,11.71875,8.360247611999512
12-08-1998,11.71875,12.1875,29200.0,12.1875,11.71875,8.360247611999512
13-08-1998,11.71875,11.71875,142800.0,11.796875,11.71875,8.360247611999512
14-08-1998,11.71875,11.71875,96400.0,12.375,11.84375,8.449426651000977
17-08-1998,11.84375,11.84375,17200.0,12.15625,12.140625,8.661214828491211
18-08-1998,11.84375,12.21875,35200.0,12.375,12.375,8.828422546386719
19-08-1998,11.84375,11.84375,267200.0,12.625,12.546875,8.951042175292969
20-08-1998,12.21875,12.421875,240400.0,12.5625,12.390625,8.839569091796875
21-08-1998,12.15625,12.375,55200.0,12.75,12.75,9.095948219299316
24-08-1998,12.15625,12.75,14400.0,12.75,12.5,8.9176025390625
25-08-1998,12.15625,12.5,29200.0,12.5,12.1640625,8.677940368652344
26-08-1998,12.140625,12.15625,58800.0,12.3125,12.140625,8.661214828491211
27-08-1998,11.515625,12.0625,97200.0,12.0625,11.8125,8.427133560180664
28-08-1998,11.0625,11.5,76400.0,11.53125,11.0625,7.892075061798096
31-08-1998,10.65625,11.15625,64000.0,11.1875,10.65625,7.602252006530762
01-09-1998,10.5625,11.03125,116000.0,11.4609375,11.4296875,8.15402889251709
02-09-1998,11.0,11.046875,6800.0,11.375,11.2109375,8.036643028259277
03-09-1998,11.0,11.0,9600.0,11.0,11.0,7.88543176651001
04-09-1998,11.0,11.0,35200.0,11.125,11.125,7.975035190582275
08-09-1998,11.0,11.0,65200.0,11.71875,11.4375,8.199056625366211
09-09-1998,11.4375,11.9375,48000.0,11.9375,11.4375,8.199056625366211
10-09-1998,11.4375,11.4375,11200.0,11.9375,11.625,8.333468437194824
11-09-1998,11.3125,11.4375,43200.0,11.875,11.875,8.512686729431152
14-09-1998,11.375,11.375,47600.0,12.0,11.9375,8.55748176574707
15-09-1998,11.84375,11.84375,82400.0,12.0,11.875,8.512686729431152
16-09-1998,11.875,11.875,80000.0,12.0,12.0,8.602291107177734
17-09-1998,11.90625,11.90625,22000.0,12.0625,12.0,8.602291107177734
18-09-1998,12.0,12.046875,268400.0,12.5,12.46875,8.938315391540527
21-09-1998,12.328125,12.4375,45200.0,12.59375,12.5,8.960721015930176
22-09-1998,12.3125,12.3125,88800.0,13.0,12.75,9.139930725097656
23-09-1998,12.625,12.75,163600.0,12.90625,12.640625,9.061521530151367
24-09-1998,12.25,12.625,236000.0,12.8125,12.25,8.781505584716797
25-09-1998,11.75,12.125,46400.0,12.125,11.9375,8.55748176574707
28-09-1998,11.5625,11.75,83200.0,11.9375,11.9375,8.55748176574707
29-09-1998,11.5625,11.625,15200.0,11.9375,11.59375,8.311065673828125
30-09-1998,11.53125,11.90625,30400.0,11.90625,11.75,8.423073768615723
01-10-1998,11.25,11.25,29600.0,11.75,11.40625,8.176654815673828
02-10-1998,11.25,11.375,120800.0,11.546875,11.546875,8.27746295928955
05-10-1998,11.375,11.46875,38000.0,11.625,11.390625,8.165453910827637
06-10-1998,11.375,11.375,28800.0,11.875,11.625,8.333468437194824
07-10-1998,11.625,11.875,57600.0,11.96875,11.96875,8.579887390136719
08-10-1998,11.375,11.375,48400.0,11.875,11.875,8.512686729431152
09-10-1998,11.5,11.5,56800.0,12.0,11.71875,8.400673866271973
12-10-1998,11.5,11.890625,16000.0,11.96875,11.828125,8.47907543182373
13-10-1998,11.78125,11.8125,77600.0,12.0,11.8125,8.467879295349121
14-10-1998,11.75,12.0,43600.0,12.3125,12.0,8.602291107177734
15-10-1998,11.875,12.0625,13200.0,12.25,12.0,8.602291107177734
16-10-1998,11.875,11.96875,261200.0,12.0625,12.0625,8.647092819213867
19-10-1998,12.0,12.0625,49600.0,12.1875,12.15625,8.714301109313965
20-10-1998,11.90625,11.90625,140400.0,12.53125,12.390625,8.882311820983887
21-10-1998,12.1875,12.4375,92000.0,12.75,12.3125,8.82630443572998
22-10-1998,12.1875,12.484375,85600.0,12.484375,12.1875,8.736701011657715
23-10-1998,12.1875,12.265625,35200.0,12.328125,12.1875,8.736701011657715
26-10-1998,11.875,12.1875,59600.0,12.34375,12.1875,8.736701011657715
27-10-1998,11.875,12.09375,22400.0,12.125,11.875,8.512686729431152
28-10-1998,11.75,11.875,20000.0,12.0,12.0,8.602291107177734
29-10-1998,11.5,12.0,92400.0,12.0625,11.5,8.243858337402344
30-10-1998,11.0625,11.375,212400.0,11.625,11.203125,8.031044960021973
02-11-1998,11.203125,11.625,185600.0,11.625,11.4375,8.199056625366211
03-11-1998,11.375,11.484375,96800.0,11.5625,11.46875,8.221460342407227
04-11-1998,11.5,11.5,83600.0,12.015625,12.015625,8.61348819732666
05-11-1998,11.8125,12.0625,121200.0,12.28125,12.28125,8.803905487060547
06-11-1998,11.8125,12.3125,447600.0,12.328125,12.328125,8.837512016296387
09-11-1998,12.0,12.0,183200.0,12.375,12.25,8.781505584716797
10-11-1998,11.75,12.15625,119200.0,12.25,12.03125,8.624690055847168
11-11-1998,11.8125,12.0,21200.0,12.03125,11.8125,8.467879295349121
12-11-1998,11.75,11.75,55600.0,12.0,11.75,8.423073768615723
13-11-1998,11.625,11.8125,28400.0,11.8125,11.625,8.333468437194824
16-11-1998,11.4375,11.5,150000.0,11.78125,11.59375,8.311065673828125
17-11-1998,11.4375,11.625,252400.0,11.625,11.484375,8.232659339904785
18-11-1998,11.4375,11.46875,415600.0,11.625,11.625,8.333468437194824
19-11-1998,11.59375,11.59375,239200.0,11.875,11.78125,8.445477485656738
20-11-1998,11.59375,11.59375,102800.0,11.78125,11.625,8.333468437194824
23-11-1998,11.53125,11.59375,224000.0,11.6875,11.59375,8.311065673828125
24-11-1998,11.59375,11.65625,54000.0,11.703125,11.6875,8.37826919555664
25-11-1998,11.5,11.6875,70000.0,11.6875,11.5625,8.288667678833008
27-11-1998,11.5625,11.6875,20800.0,11.78125,11.71875,8.400673866271973
30-11-1998,11.625,11.625,285600.0,11.9375,11.9375,8.55748176574707
01-12-1998,11.875,11.875,107200.0,12.375,12.375,8.871109962463379
02-12-1998,12.28125,12.296875,276400.0,12.5,12.46875,8.938315391540527
03-12-1998,12.40625,12.40625,231200.0,12.625,12.5625,9.00551986694336
04-12-1998,12.375,12.375,55200.0,12.625,12.625,9.050328254699707
07-12-1998,12.5,12.5,81200.0,12.8984375,12.6875,9.09512996673584
08-12-1998,12.4375,12.4375,160400.0,12.96875,12.90625,9.251940727233887
09-12-1998,12.5,12.625,160000.0,13.0,12.5,9.002567291259766
10-12-1998,12.375,12.6875,43200.0,12.6875,12.375,8.912545204162598
11-12-1998,12.125,12.375,62400.0,12.53125,12.125,8.732495307922363
14-12-1998,12.0,12.375,40000.0,12.375,12.09375,8.70998477935791
15-12-1998,11.96875,12.078125,318400.0,12.09375,12.03125,8.664972305297852
16-12-1998,11.9375,11.9375,60000.0,12.125,11.9375,8.597455978393555
17-12-1998,11.9375,11.9375,47200.0,12.25,12.25,8.822519302368164
18-12-1998,11.9375,12.03125,231600.0,12.1875,11.96875,8.61996078491211
21-12-1998,11.9375,12.125,75600.0,12.25,12.125,8.732495307922363
22-12-1998,11.96875,12.125,20400.0,12.3125,12.3125,8.867531776428223
23-12-1998,11.96875,12.3125,41600.0,12.3125,12.3125,8.867531776428223
24-12-1998,11.96875,11.96875,37200.0,12.375,12.21875,8.800008773803711
28-12-1998,12.125,12.25,170800.0,12.46875,12.46875,8.980063438415527
29-12-1998,12.09375,12.09375,40000.0,12.4375,12.40625,8.935052871704102
30-12-1998,12.125,12.40625,70400.0,12.5,12.5,9.002567291259766
31-12-1998,12.25,12.5,96800.0,12.84375,12.84375,9.250141143798828
04-01-1999,12.765625,12.90625,241600.0,13.25,13.25,9.542725563049316
05-01-1999,13.0,13.0,96000.0,13.375,13.25,9.542725563049316
06-01-1999,13.125,13.25,135200.0,13.3125,13.296875,9.5764799118042
07-01-1999,13.0,13.0,188800.0,13.3125,13.21875,9.520217895507812
08-01-1999,13.0,13.25,863600.0,13.375,13.125,9.452696800231934
11-01-1999,13.09375,13.3125,443600.0,13.34375,13.09375,9.430194854736328
12-01-1999,13.0625,13.0625,142000.0,13.6875,13.28125,9.565231323242188
13-01-1999,12.9375,12.953125,54400.0,13.375,13.0625,9.407687187194824
14-01-1999,13.0,13.0,78800.0,13.375,13.296875,9.5764799118042
15-01-1999,13.25,13.375,243600.0,14.09375,13.84375,9.97035026550293
19-01-1999,13.5,13.5,89600.0,13.6875,13.59375,9.790295600891113
20-01-1999,13.53125,13.59375,120800.0,13.75,13.59375,9.790295600891113
21-01-1999,13.59375,13.59375,438400.0,14.0,13.96875,10.060373306274414
22-01-1999,13.75,13.75,474000.0,14.21875,14.03125,10.105386734008789
25-01-1999,13.78125,13.78125,34400.0,14.0625,14.0625,10.127894401550293
26-01-1999,13.78125,13.78125,36800.0,14.0625,14.0625,10.127894401550293
27-01-1999,13.875,13.875,59600.0,14.71875,14.4375,10.397967338562012
28-01-1999,14.25,14.25,112400.0,14.53125,14.46875,10.420477867126465
29-01-1999,14.40625,14.5,270400.0,15.9375,15.9375,11.47827434539795
01-02-1999,15.125,15.5,165200.0,15.59375,15.140625,10.904359817504883
02-02-1999,14.9375,15.125,128400.0,15.25,15.25,10.983135223388672
03-02-1999,15.0,15.0,35200.0,15.234375,15.1171875,10.887481689453125
04-02-1999,15.0,15.0,52800.0,15.234375,15.234375,10.971879959106445
05-02-1999,15.0,15.0,100000.0,15.3125,15.09375,10.870601654052734
08-02-1999,15.09375,15.09375,33600.0,15.25,15.125,10.893112182617188
09-02-1999,15.09375,15.171875,56800.0,15.1953125,15.125,10.893112182617188
10-02-1999,15.109375,15.125,209600.0,15.1875,15.140625,10.904359817504883
11-02-1999,15.109375,15.125,34800.0,15.25,15.15625,10.915616035461426
12-02-1999,15.109375,15.109375,46800.0,15.21875,15.1875,10.938124656677246
16-02-1999,15.125,15.125,55200.0,15.21875,15.1875,10.938124656677246
17-02-1999,15.09375,15.125,252000.0,15.125,15.09375,10.870601654052734
18-02-1999,15.09375,15.125,232400.0,15.1875,15.09375,10.870601654052734
19-02-1999,14.9375,15.09375,34000.0,15.125,14.9375,10.758073806762695
22-02-1999,14.828125,15.125,65200.0,15.125,14.953125,10.769325256347656
23-02-1999,14.84375,14.921875,27200.0,15.140625,14.9375,10.758073806762695
24-02-1999,15.09375,15.25,55200.0,15.375,15.3125,11.028143882751465
25-02-1999,14.625,14.875,33600.0,14.875,14.71875,10.600528717041016
26-02-1999,14.65625,14.65625,118000.0,14.875,14.875,10.713059425354004
01-03-1999,14.78125,14.78125,82800.0,15.25,15.25,10.983135223388672
02-03-1999,14.84375,15.15625,47600.0,15.5,15.375,11.073165893554688
03-03-1999,15.25,15.375,65200.0,15.5,15.5,11.206923484802246
04-03-1999,14.96875,15.09375,97200.0,15.3125,15.0625,10.890599250793457
05-03-1999,14.90625,14.96875,30800.0,15.25,15.1875,10.980978965759277
08-03-1999,14.84375,14.84375,25200.0,15.1875,15.015625,10.85670280456543
09-03-1999,14.59375,14.84375,212400.0,15.0625,14.59375,10.551673889160156
10-03-1999,13.59375,14.5,325200.0,14.5,14.0,10.122377395629883
11-03-1999,13.75,13.75,66400.0,14.359375,13.96875,10.099787712097168
12-03-1999,13.75,13.796875,8000.0,14.375,14.203125,10.269245147705078
15-03-1999,14.0,14.359375,10000.0,14.375,14.125,10.212757110595703
16-03-1999,13.875,14.0,39600.0,14.015625,13.875,10.032002449035645
17-03-1999,13.9375,13.9375,45600.0,14.40625,14.40625,10.41611099243164
18-03-1999,13.96875,14.40625,7200.0,14.40625,13.96875,10.099787712097168
19-03-1999,13.84375,13.875,164400.0,14.3125,13.859375,10.020703315734863
22-03-1999,13.84375,14.21875,42000.0,14.21875,14.03125,10.144975662231445
23-03-1999,13.9375,13.96875,39200.0,14.125,13.984375,10.111083984375
24-03-1999,13.875,13.875,44000.0,14.0625,14.0625,10.167571067810059
25-03-1999,13.90625,13.90625,15200.0,14.28125,14.1875,10.257941246032715
26-03-1999,13.875,14.375,38800.0,14.375,13.875,10.032002449035645
29-03-1999,13.875,13.875,57200.0,14.25,14.125,10.212757110595703
30-03-1999,14.03125,14.25,124000.0,14.25,14.1875,10.257941246032715
31-03-1999,13.9375,14.15625,144400.0,14.15625,13.9375,10.077189445495605
01-04-1999,13.9375,14.03125,195600.0,14.03125,14.015625,10.133679389953613
05-04-1999,13.828125,13.9375,101600.0,14.0625,13.828125,9.998111724853516
06-04-1999,13.5,13.875,105200.0,13.875,13.6875,9.89643383026123
07-04-1999,13.25,13.71875,54400.0,13.71875,13.25,9.58011245727539
08-04-1999,12.984375,13.25,92800.0,13.375,13.015625,9.410654067993164
09-04-1999,12.90625,12.984375,94800.0,13.234375,13.234375,9.56881332397461
12-04-1999,13.21875,13.40625,82800.0,13.59375,13.59375,9.82865047454834
13-04-1999,13.5625,13.5625,146000.0,13.78125,13.765625,9.952920913696289
14-04-1999,13.75,13.78125,247600.0,13.8515625,13.828125,9.998111724853516
15-04-1999,13.796875,13.796875,123200.0,13.875,13.875,10.032002449035645
16-04-1999,13.75,13.75,223600.0,14.28125,14.0625,10.167571067810059
19-04-1999,13.9375,14.09375,221200.0,14.1875,13.9375,10.077189445495605
20-04-1999,13.75,13.953125,171600.0,14.15625,13.75,9.941619873046875
21-04-1999,13.75,13.75,38400.0,14.5,14.5,10.483892440795898
22-04-1999,14.21875,14.21875,208800.0,15.5,15.4375,11.161733627319336
23-04-1999,15.125,15.1875,216800.0,15.78125,15.75,11.387677192687988
26-04-1999,15.25,15.25,168400.0,16.0625,16.015625,11.579730987548828
27-04-1999,15.25,15.96875,121200.0,16.0,15.5,11.206923484802246
28-04-1999,15.21875,15.25,223600.0,15.859375,15.734375,11.376383781433105
29-04-1999,15.21875,15.734375,102000.0,15.734375,15.328125,11.082651138305664
30-04-1999,15.0625,15.328125,126400.0,15.578125,15.0625,10.890599250793457
03-05-1999,15.0,15.28125,82400.0,15.28125,15.1875,10.980978965759277
04-05-1999,15.0625,15.3125,103600.0,15.6875,15.53125,11.22951602935791
05-05-1999,15.53125,15.6875,86000.0,16.0,15.75,11.387677192687988
06-05-1999,15.71875,15.71875,507200.0,16.0625,15.921875,11.511942863464355
07-05-1999,15.703125,15.75,149600.0,16.0625,16.0625,11.613619804382324
10-05-1999,15.875,16.0,72400.0,16.1875,16.1875,11.704000473022461
11-05-1999,16.0625,16.0625,196000.0,16.484375,16.0625,11.613619804382324
12-05-1999,15.9375,16.0,63200.0,16.21875,16.125,11.6588134765625
13-05-1999,15.875,15.875,20000.0,16.1875,16.1875,11.704000473022461
14-05-1999,15.5,15.859375,321200.0,15.859375,15.5,11.206923484802246
17-05-1999,14.875,15.71875,182400.0,15.71875,15.0390625,10.873650550842285
18-05-1999,14.28125,15.0,59200.0,15.0,14.28125,10.325728416442871
19-05-1999,14.25,14.59375,122800.0,14.625,14.25,10.30313777923584
20-05-1999,14.3125,14.46875,44800.0,14.625,14.375,10.393515586853027
21-05-1999,14.4375,14.59375,29200.0,14.75,14.703125,10.630760192871094
24-05-1999,14.5,14.546875,80400.0,15.015625,14.953125,10.811514854431152
25-05-1999,14.78125,14.9375,111200.0,15.03125,15.03125,10.868006706237793
26-05-1999,14.71875,15.03125,22000.0,15.03125,14.71875,10.642054557800293
27-05-1999,14.625,15.03125,32000.0,15.03125,14.9375,10.800220489501953
28-05-1999,14.375,14.9375,76000.0,15.0,14.6875,10.619461059570312
01-06-1999,14.25,14.484375,148000.0,14.5,14.3125,10.34832763671875
02-06-1999,14.25,14.296875,152400.0,14.375,14.3125,10.391891479492188
03-06-1999,14.015625,14.3125,65600.0,14.375,14.21875,10.32382583618164
04-06-1999,13.75,14.0,138000.0,14.140625,13.96875,10.142305374145508
07-06-1999,13.546875,13.75,88000.0,13.953125,13.5625,9.847336769104004
08-06-1999,13.71875,13.875,119600.0,14.0,13.78125,10.0061616897583
09-06-1999,13.6875,13.8125,38400.0,13.8125,13.796875,10.017509460449219
10-06-1999,13.8125,14.0,36800.0,14.125,14.0625,10.210376739501953
11-06-1999,13.5,14.15625,73200.0,14.15625,13.6171875,9.887042999267578
14-06-1999,13.5,13.625,24800.0,13.75,13.5,9.80195426940918
15-06-1999,13.1875,13.375,77200.0,13.4375,13.359375,9.699851989746094
16-06-1999,13.1875,13.375,95200.0,13.375,13.1875,9.57506275177002
17-06-1999,13.1875,13.1875,118000.0,13.53125,13.359375,9.699851989746094
18-06-1999,13.453125,13.453125,204800.0,14.375,14.375,10.437271118164062
21-06-1999,13.875,14.25,48800.0,14.25,14.09375,10.233063697814941
22-06-1999,13.875,14.09375,84000.0,14.28125,14.28125,10.369197845458984
23-06-1999,13.890625,14.078125,36400.0,14.28125,14.09375,10.233063697814941
24-06-1999,13.875,14.09375,55200.0,14.09375,13.875,10.074234962463379
25-06-1999,13.78125,13.875,80400.0,14.09375,14.09375,10.233063697814941
28-06-1999,13.71875,13.78125,101200.0,14.09375,13.96875,10.142305374145508
29-06-1999,13.75,13.75,408400.0,14.0625,14.0625,10.210376739501953
30-06-1999,13.96875,14.03125,597600.0,15.375,15.3125,11.117960929870605
01-07-1999,14.6875,15.3125,166800.0,15.3125,14.78125,10.732236862182617
02-07-1999,14.6875,14.84375,72800.0,15.1875,14.96875,10.868375778198242
06-07-1999,14.78125,14.78125,58800.0,15.125,14.90625,10.822996139526367
07-07-1999,14.5625,14.78125,70400.0,14.9375,14.6015625,10.601773262023926
08-07-1999,14.5,14.52734375,283200.0,14.875,14.65625,10.64147663116455
09-07-1999,14.4375,14.71875,82800.0,14.71875,14.4375,10.482649803161621
12-07-1999,14.21875,14.5625,124000.0,14.65625,14.46875,10.505341529846191
13-07-1999,14.25,14.25,94000.0,14.4375,14.40625,10.459959983825684
14-07-1999,14.34375,14.34375,154000.0,14.625,14.5,10.528029441833496
15-07-1999,14.453125,14.46875,162400.0,14.75,14.5625,10.573406219482422
16-07-1999,14.5,14.5625,66400.0,14.6875,14.6875,10.664165496826172
19-07-1999,14.34375,14.5,152400.0,14.71875,14.5625,10.573406219482422
20-07-1999,14.46875,14.625,170400.0,14.78125,14.78125,10.732236862182617
21-07-1999,14.671875,14.6875,161600.0,15.03125,14.953125,10.857030868530273
22-07-1999,14.65625,15.0,105200.0,15.0,15.0,10.891063690185547
23-07-1999,14.71875,14.984375,27200.0,15.0,14.953125,10.857030868530273
26-07-1999,14.75,14.953125,27200.0,14.96875,14.8125,10.754924774169922
27-07-1999,14.75,14.8125,50000.0,15.0,14.96875,10.868375778198242
28-07-1999,14.6875,14.8125,59600.0,14.96875,14.6875,10.664165496826172
29-07-1999,14.359375,14.6875,64400.0,14.6875,14.359375,10.425928115844727
30-07-1999,13.90625,14.28125,72400.0,14.4375,14.375,10.437271118164062
02-08-1999,13.78125,14.125,31200.0,14.125,13.875,10.074234962463379
03-08-1999,13.5,14.078125,81200.0,14.109375,13.703125,9.949441909790039
04-08-1999,13.703125,14.0,60800.0,14.0,13.75,9.983473777770996
05-08-1999,13.65625,13.71875,58000.0,13.78125,13.65625,9.915407180786133
06-08-1999,13.65625,13.78125,48800.0,13.78125,13.75,9.983473777770996
09-08-1999,13.625,13.78125,96000.0,13.96875,13.625,9.892716407775879
10-08-1999,13.34375,13.5625,39200.0,13.90625,13.5,9.80195426940918
11-08-1999,13.375,13.8125,135600.0,14.625,14.5,10.528029441833496
12-08-1999,14.140625,14.140625,92400.0,14.59375,14.4375,10.482649803161621
13-08-1999,14.21875,14.4375,50400.0,14.4375,14.328125,10.403234481811523
16-08-1999,14.21875,14.328125,35600.0,14.40625,14.390625,10.448616027832031
17-08-1999,14.125,14.390625,51600.0,14.453125,14.21875,10.32382583618164
18-08-1999,14.0,14.125,69600.0,14.21875,14.015625,10.176338195800781
19-08-1999,13.75,13.75,62400.0,13.96875,13.96875,10.142305374145508
20-08-1999,13.75,13.859375,38000.0,14.203125,14.078125,10.221718788146973
23-08-1999,14.09375,14.15625,45200.0,14.21875,14.1875,10.301125526428223
24-08-1999,14.03125,14.1875,20400.0,14.1875,14.109375,10.244405746459961
25-08-1999,13.25,13.75,169200.0,13.75,13.375,9.711193084716797
26-08-1999,12.78125,13.34375,704400.0,13.359375,12.78125,9.280096054077148
27-08-1999,12.375,12.78125,148400.0,12.8125,12.375,8.985132217407227
30-08-1999,12.296875,12.5,267600.0,12.5,12.296875,8.928401947021484
31-08-1999,12.15625,12.390625,221600.0,12.5,12.2890625,8.92272663116455
01-09-1999,12.4375,12.5,156000.0,12.71875,12.4375,9.074812889099121
02-09-1999,12.3125,12.453125,152800.0,12.671875,12.6328125,9.217316627502441
03-09-1999,12.5,12.625,323200.0,12.671875,12.53125,9.143218040466309
07-09-1999,12.5,12.5,63200.0,12.78125,12.78125,9.3256254196167
08-09-1999,12.6875,12.78125,130000.0,12.78125,12.734375,9.291423797607422
09-09-1999,12.5625,12.6875,111200.0,12.78125,12.65625,9.234418869018555
10-09-1999,12.59375,12.59375,31200.0,12.75,12.625,9.211621284484863
13-09-1999,12.53125,12.53125,80400.0,12.6875,12.609375,9.200221061706543
14-09-1999,12.5625,12.6875,102800.0,12.78125,12.71875,9.280023574829102
15-09-1999,12.6875,12.6875,113200.0,12.765625,12.765625,9.314224243164062
16-09-1999,12.4375,12.75,156400.0,12.78125,12.4375,9.074812889099121
17-09-1999,12.359375,12.4453125,124400.0,12.515625,12.390625,9.04061222076416
20-09-1999,12.28125,12.4609375,92000.0,12.5,12.34375,9.006412506103516
21-09-1999,11.859375,12.4375,181600.0,12.4375,12.0625,8.801204681396484
22-09-1999,11.9375,12.0,114400.0,12.125,11.9375,8.70999526977539
23-09-1999,11.875,12.03125,180000.0,12.03125,11.875,8.664393424987793
24-09-1999,11.734375,11.875,42000.0,12.0,11.828125,8.630196571350098
27-09-1999,11.71875,11.9375,104400.0,11.9375,11.71875,8.550390243530273
28-09-1999,11.515625,11.8125,143600.0,11.8125,11.515625,8.402182579040527
29-09-1999,11.2265625,11.6875,138800.0,11.6875,11.515625,8.402182579040527
30-09-1999,11.375,11.375,90000.0,12.25,12.25,8.938008308410645
01-10-1999,11.625,11.96875,101200.0,12.25,11.8125,8.618793487548828
04-10-1999,11.65625,11.921875,116800.0,11.921875,11.6875,8.52759075164795
05-10-1999,11.671875,11.78125,132400.0,11.78125,11.78125,8.595993041992188
06-10-1999,11.65625,11.71875,88800.0,11.78125,11.734375,8.561789512634277
07-10-1999,11.65625,11.671875,152800.0,11.78125,11.75,8.573189735412598
08-10-1999,11.65625,11.75,28000.0,11.75,11.671875,8.516190528869629
11-10-1999,11.6875,11.78125,165200.0,11.78125,11.6875,8.52759075164795
12-10-1999,11.5625,11.6875,51200.0,11.703125,11.5859375,8.453481674194336
13-10-1999,11.5625,11.640625,67600.0,11.78125,11.578125,8.447787284851074
14-10-1999,11.5625,11.578125,66400.0,11.59375,11.5625,8.436384201049805
15-10-1999,11.265625,11.78125,175600.0,11.78125,11.265625,8.219776153564453
18-10-1999,11.109375,11.390625,100800.0,11.390625,11.28125,8.231171607971191
19-10-1999,11.0,11.28125,49600.0,11.28125,11.15625,8.139969825744629
20-10-1999,11.09375,11.140625,44400.0,11.28125,11.1875,8.16277027130127
21-10-1999,11.0,11.171875,58000.0,11.28125,11.171875,8.151371955871582
22-10-1999,11.15625,11.1796875,97200.0,11.25,11.171875,8.151371955871582
25-10-1999,11.109375,11.171875,143600.0,11.171875,11.140625,8.12856674194336
26-10-1999,10.9375,11.0625,66000.0,11.140625,11.0625,8.07156753540039
27-10-1999,11.0078125,11.0078125,124400.0,11.65625,11.15625,8.139969825744629
28-10-1999,11.1328125,11.1328125,161600.0,11.375,11.359375,8.28817367553711
29-10-1999,11.078125,11.375,223600.0,11.375,11.078125,8.082963943481445
01-11-1999,11.03125,11.109375,132800.0,11.234375,11.109375,8.1057710647583
02-11-1999,11.078125,11.078125,80000.0,11.3125,11.078125,8.082963943481445
03-11-1999,10.90625,11.28125,45600.0,11.28125,10.96875,8.003165245056152
04-11-1999,10.875,11.28125,186000.0,11.28125,10.953125,7.991767406463623
05-11-1999,10.75,10.8125,153200.0,11.03125,10.96875,8.003165245056152
08-11-1999,10.78125,10.890625,38400.0,11.25,11.25,8.208378791809082
09-11-1999,10.75,11.0625,50800.0,11.25,11.21875,8.185571670532227
10-11-1999,10.8125,11.015625,34000.0,11.015625,10.8125,7.889159679412842
11-11-1999,10.8125,11.25,18000.0,11.25,11.25,8.208378791809082
12-11-1999,10.8125,11.25,45600.0,11.25,11.0625,8.07156753540039
15-11-1999,10.8125,11.125,35600.0,11.125,11.0,8.025971412658691
16-11-1999,11.046875,11.25,167200.0,11.3125,11.265625,8.219776153564453
17-11-1999,11.0625,11.28125,90000.0,11.28125,11.25,8.208378791809082
18-11-1999,11.125,11.25,753600.0,12.3046875,12.3046875,8.977909088134766
19-11-1999,12.0,12.265625,129200.0,12.34375,12.3125,8.98360824584961
22-11-1999,11.90625,12.328125,29200.0,12.375,12.125,8.846803665161133
23-11-1999,11.859375,12.359375,106800.0,12.359375,11.984375,8.74420166015625
24-11-1999,11.65625,11.8125,214000.0,12.078125,11.984375,8.74420166015625
26-11-1999,11.75,11.75,43200.0,12.28125,12.28125,8.960810661315918
29-11-1999,11.875,12.328125,126000.0,12.34375,12.015625,8.76700210571289
30-11-1999,12.03125,12.109375,258000.0,12.28125,12.265625,8.949408531188965
01-12-1999,12.203125,12.203125,104400.0,13.0,12.84375,9.371228218078613
02-12-1999,12.4375,12.71875,122800.0,12.875,12.5625,9.166019439697266
03-12-1999,12.25,12.59375,146400.0,12.609375,12.25,8.938008308410645
06-12-1999,12.25,12.265625,67200.0,12.46875,12.25,8.938008308410645
07-12-1999,12.25,12.25,340000.0,12.3125,12.28125,8.960810661315918
08-12-1999,12.28125,12.4375,92400.0,12.5,12.375,9.029215812683105
09-12-1999,12.25,12.25,70000.0,12.59375,12.5,9.120413780212402
10-12-1999,12.4375,12.53125,83600.0,12.59375,12.5625,9.166019439697266
13-12-1999,12.265625,12.453125,117200.0,12.8125,12.8125,9.348429679870605
14-12-1999,12.3125,12.5,125600.0,12.625,12.3125,8.98360824584961
15-12-1999,12.0,12.125,109200.0,12.375,12.0,8.802067756652832
16-12-1999,12.0,12.0,76400.0,12.53125,12.53125,9.19174575805664
17-12-1999,12.125,12.140625,214000.0,12.5,12.21875,8.962522506713867
20-12-1999,12.0625,12.234375,80800.0,12.3125,12.0625,8.847911834716797
21-12-1999,12.0,12.15625,106000.0,12.25,12.046875,8.83644962310791
22-12-1999,11.875,12.0,36000.0,12.125,11.875,8.71037769317627
23-12-1999,11.75,11.9375,81200.0,12.0625,12.0625,8.847911834716797
27-12-1999,11.84375,12.046875,83600.0,12.046875,11.875,8.71037769317627
28-12-1999,11.78125,11.84375,57600.0,11.96875,11.78125,8.64161491394043
29-12-1999,11.71875,11.7890625,88800.0,12.1875,12.1875,8.939597129821777
30-12-1999,12.125,12.171875,154400.0,12.484375,12.3125,9.03128433227539
31-12-1999,12.0,12.0,44400.0,12.5,12.0625,8.847911834716797
03-01-2000,12.11328125,12.4921875,152800.0,12.4921875,12.328125,9.042747497558594
04-01-2000,12.0,12.4296875,86400.0,12.4375,12.0,8.802067756652832
05-01-2000,11.90625,12.0,26800.0,12.375,12.078125,8.85937213897705
06-01-2000,11.90625,12.078125,66800.0,12.078125,11.9140625,8.739029884338379
07-01-2000,11.75,11.9375,88000.0,12.078125,11.953125,8.767683029174805
10-01-2000,11.71875,11.71875,81200.0,11.96875,11.78125,8.64161491394043
11-01-2000,11.875,11.875,30000.0,12.125,12.046875,8.83644962310791
12-01-2000,11.8125,11.9375,34800.0,12.1875,12.109375,8.88229751586914
13-01-2000,12.0,12.25,171200.0,12.37109375,12.09375,8.870835304260254
14-01-2000,11.8125,12.30859375,102400.0,12.30859375,12.03125,8.82498836517334
18-01-2000,11.671875,11.828125,64400.0,11.828125,11.671875,8.56138801574707
19-01-2000,11.671875,11.671875,71200.0,12.0,12.0,8.802067756652832
20-01-2000,11.5625,11.78125,97600.0,11.9375,11.875,8.71037769317627
21-01-2000,11.375,11.7890625,167200.0,11.7890625,11.5625,8.481159210205078
24-01-2000,11.328125,11.390625,112400.0,11.5625,11.40625,8.366551399230957
25-01-2000,10.8125,11.328125,88800.0,11.5625,10.90625,7.9997944831848145
26-01-2000,10.3125,11.5,184800.0,11.5,10.5,7.701808452606201
27-01-2000,10.6875,10.765625,113200.0,10.875,10.75,7.885180473327637
28-01-2000,10.625,10.8125,103200.0,11.0625,10.640625,7.8049540519714355
31-01-2000,10.5625,10.5625,137600.0,10.9375,10.75,7.885180473327637
01-02-2000,10.625,10.78125,63600.0,10.84375,10.625,7.7934956550598145
02-02-2000,10.25,11.0,264800.0,11.0,10.25,7.518429279327393
03-02-2000,10.1875,10.46875,118000.0,10.53125,10.203125,7.48404598236084
04-02-2000,10.03125,10.03125,93200.0,10.4375,10.34375,7.5871992111206055
07-02-2000,10.25,10.25,76000.0,10.625,10.5625,7.747650623321533
08-02-2000,9.84375,10.5,102400.0,10.625,10.0,7.335055351257324
09-02-2000,9.921875,9.921875,63600.0,10.53125,10.25,7.518429279327393
10-02-2000,10.25,10.390625,116000.0,10.53125,10.25390625,7.521296501159668
11-02-2000,10.234375,10.25,93600.0,10.625,10.25,7.518429279327393
14-02-2000,9.71875,10.625,131600.0,10.625,9.71875,7.128754138946533
15-02-2000,9.5625,9.75,114400.0,10.046875,9.578125,7.025609493255615
16-02-2000,9.34375,9.875,218000.0,9.875,9.34375,6.853693962097168
17-02-2000,9.265625,9.265625,173600.0,9.5625,9.5625,7.014150619506836
18-02-2000,9.203125,9.8125,200800.0,9.8125,9.25,6.7849273681640625
22-02-2000,9.06640625,9.25,306400.0,9.25,9.203125,6.7505388259887695
23-02-2000,9.109375,9.171875,128800.0,9.1875,9.171875,6.72761869430542
24-02-2000,9.09375,9.125,169600.0,9.25,9.140625,6.704699993133545
25-02-2000,9.046875,9.046875,245200.0,9.21875,9.1640625,6.721889972686768
28-02-2000,9.03125,9.15625,165600.0,9.3125,9.046875,6.635932922363281
29-02-2000,9.09375,9.1796875,270000.0,9.765625,9.6875,7.105835437774658
01-03-2000,9.53125,9.53125,261200.0,10.125,10.09375,7.45383882522583
02-03-2000,9.625,10.078125,195200.0,10.078125,9.65625,7.130756855010986
03-03-2000,9.453125,9.453125,143600.0,10.1875,10.078125,7.4422993659973145
06-03-2000,9.8125,9.8125,185200.0,10.03125,9.875,7.292297840118408
07-03-2000,9.875,9.875,160000.0,10.0,9.953125,7.3499884605407715
08-03-2000,9.875,9.875,105600.0,10.59375,10.546875,7.78844690322876
09-03-2000,10.34375,10.34375,223200.0,11.1875,11.078125,8.180752754211426
10-03-2000,11.078125,11.15625,320000.0,11.1875,11.12109375,8.212485313415527
13-03-2000,10.75,10.90625,177200.0,11.03125,10.859375,8.019218444824219
14-03-2000,10.125,10.75,227600.0,10.84375,10.125,7.476911544799805
15-03-2000,9.875,10.265625,323600.0,10.625,10.625,7.846144199371338
16-03-2000,10.265625,10.375,254000.0,10.75,10.53125,7.776912689208984
17-03-2000,10.15625,10.21875,203600.0,10.625,10.359375,7.649985313415527
20-03-2000,10.125,10.359375,132800.0,10.75,10.125,7.476911544799805
21-03-2000,10.4375,10.6875,320800.0,11.21875,11.09375,8.192296028137207
22-03-2000,10.59375,10.703125,73200.0,10.96875,10.84375,8.007676124572754
23-03-2000,10.75,10.75,142800.0,11.125,11.046875,8.157678604125977
24-03-2000,10.875,10.875,147200.0,11.28125,11.25,8.307682991027832
27-03-2000,10.90625,10.90625,71200.0,11.625,11.125,8.215372085571289
28-03-2000,10.5,10.9375,92000.0,11.0,10.5,7.7538371086120605
29-03-2000,10.375,10.6875,36800.0,10.75,10.75,7.938448905944824
30-03-2000,10.734375,10.75,120800.0,11.25,10.90625,8.053831100463867
31-03-2000,10.90625,11.125,397200.0,11.75,11.515625,8.50383472442627
03-04-2000,11.421875,11.453125,225600.0,11.84375,11.84375,8.746139526367188
04-04-2000,11.109375,11.375,77200.0,11.71875,11.15625,8.238450050354004
05-04-2000,11.28125,11.4375,61200.0,11.875,11.75,8.676910400390625
06-04-2000,11.5,11.6875,105200.0,11.9375,11.5,8.492292404174805
07-04-2000,10.890625,11.2578125,83200.0,11.65625,10.96875,8.099990844726562
10-04-2000,10.5,11.125,573600.0,11.625,10.671875,7.880755424499512
11-04-2000,10.625,10.6875,154000.0,10.9375,10.671875,7.880755424499512
12-04-2000,10.21875,10.625,154800.0,11.09375,10.875,8.030755043029785
13-04-2000,10.921875,10.953125,74800.0,11.1875,11.046875,8.157678604125977
14-04-2000,10.921875,10.921875,64800.0,11.234375,11.171875,8.249987602233887
17-04-2000,10.921875,10.921875,138400.0,11.1875,11.015625,8.134603500366211
18-04-2000,10.953125,11.015625,128000.0,11.3125,11.3125,8.35383415222168
19-04-2000,11.0,11.0,42400.0,11.3125,11.0625,8.169215202331543
20-04-2000,11.0625,11.0625,260800.0,11.30859375,11.140625,8.226911544799805
24-04-2000,11.0,11.140625,142400.0,11.25,11.0,8.123063087463379
25-04-2000,10.984375,11.125,313200.0,11.234375,11.234375,8.29613971710205
26-04-2000,11.0,11.0,106800.0,11.46875,11.328125,8.365371704101562
27-04-2000,11.03125,11.3125,73600.0,11.3125,11.140625,8.226911544799805
28-04-2000,11.0625,11.46875,49600.0,11.46875,11.171875,8.249987602233887
01-05-2000,11.296875,11.4375,93200.0,11.5,11.34375,8.376911163330078
02-05-2000,11.0,11.40625,56800.0,11.40625,11.046875,8.157678604125977
03-05-2000,10.75,11.28125,68800.0,11.28125,10.8125,7.984604358673096
04-05-2000,10.0625,10.84375,212800.0,10.875,10.84375,8.007676124572754
05-05-2000,10.96875,11.109375,138800.0,11.15625,11.046875,8.157678604125977
08-05-2000,10.6875,11.1875,49200.0,11.1875,10.6875,7.892294406890869
09-05-2000,10.5,10.75,142800.0,10.75,10.5625,7.799988269805908
10-05-2000,10.15625,10.453125,44800.0,10.515625,10.21875,7.546141147613525
11-05-2000,10.28125,10.28125,106000.0,10.875,10.78125,7.961531639099121
12-05-2000,10.8125,10.8125,128000.0,11.46875,11.15625,8.238450050354004
15-05-2000,10.6875,11.15625,128000.0,11.15625,10.765625,7.9499897956848145
16-05-2000,10.90625,10.90625,74400.0,11.5625,11.53125,8.515369415283203
17-05-2000,11.0,11.0,121200.0,11.25,11.25,8.307682991027832
18-05-2000,11.125,11.25,142000.0,11.46875,11.125,8.215372085571289
19-05-2000,10.71875,11.125,53200.0,11.1953125,10.75,7.938448905944824
22-05-2000,10.890625,11.1875,95600.0,11.34375,11.21875,8.284605026245117
23-05-2000,11.0625,11.09375,212000.0,11.953125,11.59375,8.5615234375
24-05-2000,11.125,11.1875,94400.0,11.53125,11.53125,8.515369415283203
25-05-2000,11.0,11.0,107600.0,11.71875,11.390625,8.411526679992676
26-05-2000,11.0,11.0,29200.0,11.390625,11.0,8.123063087463379
30-05-2000,11.234375,11.234375,506400.0,12.078125,12.078125,8.919217109680176
31-05-2000,11.515625,11.9140625,301200.0,12.125,12.125,9.002283096313477
01-06-2000,12.0,12.0,147600.0,12.5,12.3125,9.14148998260498
02-06-2000,12.3125,12.40625,372400.0,12.625,12.5,9.280701637268066
05-06-2000,12.5,12.609375,130400.0,12.8125,12.71875,9.443113327026367
06-06-2000,12.53125,12.75,204000.0,12.875,12.65625,9.396709442138672
07-06-2000,12.46875,12.65625,483200.0,12.78125,12.625,9.37350845336914
08-06-2000,12.40625,12.453125,78000.0,12.5,12.5,9.280701637268066
09-06-2000,12.421875,12.453125,213600.0,12.609375,12.515625,9.292299270629883
12-06-2000,12.453125,12.453125,198400.0,12.625,12.5625,9.327105522155762
13-06-2000,12.515625,12.5625,325200.0,13.0625,13.015625,9.663528442382812
14-06-2000,12.75,12.8125,153600.0,13.375,13.21875,9.814343452453613
15-06-2000,12.9375,13.0625,238800.0,13.71875,13.71875,10.185569763183594
16-06-2000,12.875,13.5,356800.0,13.5,12.890625,9.570724487304688
19-06-2000,12.84375,12.890625,176800.0,13.0,12.921875,9.59392261505127
20-06-2000,12.515625,12.875,295200.0,12.875,12.65625,9.396709442138672
21-06-2000,12.390625,12.71875,231600.0,12.71875,12.46875,9.257503509521484
22-06-2000,12.34375,12.40625,209600.0,12.5,12.390625,9.19949722290039
23-06-2000,12.3125,12.421875,181600.0,12.65625,12.546875,9.315505027770996
26-06-2000,12.453125,12.453125,54800.0,12.578125,12.546875,9.315505027770996
27-06-2000,12.640625,12.6640625,204000.0,13.203125,13.203125,9.802740097045898
28-06-2000,12.53125,13.125,234400.0,14.0,12.625,9.37350845336914
29-06-2000,12.84375,13.0625,289600.0,13.8125,13.671875,10.15076732635498
30-06-2000,12.296875,13.40625,425200.0,13.8125,12.65625,9.396709442138672
03-07-2000,12.625,12.625,132000.0,13.34375,13.296875,9.872344970703125
05-07-2000,13.0,13.0,130800.0,13.390625,13.25,9.837542533874512
06-07-2000,13.25,13.25,186400.0,13.5,13.484375,10.011555671691895
07-07-2000,13.28125,13.5,279600.0,13.53125,13.53125,10.046359062194824
10-07-2000,13.4375,13.4375,143200.0,13.6875,13.5625,10.069561004638672
11-07-2000,13.375,13.5625,167200.0,13.875,13.6875,10.162369728088379
12-07-2000,13.671875,13.6875,228400.0,14.03125,14.0,10.394383430480957
13-07-2000,13.828125,13.90625,470000.0,14.90625,14.71875,10.928023338317871
14-07-2000,14.625,14.6875,172000.0,14.96875,14.875,11.044038772583008
17-07-2000,14.78125,14.8125,214800.0,14.96875,14.96875,11.113639831542969
18-07-2000,14.46875,14.796875,94400.0,14.96875,14.46875,10.742408752441406
19-07-2000,13.828125,14.5625,108400.0,14.5625,13.984375,10.38278579711914
20-07-2000,13.984375,14.0,94400.0,14.71875,14.640625,10.870022773742676
21-07-2000,14.3203125,14.3203125,92800.0,14.640625,14.5,10.765616416931152
24-07-2000,13.78125,14.3125,74000.0,14.4375,14.171875,10.521995544433594
25-07-2000,14.171875,14.3125,67600.0,14.625,14.25,10.579998970031738
26-07-2000,14.0625,14.1875,47600.0,14.5,14.3125,10.62640380859375
27-07-2000,13.8125,14.375,164000.0,14.375,13.8125,10.255176544189453
28-07-2000,13.8125,14.03125,63600.0,14.03125,14.0,10.394383430480957
31-07-2000,13.765625,13.828125,324400.0,14.125,14.125,10.48719310760498
01-08-2000,14.21875,14.21875,103600.0,14.6875,14.546875,10.80041217803955
02-08-2000,14.4375,14.625,222800.0,14.9375,14.765625,10.96282958984375
03-08-2000,14.5,14.75,85200.0,14.84375,14.703125,10.916425704956055
04-08-2000,14.55859375,14.84375,152000.0,14.96875,14.96875,11.113639831542969
07-08-2000,14.71875,14.828125,193200.0,15.21875,15.078125,11.194842338562012
08-08-2000,14.9375,15.09375,121200.0,15.625,15.625,11.600878715515137
09-08-2000,15.296875,15.3828125,139600.0,15.609375,15.46875,11.484868049621582
10-08-2000,15.3359375,15.46875,104800.0,15.625,15.453125,11.473265647888184
11-08-2000,15.5,15.5,142400.0,15.875,15.8125,11.74008560180664
14-08-2000,15.703125,15.796875,340000.0,16.49609375,16.0625,11.925701141357422
15-08-2000,15.40625,16.0,395600.0,16.015625,15.5,11.508068084716797
16-08-2000,15.28125,15.5625,217200.0,15.5625,15.4375,11.46166706085205
17-08-2000,15.125,15.46484375,127600.0,15.46484375,15.34375,11.392061233520508
18-08-2000,15.1875,15.28125,58000.0,15.34375,15.21875,11.299254417419434
21-08-2000,15.21875,15.265625,120800.0,15.40625,15.375,11.415266990661621
22-08-2000,14.90625,15.3125,92800.0,15.3125,14.90625,11.067235946655273
23-08-2000,14.6875,14.984375,216000.0,15.15625,15.046875,11.22057056427002
24-08-2000,15.0,15.03125,134400.0,15.78125,15.78125,11.76820182800293
25-08-2000,15.625,15.75,248000.0,16.25,15.921875,11.873066902160645
28-08-2000,15.71875,15.71875,110800.0,16.296875,16.109375,12.012885093688965
29-08-2000,16.0,16.15625,100800.0,16.453125,16.28125,12.141060829162598
30-08-2000,15.9375,16.09375,80000.0,16.4375,16.21875,12.094450950622559
31-08-2000,15.890625,16.21875,62800.0,16.21875,16.1875,12.071144104003906
01-09-2000,15.78125,15.9375,144400.0,16.03125,16.03125,11.954629898071289
05-09-2000,15.515625,16.078125,95200.0,16.078125,15.53125,11.581778526306152
06-09-2000,15.51953125,15.90625,142400.0,15.90625,15.6875,11.698297500610352
07-09-2000,15.59375,15.8125,124000.0,15.875,15.875,11.838112831115723
08-09-2000,15.8125,15.890625,99600.0,16.0,15.9375,11.88471794128418
11-09-2000,15.7890625,16.0,165600.0,16.0,15.875,11.838112831115723
12-09-2000,15.84375,15.875,280000.0,16.125,16.0625,11.97793197631836
13-09-2000,15.5,16.1875,221400.0,16.1875,15.625,11.651684761047363
14-09-2000,14.9765625,15.625,171400.0,15.625,15.28125,11.395343780517578
15-09-2000,14.125,14.25,276400.0,15.0,14.875,11.0924072265625
18-09-2000,14.25,14.28125,109000.0,14.96875,14.78125,11.022491455078125
19-09-2000,14.53125,14.8125,79800.0,15.0,14.90625,11.115707397460938
20-09-2000,14.65625,14.90625,165200.0,15.0,14.71875,10.975885391235352
21-09-2000,13.75,14.375,157800.0,14.40625,13.84375,10.323395729064941
22-09-2000,11.5,13.5,171800.0,13.875,13.78125,10.27678394317627
25-09-2000,13.25,13.5625,150800.0,14.15625,13.25,9.880629539489746
26-09-2000,12.6875,13.4375,91000.0,13.46875,13.171875,9.822370529174805
27-09-2000,12.96875,13.0,46000.0,13.6171875,13.3125,9.927233695983887
28-09-2000,13.25,13.375,140600.0,13.9921875,13.5625,10.113662719726562
29-09-2000,13.34375,13.375,167800.0,14.28125,14.21875,10.603035926818848
02-10-2000,12.625,13.875,167400.0,14.1875,12.71875,9.484472274780273
03-10-2000,12.8125,12.9375,176600.0,14.0,13.625,10.160266876220703
04-10-2000,13.5,14.03125,114000.0,14.25,13.9375,10.393304824829102
05-10-2000,13.125,14.1875,217600.0,14.1875,13.5625,10.113662719726562
06-10-2000,13.0625,13.125,163000.0,13.65625,13.5,10.067056655883789
09-10-2000,13.0625,13.5625,43800.0,13.5625,13.34375,9.950536727905273
10-10-2000,13.3125,13.375,108000.0,13.625,13.34375,9.950536727905273
11-10-2000,12.65625,13.25,43600.0,13.46875,13.0,9.69420337677002
12-10-2000,12.71875,13.0,28000.0,13.03125,12.8125,9.554376602172852
13-10-2000,12.46875,12.75,112000.0,13.59375,13.34375,9.950536727905273
16-10-2000,13.09375,13.375,139800.0,13.875,13.875,10.346695899963379
17-10-2000,13.5,13.5625,135200.0,13.90625,13.6875,10.206876754760742
18-10-2000,12.46875,13.25,89000.0,13.5,13.375,9.973841667175293
19-10-2000,13.3125,13.3125,108600.0,13.875,13.75,10.253478050231934
20-10-2000,13.46875,13.75,22200.0,13.875,13.65625,10.183572769165039
23-10-2000,13.625,13.75,30200.0,14.0,13.625,10.160266876220703
24-10-2000,13.53125,13.5625,62200.0,14.125,13.65625,10.183572769165039
25-10-2000,12.8125,13.78125,81600.0,14.03125,12.8125,9.554376602172852
26-10-2000,12.71875,12.71875,67800.0,13.875,13.8125,10.300091743469238
27-10-2000,13.8125,13.875,114400.0,14.71875,14.375,10.719552040100098
30-10-2000,14.21875,14.3125,49600.0,14.9375,14.84375,11.069099426269531
31-10-2000,14.34375,14.671875,94600.0,15.3125,14.34375,10.696248054504395
01-11-2000,14.25,14.25,55200.0,15.25,14.5625,10.859369277954102
02-11-2000,14.21875,14.625,84000.0,14.625,14.5,10.81276798248291
03-11-2000,13.5625,14.0625,104000.0,14.4375,14.25,10.626336097717285
06-11-2000,14.5,14.953125,95800.0,15.25,14.875,11.0924072265625
07-11-2000,14.21875,14.9375,69400.0,14.9375,14.9140625,11.121533393859863
08-11-2000,14.125,14.5625,66000.0,14.625,14.375,10.719552040100098
09-11-2000,13.875,14.40625,76400.0,14.4375,13.9375,10.393304824829102
10-11-2000,13.3125,14.0,79200.0,14.75,13.34375,9.950536727905273
13-11-2000,13.34375,13.5,54800.0,14.3125,13.53125,10.090359687805176
14-11-2000,13.390625,13.5625,97600.0,13.96875,13.40625,9.997148513793945
15-11-2000,12.90625,13.5,137800.0,13.75,12.90625,9.624289512634277
16-11-2000,12.5,12.9375,122000.0,13.375,12.6875,9.46116828918457
17-11-2000,13.0,13.46875,137600.0,13.8125,13.375,9.973841667175293
20-11-2000,12.71875,13.0,45000.0,13.1875,12.75,9.507773399353027
21-11-2000,13.0,13.0,87400.0,13.46875,13.40625,9.997148513793945
22-11-2000,13.0,13.15625,91200.0,13.6875,13.6640625,10.189398765563965
24-11-2000,13.1875,13.65625,41200.0,14.15625,14.15625,10.556425094604492
27-11-2000,13.0,14.21875,165600.0,14.34375,13.75,10.253478050231934
28-11-2000,13.25,13.796875,85200.0,13.875,13.625,10.160266876220703
29-11-2000,13.25,13.625,51000.0,13.84375,13.8125,10.300091743469238
30-11-2000,13.25,13.609375,123400.0,14.5,14.03125,10.463213920593262
01-12-2000,13.78125,14.03125,96800.0,14.625,14.15625,10.556425094604492
04-12-2000,13.15625,14.0,110400.0,14.0,13.3125,9.927233695983887
05-12-2000,13.1875,13.25,92200.0,14.75,14.59375,10.882670402526855
06-12-2000,13.78125,14.59375,153800.0,14.78125,13.8125,10.300091743469238
07-12-2000,13.625,13.6875,156000.0,14.25,13.84375,10.323395729064941
08-12-2000,13.9375,14.5,453400.0,15.0625,14.9375,11.139008522033691
11-12-2000,14.6328125,14.921875,228400.0,15.3125,14.6875,10.952580451965332
12-12-2000,13.1875,14.671875,204000.0,15.0,13.28125,9.903934478759766
13-12-2000,13.1875,14.5,335000.0,14.5,13.34375,10.003260612487793
14-12-2000,12.78125,13.28125,46800.0,13.5625,13.296875,9.968121528625488
15-12-2000,12.875,13.4375,266200.0,13.53125,12.8828125,9.65771198272705
18-12-2000,12.125,13.0,287800.0,13.15625,12.40625,9.30046272277832
19-12-2000,12.5,12.5,134200.0,13.8125,13.1171875,9.833418846130371
20-12-2000,12.46875,13.25,65600.0,13.25,12.5,9.370738983154297
21-12-2000,12.328125,12.328125,119800.0,13.25,12.9375,9.698714256286621
22-12-2000,12.8125,12.828125,134600.0,13.5,13.5,10.12039566040039
26-12-2000,13.125,13.3125,105400.0,13.46875,13.28125,9.95640754699707
27-12-2000,13.0,13.0625,240800.0,13.375,13.375,10.026689529418945
28-12-2000,13.25,13.25,173000.0,14.71875,14.71875,11.034042358398438
29-12-2000,12.5625,13.75,187800.0,15.25,12.75,9.558150291442871
02-01-2001,13.21875,13.5,221400.0,13.625,13.25,9.932978630065918
03-01-2001,13.15625,13.25,260600.0,15.0,14.90625,11.174602508544922
04-01-2001,14.25,15.015625,448800.0,15.90625,14.46875,10.84662914276123
05-01-2001,14.1875,14.375,201000.0,14.71875,14.28125,10.706066131591797
08-01-2001,14.25,14.5,211400.0,14.5625,14.5,10.870057106018066
09-01-2001,14.4375,14.5,252600.0,14.6875,14.53125,10.893481254577637
10-01-2001,14.3125,14.625,222800.0,14.6875,14.6875,11.010614395141602
11-01-2001,14.53125,14.71875,79600.0,14.90625,14.8828125,11.157036781311035
12-01-2001,14.6875,14.875,210800.0,15.375,15.375,11.526005744934082
16-01-2001,14.6875,15.3125,240200.0,15.3125,14.90625,11.174602508544922
17-01-2001,14.5625,14.875,284400.0,14.9375,14.625,10.963762283325195
18-01-2001,14.28125,14.53125,118400.0,14.9375,14.875,11.151177406311035
19-01-2001,14.6875,14.6875,138400.0,15.53125,15.15625,11.362018585205078
22-01-2001,14.5,15.171875,145000.0,15.171875,14.9375,11.198029518127441
23-01-2001,14.6875,14.90625,110400.0,15.375,15.2421875,11.426441192626953
24-01-2001,14.6875,15.09375,88000.0,15.296875,14.84375,11.127750396728516
25-01-2001,14.8125,14.84375,96800.0,15.375,14.84375,11.127750396728516
26-01-2001,14.78125,14.875,79600.0,15.1875,15.0625,11.291739463806152
29-01-2001,14.65625,15.1171875,93400.0,15.4296875,15.15625,11.362018585205078
30-01-2001,14.9375,15.0078125,87600.0,15.25,15.1875,11.385448455810547
31-01-2001,14.25,15.03125,169400.0,15.59375,14.625,10.963762283325195
01-02-2001,14.25,14.25,116200.0,14.96875,14.96875,11.22145938873291
02-02-2001,14.75,14.9375,130400.0,15.15625,14.75,11.057472229003906
05-02-2001,14.78125,14.78125,24000.0,15.25,15.25,11.432299613952637
06-02-2001,15.125,15.40625,68000.0,15.875,15.65625,11.736851692199707
07-02-2001,15.09375,15.5,68800.0,15.9375,15.84375,11.877408027648926
08-02-2001,14.8125,15.828125,87400.0,15.828125,15.25,11.432299613952637
09-02-2001,14.875,15.0,96400.0,15.96875,15.75,11.80712890625
12-02-2001,15.25,15.7421875,74600.0,15.84375,15.84375,11.877408027648926
13-02-2001,15.75,15.875,85200.0,16.09375,15.875,11.900835037231445
14-02-2001,15.28125,16.1171875,96800.0,16.125,15.46875,11.596288681030273
15-02-2001,15.03125,15.03125,156200.0,15.75,15.4375,11.572863578796387
16-02-2001,14.875,15.625,158000.0,15.625,14.96875,11.22145938873291
20-02-2001,14.875,15.0,108600.0,15.375,14.875,11.151177406311035
21-02-2001,13.6875,14.625,100000.0,14.90625,14.03125,10.568387985229492
22-02-2001,13.34375,13.984375,188400.0,14.0625,13.7890625,10.385970115661621
23-02-2001,12.6875,13.796875,103200.0,13.796875,13.5625,10.215319633483887
26-02-2001,13.21875,13.5625,110800.0,13.875,13.84375,10.427159309387207
27-02-2001,13.3125,13.5625,292000.0,13.84375,13.3125,10.027019500732422
28-02-2001,13.296875,13.4921875,136400.0,14.40625,13.96875,10.521310806274414
01-03-2001,13.328125,13.9375,77200.0,13.96875,13.8125,10.4036283493042
02-03-2001,13.75,13.796875,100200.0,14.0625,13.8125,10.4036283493042
05-03-2001,13.8125,13.90625,507600.0,14.0625,14.0,10.54485034942627
06-03-2001,13.9375,14.09375,172000.0,14.46875,14.46875,10.897912979125977
07-03-2001,14.25,14.46875,452400.0,14.65625,14.25,10.73315143585205
08-03-2001,14.0625,14.25,188600.0,14.5625,14.25,10.73315143585205
09-03-2001,13.5,14.1875,136200.0,14.1875,13.625,10.2623929977417
12-03-2001,13.1875,13.71875,148400.0,13.71875,13.4375,10.121171951293945
13-03-2001,13.375,13.40625,70200.0,14.0,14.0,10.54485034942627
14-03-2001,13.25,13.53125,120200.0,13.9375,13.5,10.168251991271973
15-03-2001,13.25,13.515625,69800.0,13.71875,13.59375,10.238856315612793
16-03-2001,13.0,13.59375,276800.0,14.0,13.09375,9.862257957458496
19-03-2001,12.0,13.375,128800.0,13.375,12.75,9.603342056274414
20-03-2001,12.28125,12.6875,138200.0,12.84375,12.4375,9.36796760559082
21-03-2001,12.0625,12.5625,89600.0,12.5625,12.21875,9.203205108642578
22-03-2001,11.0,12.34375,432800.0,12.34375,11.59375,8.732454299926758
23-03-2001,11.6875,11.90625,226000.0,12.3125,12.03125,9.061978340148926
26-03-2001,12.0,12.296875,278400.0,12.296875,12.09375,9.109055519104004
27-03-2001,11.9375,12.0,341600.0,12.5625,12.5,9.415046691894531
28-03-2001,12.0625,12.5,221800.0,12.5,12.09375,9.109055519104004
29-03-2001,12.0625,12.09375,103400.0,12.5,12.21875,9.203205108642578
30-03-2001,12.1875,12.21875,239000.0,13.21875,13.0,9.791641235351562
02-04-2001,12.09375,12.3125,210600.0,12.875,12.21875,9.203205108642578
03-04-2001,12.09375,12.21875,213400.0,12.46875,12.46875,9.391502380371094
04-04-2001,12.1875,12.3125,88200.0,12.46875,12.21875,9.203205108642578
05-04-2001,12.25,12.2734375,74800.0,13.25,13.25,9.979944229125977
06-04-2001,12.34375,12.71875,111000.0,13.25,12.90625,9.721033096313477
09-04-2001,12.75,12.904999732971191,36000.0,13.0,12.75,9.603342056274414
10-04-2001,12.755000114440918,12.755000114440918,97800.0,13.640000343322754,13.4350004196167,10.119287490844727
11-04-2001,12.329999923706055,13.220000267028809,157800.0,13.220000267028809,12.649999618530273,9.528022766113281
12-04-2001,12.510000228881836,12.635000228881836,52000.0,13.100000381469727,13.100000381469727,9.866965293884277
16-04-2001,12.479999542236328,13.100000381469727,93800.0,13.100000381469727,12.960000038146973,9.761521339416504
17-04-2001,12.460000038146973,12.8100004196167,75200.0,12.925000190734863,12.824999809265137,9.659832954406738
18-04-2001,12.350000381469727,12.635000228881836,124200.0,12.875,12.505000114440918,9.418810844421387
19-04-2001,12.625,12.899999618530273,102600.0,13.25,13.25,9.979944229125977
20-04-2001,12.75,13.239999771118164,152200.0,13.515000343322754,13.510000228881836,10.175777435302734
23-04-2001,12.885000228881836,13.454999923706055,227200.0,13.515000343322754,13.0,9.791641235351562
24-04-2001,12.84000015258789,12.944999694824219,94000.0,13.484999656677246,13.045000076293945,9.82553768157959
25-04-2001,12.925000190734863,13.4350004196167,195000.0,14.135000228881836,14.135000228881836,10.64653491973877
26-04-2001,13.425000190734863,13.449999809265137,159400.0,13.774999618530273,13.774999618530273,10.37537670135498
27-04-2001,13.619999885559082,13.774999618530273,93600.0,14.404999732971191,14.354999542236328,10.812237739562988
30-04-2001,13.399999618530273,14.350000381469727,185000.0,14.350000381469727,13.454999923706055,10.13434886932373
01-05-2001,13.539999961853027,14.300000190734863,148800.0,14.300000190734863,14.010000228881836,10.552383422851562
02-05-2001,13.819999694824219,14.074999809265137,43000.0,14.074999809265137,14.020000457763672,10.55991268157959
03-05-2001,13.329999923706055,14.020000457763672,95200.0,14.020000457763672,13.329999923706055,10.040205001831055
04-05-2001,13.140000343322754,13.329999923706055,169800.0,14.074999809265137,14.074999809265137,10.601334571838379
07-05-2001,13.5600004196167,14.0,49800.0,14.0,13.800000190734863,10.394206047058105
08-05-2001,13.229999542236328,13.875,68200.0,13.875,13.335000038146973,10.043970108032227
09-05-2001,13.300000190734863,13.305000305175781,36400.0,13.625,13.305000305175781,10.021373748779297
10-05-2001,12.6899995803833,13.625,90200.0,13.625,12.6899995803833,9.558149337768555
11-05-2001,12.604999542236328,12.875,75800.0,13.25,13.194999694824219,9.938519477844238
14-05-2001,12.640000343322754,13.199999809265137,63000.0,13.199999809265137,12.710000038146973,9.573214530944824
15-05-2001,12.550000190734863,12.875,121400.0,12.875,12.670000076293945,9.54308795928955
16-05-2001,12.680000305175781,12.71500015258789,98400.0,13.694999694824219,13.319999694824219,10.032671928405762
17-05-2001,12.875,13.114999771118164,94800.0,13.885000228881836,13.885000228881836,10.45822811126709
18-05-2001,13.25,13.555000305175781,57800.0,13.555000305175781,13.25,9.979944229125977
21-05-2001,13.324999809265137,13.5,176800.0,14.050000190734863,13.975000381469727,10.526020050048828
22-05-2001,13.75,14.074999809265137,243400.0,14.470000267028809,14.154999732971191,10.661592483520508
23-05-2001,13.204999923706055,14.079999923706055,150600.0,14.149999618530273,13.21500015258789,9.953583717346191
24-05-2001,13.0,13.220000267028809,298200.0,14.244999885559082,14.085000038146973,10.608871459960938
25-05-2001,13.0,13.78499984741211,106600.0,13.78499984741211,13.09000015258789,9.859435081481934
29-05-2001,12.614999771118164,13.100000381469727,155600.0,13.164999961853027,12.675000190734863,9.546853065490723
30-05-2001,12.600000381469727,12.755000114440918,100600.0,13.0,12.75,9.603342056274414
31-05-2001,12.649999618530273,12.699999809265137,184600.0,12.96500015258789,12.725000381469727,9.584514617919922
01-06-2001,12.699999809265137,12.725000381469727,83400.0,13.484999656677246,13.390000343322754,10.085397720336914
04-06-2001,13.0,13.399999618530273,81600.0,13.579999923706055,13.505000114440918,10.225471496582031
05-06-2001,13.229999542236328,13.229999542236328,87600.0,13.524999618530273,13.324999809265137,10.089179039001465
06-06-2001,12.925000190734863,13.199999809265137,111200.0,13.375,12.925000190734863,9.786320686340332
07-06-2001,12.899999618530273,13.199999809265137,82000.0,13.699999809265137,13.699999809265137,10.37311840057373
08-06-2001,12.925000190734863,13.699999809265137,96400.0,13.699999809265137,12.975000381469727,9.824172973632812
11-06-2001,12.925000190734863,12.975000381469727,190800.0,13.074999809265137,13.0,9.843100547790527
12-06-2001,12.875,12.899999618530273,83200.0,13.380000114440918,13.375,10.127036094665527
13-06-2001,13.0,13.449999809265137,61000.0,13.744999885559082,13.0,9.843100547790527
14-06-2001,12.925000190734863,13.0,67600.0,13.34000015258789,13.029999732971191,9.865815162658691
15-06-2001,13.005000114440918,13.1850004196167,266400.0,13.375,13.270000457763672,10.047537803649902
18-06-2001,13.100000381469727,13.399999618530273,105000.0,13.399999618530273,13.125,9.937749862670898
19-06-2001,13.015000343322754,13.449999809265137,137400.0,13.449999809265137,13.029999732971191,9.865815162658691
20-06-2001,13.0,13.350000381469727,173400.0,13.739999771118164,13.734999656677246,10.399614334106445
21-06-2001,13.329999923706055,13.600000381469727,136600.0,13.8100004196167,13.345000267028809,10.104325294494629
22-06-2001,13.175000190734863,13.345000267028809,113600.0,13.539999961853027,13.329999923706055,10.092967987060547
25-06-2001,12.975000381469727,13.34000015258789,128800.0,13.460000038146973,13.074999809265137,9.89988899230957
26-06-2001,13.0,13.039999961853027,99400.0,13.529999732971191,13.069999694824219,9.89610481262207
27-06-2001,13.045000076293945,13.354999542236328,81600.0,13.75,13.25,10.032393455505371
28-06-2001,13.109999656677246,13.244999885559082,102400.0,13.869999885559082,13.864999771118164,10.498052597045898
29-06-2001,13.25,13.84000015258789,222400.0,14.0,13.25,10.032393455505371
02-07-2001,13.239999771118164,13.489999771118164,202600.0,14.5,14.005000114440918,10.604052543640137
03-07-2001,13.1899995803833,13.550000190734863,104200.0,14.399999618530273,13.204999923706055,9.998322486877441
05-07-2001,13.130000114440918,13.204999923706055,103600.0,13.529999732971191,13.420000076293945,10.161110877990723
06-07-2001,12.324999809265137,13.130000114440918,261600.0,13.130000114440918,12.625,9.55916690826416
09-07-2001,12.524999618530273,12.550000190734863,313400.0,12.6899995803833,12.619999885559082,9.555384635925293
10-07-2001,12.104999542236328,12.619999885559082,143000.0,12.619999885559082,12.170000076293945,9.214661598205566
11-07-2001,12.029999732971191,12.164999961853027,156200.0,12.300000190734863,12.029999732971191,9.10865306854248
12-07-2001,12.470000267028809,12.470000267028809,133200.0,12.949999809265137,12.899999618530273,9.767388343811035
13-07-2001,12.395000457763672,12.899999618530273,84600.0,13.600000381469727,13.444999694824219,10.180038452148438
16-07-2001,12.574999809265137,13.444999694824219,114400.0,13.5,12.725000381469727,9.634883880615234
17-07-2001,12.420000076293945,12.850000381469727,74400.0,13.475000381469727,13.475000381469727,10.20275592803955
18-07-2001,12.5,13.4399995803833,92000.0,13.449999809265137,12.5,9.464520454406738
19-07-2001,12.630000114440918,12.654999732971191,56000.0,13.149999618530273,12.9399995803833,9.797674179077148
20-07-2001,12.625,12.949999809265137,135600.0,13.5,13.149999618530273,9.95667552947998
23-07-2001,12.574999809265137,13.055000305175781,94400.0,13.100000381469727,13.055000305175781,9.884749412536621
24-07-2001,12.625,13.0600004196167,68400.0,13.119999885559082,13.119999885559082,9.9339599609375
25-07-2001,12.75,13.050000190734863,95600.0,13.744999885559082,13.375,10.127036094665527
26-07-2001,13.0,13.0,158400.0,13.5,13.375,10.127036094665527
27-07-2001,13.045000076293945,13.375,70800.0,13.5,13.204999923706055,9.998322486877441
30-07-2001,12.869999885559082,13.25,117000.0,13.25,13.100000381469727,9.918821334838867
31-07-2001,11.329999923706055,11.329999923706055,317400.0,13.100000381469727,12.449999809265137,9.426663398742676
01-08-2001,12.449999809265137,12.5,113200.0,13.154999732971191,13.085000038146973,9.907462120056152
02-08-2001,12.899999618530273,13.1850004196167,102600.0,13.25,13.199999809265137,9.994532585144043
03-08-2001,12.850000381469727,13.199999809265137,104200.0,13.25,13.005000114440918,9.846893310546875
06-08-2001,12.854999542236328,12.854999542236328,165600.0,13.710000038146973,13.524999618530273,10.240617752075195
07-08-2001,13.305000305175781,13.71500015258789,132200.0,13.71500015258789,13.475000381469727,10.20275592803955
08-08-2001,12.944999694824219,12.944999694824219,54800.0,13.484999656677246,13.085000038146973,9.907462120056152
09-08-2001,12.65999984741211,12.75,131800.0,13.3100004196167,13.305000305175781,10.07403564453125
10-08-2001,12.914999961853027,13.130000114440918,123000.0,13.3100004196167,13.109999656677246,9.92638874053955
13-08-2001,12.895000457763672,13.3100004196167,102800.0,13.385000228881836,13.369999885559082,10.123254776000977
14-08-2001,13.0,13.0,262200.0,13.649999618530273,13.399999618530273,10.145967483520508
15-08-2001,13.204999923706055,13.505000114440918,122000.0,13.595000267028809,13.579999923706055,10.282258033752441
16-08-2001,13.104999542236328,13.25,153400.0,13.720000267028809,13.649999618530273,10.33525562286377
17-08-2001,13.005000114440918,13.675000190734863,86400.0,13.675000190734863,13.364999771118164,10.119467735290527
20-08-2001,13.154999732971191,13.154999732971191,209800.0,13.75,13.694999694824219,10.369329452514648
21-08-2001,13.625,13.755000114440918,390600.0,13.954999923706055,13.725000381469727,10.392045021057129
22-08-2001,13.625,13.680000305175781,254800.0,14.0,14.0,10.600262641906738
23-08-2001,13.550000190734863,13.555000305175781,177000.0,14.385000228881836,13.625,10.316326141357422
24-08-2001,13.40999984741211,13.725000381469727,324000.0,13.925000190734863,13.75,10.410971641540527
27-08-2001,13.569999694824219,13.630000114440918,188400.0,13.90999984741211,13.649999618530273,10.33525562286377
28-08-2001,13.274999618530273,13.574999809265137,99000.0,13.6850004196167,13.5,10.22168254852295
29-08-2001,13.175000190734863,13.550000190734863,148600.0,13.550000190734863,13.305000305175781,10.126542091369629
30-08-2001,13.149999618530273,13.305000305175781,82800.0,13.444999694824219,13.180000305175781,10.031408309936523
31-08-2001,13.015000343322754,13.270000457763672,159600.0,13.300000190734863,13.020000457763672,9.909629821777344
04-09-2001,12.899999618530273,12.994999885559082,147200.0,13.350000381469727,12.904999732971191,9.822097778320312
05-09-2001,12.779999732971191,12.90999984741211,150400.0,13.039999961853027,12.899999618530273,9.818296432495117
06-09-2001,12.449999809265137,12.895000457763672,202000.0,12.899999618530273,12.609999656677246,9.597574234008789
07-09-2001,12.449999809265137,12.5,101600.0,12.78499984741211,12.479999542236328,9.498632431030273
10-09-2001,12.329999923706055,12.475000381469727,130800.0,12.645000457763672,12.550000190734863,9.55190658569336
17-09-2001,11.524999618530273,12.329999923706055,138200.0,12.550000190734863,11.755000114440918,8.94682788848877
18-09-2001,11.65999984741211,11.75,58200.0,12.199999809265137,11.885000228881836,9.045771598815918
19-09-2001,11.350000381469727,11.550000190734863,189000.0,12.135000228881836,11.625,8.847886085510254
20-09-2001,10.6899995803833,11.505000114440918,122800.0,11.579999923706055,10.75,8.181912422180176
21-09-2001,10.4350004196167,10.5,269800.0,10.84000015258789,10.569999694824219,8.044916152954102
24-09-2001,10.335000038146973,10.4399995803833,339400.0,11.104999542236328,11.104999542236328,8.452107429504395
25-09-2001,10.9350004196167,11.0,360400.0,11.364999771118164,11.095000267028809,8.444499015808105
26-09-2001,10.524999618530273,11.319999694824219,262200.0,11.319999694824219,10.729999542236328,8.166694641113281
27-09-2001,10.630000114440918,10.800000190734863,189000.0,10.975000381469727,10.949999809265137,8.33413314819336
28-09-2001,10.475000381469727,10.925000190734863,265600.0,10.96500015258789,10.925000190734863,8.315113067626953
01-10-2001,10.550000190734863,10.824999809265137,144600.0,10.925000190734863,10.925000190734863,8.315113067626953
02-10-2001,10.604999542236328,10.925000190734863,172800.0,11.074999809265137,11.074999809265137,8.429275512695312
03-10-2001,10.770000457763672,10.984999656677246,127600.0,12.09000015258789,11.260000228881836,8.570076942443848
04-10-2001,11.15999984741211,11.15999984741211,110800.0,12.199999809265137,11.824999809265137,9.000106811523438
05-10-2001,11.125,11.774999618530273,138800.0,11.90999984741211,11.619999885559082,8.844078063964844
08-10-2001,11.479999542236328,11.944999694824219,74600.0,12.095000267028809,11.789999961853027,8.973465919494629
09-10-2001,11.21500015258789,11.835000038146973,177600.0,11.835000038146973,11.574999809265137,8.809830665588379
10-10-2001,11.454999923706055,11.600000381469727,143200.0,11.699999809265137,11.664999961853027,8.878325462341309
11-10-2001,11.600000381469727,11.664999961853027,126200.0,12.350000381469727,12.265000343322754,9.334994316101074
12-10-2001,11.53499984741211,12.104999542236328,91800.0,12.494999885559082,11.920000076293945,9.072408676147461
15-10-2001,11.649999618530273,11.649999618530273,95400.0,12.399999618530273,12.399999618530273,9.437743186950684
16-10-2001,11.850000381469727,12.0649995803833,237200.0,12.484999656677246,12.484999656677246,9.502436637878418
17-10-2001,11.734999656677246,12.350000381469727,125400.0,12.350000381469727,11.734999656677246,8.931602478027344
18-10-2001,11.585000038146973,11.739999771118164,96400.0,11.979999542236328,11.885000228881836,9.045771598815918
19-10-2001,11.295000076293945,11.630000114440918,65000.0,11.949999809265137,11.829999923706055,9.003911018371582
22-10-2001,11.524999618530273,12.005000114440918,144200.0,12.024999618530273,11.989999771118164,9.125685691833496
23-10-2001,11.475000381469727,11.9350004196167,104200.0,12.255000114440918,11.475000381469727,8.733717918395996
24-10-2001,11.475000381469727,11.475000381469727,42200.0,12.024999618530273,11.9399995803833,9.087630271911621
25-10-2001,11.449999809265137,11.795000076293945,141600.0,12.375,12.199999809265137,9.285521507263184
26-10-2001,11.654999732971191,11.6899995803833,101600.0,12.5,12.354999542236328,9.403491020202637
29-10-2001,11.800000190734863,12.119999885559082,106600.0,12.125,11.850000381469727,9.019135475158691
30-10-2001,11.475000381469727,11.850000381469727,145400.0,11.984999656677246,11.489999771118164,8.745129585266113
31-10-2001,11.21500015258789,11.449999809265137,129400.0,11.710000038146973,11.21500015258789,8.535825729370117
01-11-2001,11.079999923706055,11.449999809265137,130600.0,11.539999961853027,11.505000114440918,8.756550788879395
02-11-2001,11.324999809265137,11.329999923706055,139000.0,11.800000190734863,11.53499984741211,8.779385566711426
05-11-2001,11.399999618530273,11.630000114440918,69200.0,11.914999961853027,11.59000015258789,8.821246147155762
06-11-2001,11.529999732971191,11.850000381469727,121000.0,12.145000457763672,12.039999961853027,9.163747787475586
07-11-2001,11.755000114440918,11.970000267028809,67800.0,12.029999732971191,11.920000076293945,9.072408676147461
08-11-2001,11.765000343322754,11.970000267028809,42200.0,12.25,11.765000343322754,8.954439163208008
09-11-2001,11.71500015258789,11.760000228881836,80800.0,12.164999961853027,12.095000267028809,9.205601692199707
12-11-2001,11.75,11.819999694824219,224000.0,12.25,11.904999732971191,9.060990333557129
13-11-2001,11.675000190734863,12.010000228881836,215000.0,12.125,11.920000076293945,9.072408676147461
14-11-2001,11.899999618530273,11.899999618530273,354200.0,12.225000381469727,12.024999618530273,9.152328491210938
15-11-2001,12.039999961853027,12.119999885559082,223200.0,12.25,12.050000190734863,9.171351432800293
16-11-2001,12.0,12.100000381469727,197400.0,12.274999618530273,12.0,9.13329792022705
19-11-2001,11.989999771118164,12.005000114440918,266000.0,12.295000076293945,12.28499984741211,9.350213050842285
20-11-2001,12.125,12.234999656677246,161800.0,12.305000305175781,12.125,9.228436470031738
21-11-2001,11.755000114440918,12.130000114440918,75200.0,12.130000114440918,12.029999732971191,9.156131744384766
23-11-2001,11.75,11.765000343322754,32000.0,12.399999618530273,12.274999618530273,9.342605590820312
26-11-2001,12.005000114440918,12.005000114440918,270000.0,12.425000190734863,12.425000190734863,9.456766128540039
27-11-2001,11.904999732971191,12.399999618530273,340000.0,12.5,12.234999656677246,9.312161445617676
28-11-2001,12.020000457763672,12.15999984741211,174400.0,12.25,12.020000457763672,9.148518562316895
29-11-2001,12.024999618530273,12.079999923706055,213800.0,12.425000190734863,12.425000190734863,9.456766128540039
30-11-2001,12.0600004196167,12.369999885559082,366000.0,12.420000076293945,12.079999923706055,9.194185256958008
03-12-2001,11.925000190734863,12.024999618530273,165600.0,12.25,12.015000343322754,9.144718170166016
04-12-2001,11.949999809265137,11.96500015258789,217600.0,12.25,12.095000267028809,9.205601692199707
05-12-2001,12.074999809265137,12.095000267028809,340000.0,12.494999885559082,12.46500015258789,9.487211227416992
06-12-2001,12.385000228881836,12.475000381469727,705600.0,12.975000381469727,12.944999694824219,9.852546691894531
07-12-2001,12.619999885559082,12.755000114440918,461200.0,12.994999885559082,12.904999732971191,9.822097778320312
10-12-2001,12.704999923706055,12.854999542236328,320000.0,13.0,12.744999885559082,9.700325012207031
11-12-2001,12.625,12.625,85800.0,12.979999542236328,12.704999923706055,9.669880867004395
12-12-2001,12.550000190734863,12.680000305175781,187000.0,12.914999961853027,12.699999809265137,9.71962833404541
13-12-2001,12.194999694824219,12.609999656677246,331600.0,12.904999732971191,12.414999961853027,9.501504898071289
14-12-2001,12.34000015258789,12.479999542236328,179800.0,12.925000190734863,12.699999809265137,9.71962833404541
17-12-2001,12.475000381469727,12.614999771118164,217800.0,13.4399995803833,13.430000305175781,10.278313636779785
18-12-2001,13.175000190734863,13.4399995803833,267400.0,13.579999923706055,13.5,10.331886291503906
19-12-2001,12.984999656677246,13.399999618530273,158600.0,13.404999732971191,13.069999694824219,10.002799987792969
20-12-2001,12.854999542236328,13.0,144800.0,13.220000267028809,12.869999885559082,9.84972858428955
21-12-2001,12.670000076293945,12.675000190734863,472200.0,13.154999732971191,13.109999656677246,10.033407211303711
24-12-2001,13.0649995803833,13.164999961853027,75800.0,13.175000190734863,13.0649995803833,9.998969078063965
26-12-2001,12.84000015258789,13.100000381469727,180200.0,13.324999809265137,13.024999618530273,9.968355178833008
27-12-2001,12.90999984741211,13.0,288000.0,13.25,13.225000381469727,10.121424674987793
28-12-2001,12.854999542236328,13.145000457763672,373800.0,13.210000038146973,13.0600004196167,9.995144844055176
31-12-2001,12.850000381469727,13.100000381469727,522000.0,13.494999885559082,13.204999923706055,10.106115341186523
02-01-2002,13.0,13.125,232400.0,13.390000343322754,13.260000228881836,10.148207664489746
03-01-2002,13.149999618530273,13.300000190734863,513000.0,14.25,13.925000190734863,10.657147407531738
04-01-2002,13.699999809265137,13.925000190734863,262400.0,14.024999618530273,13.84000015258789,10.592100143432617
07-01-2002,13.675000190734863,14.0,177200.0,14.25,13.710000038146973,10.49260425567627
08-01-2002,13.399999618530273,13.699999809265137,434000.0,13.800000190734863,13.550000190734863,10.37015151977539
09-01-2002,13.399999618530273,13.399999618530273,138800.0,13.800000190734863,13.470000267028809,10.308923721313477
10-01-2002,13.270000457763672,13.375,138800.0,13.625,13.28499984741211,10.167344093322754
11-01-2002,13.079999923706055,13.350000381469727,149800.0,13.420000076293945,13.204999923706055,10.106115341186523
14-01-2002,12.484999656677246,13.074999809265137,200200.0,13.175000190734863,12.770000457763672,9.773199081420898
15-01-2002,12.6850004196167,12.6899995803833,185000.0,13.0,12.774999618530273,9.777023315429688
16-01-2002,12.425000190734863,12.755000114440918,236000.0,12.845000267028809,12.510000228881836,9.574214935302734
17-01-2002,12.630000114440918,12.895000457763672,298800.0,12.895000457763672,12.720000267028809,9.734931945800781
18-01-2002,12.5,12.694999694824219,184000.0,12.800000190734863,12.574999809265137,9.623964309692383
22-01-2002,12.1850004196167,12.600000381469727,219600.0,12.75,12.1850004196167,9.325483322143555
23-01-2002,12.135000228881836,12.199999809265137,226000.0,12.600000381469727,12.600000381469727,9.643091201782227
24-01-2002,12.470000267028809,12.604999542236328,786400.0,12.625,12.550000190734863,9.604827880859375
25-01-2002,12.524999618530273,12.524999618530273,317200.0,12.649999618530273,12.595000267028809,9.63926887512207
28-01-2002,12.550000190734863,12.550000190734863,572800.0,13.399999618530273,13.154999732971191,10.067848205566406
29-01-2002,12.774999618530273,13.399999618530273,256800.0,13.524999618530273,13.0,9.949223518371582
30-01-2002,13.0,13.0,168400.0,13.350000381469727,13.300000190734863,10.178818702697754
31-01-2002,13.085000038146973,13.260000228881836,258400.0,13.5600004196167,13.225000381469727,10.121424674987793
01-02-2002,13.0,13.345000267028809,178200.0,13.425000190734863,13.199999809265137,10.102285385131836
04-02-2002,13.055000305175781,13.25,237000.0,13.359999656677246,13.100000381469727,10.0257568359375
05-02-2002,13.100000381469727,13.100000381469727,218800.0,13.5,13.404999732971191,10.25917911529541
06-02-2002,13.289999961853027,13.420000076293945,205400.0,13.529999732971191,13.385000228881836,10.243873596191406
07-02-2002,13.25,13.449999809265137,179600.0,13.449999809265137,13.319999694824219,10.194127082824707
08-02-2002,13.229999542236328,13.444999694824219,139000.0,13.880000114440918,13.850000381469727,10.599750518798828
11-02-2002,13.550000190734863,13.734999656677246,96000.0,13.914999961853027,13.755000114440918,10.527047157287598
12-02-2002,13.345000267028809,13.850000381469727,155000.0,14.055000305175781,14.0,10.714550018310547
13-02-2002,13.5649995803833,14.0,185400.0,14.100000381469727,13.824999809265137,10.580617904663086
14-02-2002,13.579999923706055,13.90999984741211,362400.0,14.0,13.6899995803833,10.47729778289795
15-02-2002,13.279999732971191,13.805000305175781,206200.0,13.805000305175781,13.505000114440918,10.335712432861328
19-02-2002,13.050000190734863,13.324999809265137,384200.0,13.600000381469727,13.175000190734863,10.083158493041992
20-02-2002,13.039999961853027,13.194999694824219,291200.0,13.569999694824219,13.479999542236328,10.371685028076172
21-02-2002,13.300000190734863,13.479999542236328,168400.0,13.614999771118164,13.395000457763672,10.306285858154297
22-02-2002,13.225000381469727,13.324999809265137,217200.0,13.734999656677246,13.71500015258789,10.552498817443848
25-02-2002,13.350000381469727,13.354999542236328,140200.0,13.975000381469727,13.8100004196167,10.625589370727539
26-02-2002,13.364999771118164,13.364999771118164,246200.0,13.845000267028809,13.670000076293945,10.517868995666504
27-02-2002,13.324999809265137,13.850000381469727,165000.0,14.0,13.720000267028809,10.556344032287598
28-02-2002,13.449999809265137,13.454999923706055,178400.0,13.744999885559082,13.614999771118164,10.475556373596191
01-03-2002,13.475000381469727,13.725000381469727,221000.0,13.725000381469727,13.630000114440918,10.48709487915039
04-03-2002,13.479999542236328,13.479999542236328,107800.0,14.114999771118164,14.085000038146973,10.837180137634277
05-03-2002,13.604999542236328,14.114999771118164,153600.0,14.194999694824219,13.949999809265137,10.73331069946289
06-03-2002,13.895000457763672,13.895000457763672,338200.0,14.90999984741211,14.805000305175781,11.391159057617188
07-03-2002,14.449999809265137,14.510000228881836,313200.0,14.765000343322754,14.520000457763672,11.171874046325684
08-03-2002,14.414999961853027,14.595000267028809,208000.0,14.675000190734863,14.574999809265137,11.214195251464844
11-03-2002,14.414999961853027,14.539999961853027,160000.0,14.654999732971191,14.654999732971191,11.27574348449707
12-03-2002,14.5,14.670000076293945,210400.0,14.729999542236328,14.5,11.156490325927734
13-03-2002,14.329999923706055,14.625,163800.0,14.6850004196167,14.505000114440918,11.160331726074219
14-03-2002,14.5,14.5,194400.0,14.699999809265137,14.545000076293945,11.191112518310547
15-03-2002,14.350000381469727,14.350000381469727,224000.0,14.850000381469727,14.774999618530273,11.368077278137207
18-03-2002,14.505000114440918,14.505000114440918,91800.0,14.8149995803833,14.8149995803833,11.398852348327637
19-03-2002,14.574999809265137,14.8149995803833,79600.0,15.0,14.960000038146973,11.510420799255371
20-03-2002,14.774999618530273,14.994999885559082,83600.0,14.994999885559082,14.90999984741211,11.471945762634277
21-03-2002,14.5,14.760000228881836,169200.0,14.8100004196167,14.75,11.348837852478027
22-03-2002,14.529999732971191,14.725000381469727,99200.0,14.954999923706055,14.75,11.348837852478027
25-03-2002,14.630000114440918,14.670000076293945,195800.0,14.875,14.704999923706055,11.314216613769531
26-03-2002,14.5,14.529999732971191,134800.0,14.885000228881836,14.885000228881836,11.452712059020996
27-03-2002,14.710000038146973,14.854999542236328,206800.0,15.0,14.914999961853027,11.475788116455078
28-03-2002,14.600000381469727,14.979999542236328,147800.0,15.239999771118164,15.074999809265137,11.59890079498291
01-04-2002,14.5,14.699999809265137,140400.0,15.274999618530273,14.899999618530273,11.464249610900879
02-04-2002,14.645000457763672,14.645000457763672,189000.0,15.395000457763672,15.229999542236328,11.718157768249512
03-04-2002,14.585000038146973,15.199999809265137,149800.0,15.295000076293945,14.755000114440918,11.35268783569336
04-04-2002,14.760000228881836,14.760000228881836,93000.0,15.170000076293945,15.170000076293945,11.671992301940918
05-04-2002,14.744999885559082,14.744999885559082,223800.0,15.670000076293945,15.579999923706055,11.987451553344727
08-04-2002,15.225000381469727,15.289999961853027,121800.0,15.699999809265137,15.649999618530273,12.041309356689453
09-04-2002,15.489999771118164,15.699999809265137,191400.0,15.954999923706055,15.725000381469727,12.099020004272461
10-04-2002,15.46500015258789,15.46500015258789,213400.0,16.165000915527344,16.094999313354492,12.38370132446289
11-04-2002,15.75,15.984999656677246,202800.0,16.1200008392334,15.899999618530273,12.23366641998291
12-04-2002,15.635000228881836,15.65999984741211,227800.0,16.0,15.944999694824219,12.268289566040039
15-04-2002,15.725000381469727,15.760000228881836,150400.0,16.25,15.795000076293945,12.152875900268555
16-04-2002,15.680000305175781,15.680000305175781,184200.0,16.665000915527344,16.65999984741211,12.818418502807617
17-04-2002,16.139999389648438,16.639999389648438,307400.0,16.700000762939453,16.139999389648438,12.41832447052002
18-04-2002,15.885000228881836,16.4950008392334,84600.0,16.4950008392334,16.03499984741211,12.33753490447998
19-04-2002,15.925000190734863,16.469999313354492,76800.0,16.469999313354492,16.104999542236328,12.391395568847656
22-04-2002,15.399999618530273,15.875,215800.0,16.149999618530273,15.470000267028809,11.90281867980957
23-04-2002,15.420000076293945,15.470000267028809,154600.0,15.75,15.569999694824219,11.979759216308594
24-04-2002,15.074999809265137,15.444999694824219,305200.0,16.25,15.164999961853027,11.668148040771484
25-04-2002,14.800000190734863,15.0,243800.0,15.324999809265137,15.244999885559082,11.729702949523926
26-04-2002,14.949999809265137,15.494999885559082,202400.0,15.595000267028809,15.324999809265137,11.791253089904785
29-04-2002,14.949999809265137,15.25,298600.0,15.329999923706055,15.03499984741211,11.568124771118164
30-04-2002,14.90999984741211,15.484999656677246,208000.0,15.604999542236328,15.489999771118164,11.918206214904785
01-05-2002,14.875,15.3100004196167,184000.0,15.359999656677246,15.21500015258789,11.706622123718262
02-05-2002,15.0,15.0,167000.0,15.71500015258789,15.484999656677246,11.914355278015137
03-05-2002,15.289999961853027,15.404999732971191,181800.0,15.75,15.579999923706055,11.987451553344727
06-05-2002,14.960000038146973,15.539999961853027,92600.0,15.829999923706055,15.024999618530273,11.56042766571045
07-05-2002,14.979999542236328,15.175000190734863,67800.0,15.545000076293945,15.1899995803833,11.687376976013184
08-05-2002,15.09000015258789,15.5,138200.0,15.5600004196167,15.5,11.925898551940918
09-05-2002,15.194999694824219,15.470000267028809,145000.0,15.699999809265137,15.305000305175781,11.775862693786621
10-05-2002,14.970000267028809,15.164999961853027,169000.0,15.375,15.005000114440918,11.545039176940918
13-05-2002,14.979999542236328,15.005000114440918,113200.0,15.354999542236328,15.175000190734863,11.675840377807617
14-05-2002,15.024999618530273,15.024999618530273,185000.0,15.994999885559082,15.949999809265137,12.272133827209473
15-05-2002,15.585000038146973,15.920000076293945,223400.0,15.920000076293945,15.789999961853027,12.149027824401855
16-05-2002,15.385000228881836,15.78499984741211,126800.0,15.914999961853027,15.454999923706055,11.891276359558105
17-05-2002,15.28499984741211,15.774999618530273,161800.0,15.774999618530273,15.505000114440918,11.929746627807617
20-05-2002,15.494999885559082,15.734999656677246,114800.0,15.75,15.524999618530273,11.945133209228516
21-05-2002,15.3100004196167,15.444999694824219,79800.0,15.699999809265137,15.3100004196167,11.779712677001953
22-05-2002,15.0,15.300000190734863,108200.0,15.515000343322754,15.164999961853027,11.668148040771484
23-05-2002,14.9399995803833,15.050000190734863,190400.0,15.380000114440918,15.369999885559082,11.825874328613281
24-05-2002,15.050000190734863,15.050000190734863,156200.0,15.595000267028809,15.244999885559082,11.729702949523926
28-05-2002,14.829999923706055,15.154999732971191,196600.0,15.154999732971191,15.0,11.541194915771484
29-05-2002,14.5,14.84000015258789,161400.0,14.949999809265137,14.604999542236328,11.237273216247559
30-05-2002,14.114999771118164,14.579999923706055,219800.0,14.579999923706055,14.395000457763672,11.07569694519043
31-05-2002,14.085000038146973,14.390000343322754,228600.0,14.625,14.229999542236328,10.94874382019043
03-06-2002,13.694999694824219,14.145000457763672,178600.0,14.375,13.755000114440918,10.583274841308594
04-06-2002,13.4350004196167,13.664999961853027,194000.0,13.789999961853027,13.664999961853027,10.514030456542969
05-06-2002,13.664999961853027,13.664999961853027,102600.0,13.9350004196167,13.9350004196167,10.77697467803955
06-06-2002,13.239999771118164,13.850000381469727,116400.0,14.0,13.3100004196167,10.29361343383789
07-06-2002,12.9399995803833,13.225000381469727,183200.0,13.645000457763672,13.630000114440918,10.541092872619629
10-06-2002,13.324999809265137,13.324999809265137,96000.0,13.755000114440918,13.604999542236328,10.52176284790039
11-06-2002,13.449999809265137,13.550000190734863,214200.0,13.829999923706055,13.449999809265137,10.401890754699707
12-06-2002,13.324999809265137,13.449999809265137,111800.0,13.59000015258789,13.545000076293945,10.475358963012695
13-06-2002,13.354999542236328,13.444999694824219,175600.0,13.75,13.505000114440918,10.444419860839844
14-06-2002,13.204999923706055,13.5,291200.0,13.505000114440918,13.454999923706055,10.405755996704102
17-06-2002,13.449999809265137,13.449999809265137,309800.0,14.229999542236328,13.704999923706055,10.59909725189209
18-06-2002,13.475000381469727,13.479999542236328,108400.0,14.0,13.645000457763672,10.552693367004395
19-06-2002,13.130000114440918,13.199999809265137,265600.0,14.114999771118164,13.479999542236328,10.425089836120605
20-06-2002,13.295000076293945,13.375,212800.0,13.649999618530273,13.305000305175781,10.289752006530762
21-06-2002,12.725000381469727,12.979999542236328,427200.0,13.895000457763672,13.180000305175781,10.193078994750977
24-06-2002,12.654999732971191,13.255000114440918,204800.0,13.345000267028809,13.024999618530273,10.073202133178711
25-06-2002,12.5,13.125,193000.0,13.324999809265137,12.604999542236328,9.74838638305664
26-06-2002,12.364999771118164,12.5600004196167,272800.0,12.890000343322754,12.829999923706055,9.922396659851074
27-06-2002,12.470000267028809,12.609999656677246,354200.0,13.130000114440918,12.944999694824219,10.011333465576172
28-06-2002,11.920000076293945,12.71500015258789,712000.0,13.569999694824219,12.329999923706055,9.5357084274292
01-07-2002,11.850000381469727,12.505000114440918,297000.0,13.104999542236328,12.484999656677246,9.65557861328125
02-07-2002,12.024999618530273,12.050000190734863,130200.0,12.774999618530273,12.244999885559082,9.46997356414795
03-07-2002,11.795000076293945,12.149999618530273,201600.0,12.8100004196167,12.175000190734863,9.415834426879883
05-07-2002,12.100000381469727,12.100000381469727,100800.0,12.854999542236328,12.800000190734863,9.899194717407227
08-07-2002,12.4350004196167,12.569999694824219,176200.0,12.649999618530273,12.4350004196167,9.616909980773926
09-07-2002,12.324999809265137,12.385000228881836,153000.0,12.835000038146973,12.46500015258789,9.640116691589355
10-07-2002,11.904999732971191,12.300000190734863,80400.0,12.569999694824219,11.979999542236328,9.265028953552246
11-07-2002,11.354999542236328,11.899999618530273,355200.0,12.234999656677246,11.630000114440918,8.994351387023926
12-07-2002,11.1850004196167,11.350000381469727,295200.0,11.949999809265137,11.420000076293945,8.831933975219727
15-07-2002,10.725000381469727,11.25,186600.0,11.46500015258789,11.404999732971191,8.820335388183594
16-07-2002,10.779999732971191,11.15999984741211,206200.0,11.529999732971191,11.234999656677246,8.688864707946777
17-07-2002,11.074999809265137,11.074999809265137,279000.0,11.765000343322754,11.640000343322754,9.002080917358398
18-07-2002,11.375,11.694999694824219,357200.0,11.850000381469727,11.579999923706055,8.955680847167969
19-07-2002,11.244999885559082,11.675000190734863,344800.0,11.710000038146973,11.454999923706055,8.85900592803955
22-07-2002,11.0600004196167,11.854999542236328,231600.0,11.859999656677246,11.199999809265137,8.661794662475586
23-07-2002,10.960000038146973,11.125,238600.0,11.350000381469727,10.96500015258789,8.480053901672363
24-07-2002,10.654999732971191,11.265000343322754,348000.0,11.5649995803833,11.53499984741211,8.92087459564209
25-07-2002,11.109999656677246,11.204999923706055,300600.0,11.864999771118164,11.75,9.087151527404785
26-07-2002,11.289999961853027,11.885000228881836,242400.0,11.899999618530273,11.5,8.893810272216797
29-07-2002,11.524999618530273,11.694999694824219,193400.0,12.244999885559082,12.09000015258789,9.35009765625
30-07-2002,11.550000190734863,11.555000305175781,220000.0,12.375,12.210000038146973,9.442904472351074
31-07-2002,11.574999809265137,11.880000114440918,186000.0,12.395000457763672,12.050000190734863,9.31916332244873
01-08-2002,11.515000343322754,11.515000343322754,182000.0,12.305000305175781,11.925000190734863,9.222490310668945
02-08-2002,11.4399995803833,11.625,246600.0,12.25,11.454999923706055,8.85900592803955
05-08-2002,11.149999618530273,11.395000457763672,309600.0,11.9350004196167,11.154999732971191,8.62699031829834
06-08-2002,11.175000190734863,11.175000190734863,317200.0,11.800000190734863,11.569999694824219,8.94795036315918
07-08-2002,11.354999542236328,11.845000267028809,219200.0,11.880000114440918,11.859999656677246,9.172223091125488
08-08-2002,11.649999618530273,11.885000228881836,106000.0,12.25,12.234999656677246,9.462236404418945
09-08-2002,11.8100004196167,12.050000190734863,265200.0,12.324999809265137,12.265000343322754,9.485443115234375
12-08-2002,11.84000015258789,12.25,96600.0,12.25,12.069999694824219,9.33462905883789
13-08-2002,11.829999923706055,11.84000015258789,137400.0,12.385000228881836,11.829999923706055,9.14902114868164
14-08-2002,11.414999961853027,11.819999694824219,224200.0,12.385000228881836,12.385000228881836,9.578245162963867
15-08-2002,12.21500015258789,12.395000457763672,87600.0,12.449999809265137,12.305000305175781,9.516373634338379
16-08-2002,12.029999732971191,12.305000305175781,102800.0,12.630000114440918,12.5649995803833,9.717447280883789
19-08-2002,12.4350004196167,12.4350004196167,145800.0,13.0,12.880000114440918,9.961064338684082
20-08-2002,12.555000305175781,12.875,98800.0,12.970000267028809,12.720000267028809,9.837326049804688
21-08-2002,12.335000038146973,12.585000038146973,148600.0,12.875,12.774999618530273,9.879857063293457
22-08-2002,11.904999732971191,12.779999732971191,397200.0,12.864999771118164,12.074999809265137,9.338497161865234
23-08-2002,11.5600004196167,12.079999923706055,225400.0,12.149999618530273,11.954999923706055,9.245692253112793
26-08-2002,11.574999809265137,11.875,116000.0,12.239999771118164,11.954999923706055,9.245692253112793
27-08-2002,11.454999923706055,11.944999694824219,218200.0,12.274999618530273,11.550000190734863,8.932475090026855
28-08-2002,10.989999771118164,11.404999732971191,351200.0,11.470000267028809,11.229999542236328,8.741761207580566
29-08-2002,10.859999656677246,11.010000228881836,188600.0,11.479999542236328,11.300000190734863,8.796253204345703
30-08-2002,11.21500015258789,11.289999961853027,183400.0,11.520000457763672,11.449999809265137,8.913016319274902
03-09-2002,10.960000038146973,11.21500015258789,382000.0,11.335000038146973,11.270000457763672,8.77289867401123
04-09-2002,11.074999809265137,11.125,421400.0,11.5649995803833,11.5649995803833,9.002533912658691
05-09-2002,11.225000381469727,11.225000381469727,357600.0,11.699999809265137,11.53499984741211,8.979181289672852
06-09-2002,11.449999809265137,11.449999809265137,335800.0,11.845000267028809,11.845000267028809,9.220492362976074
09-09-2002,11.569999694824219,11.699999809265137,200400.0,12.15999984741211,12.09000015258789,9.411209106445312
10-09-2002,11.755000114440918,12.164999961853027,215000.0,12.244999885559082,12.229999542236328,9.520188331604004
11-09-2002,12.005000114440918,12.234999656677246,115200.0,12.324999809265137,12.095000267028809,9.4151029586792
12-09-2002,11.770000457763672,12.050000190734863,153000.0,12.234999656677246,12.0,9.341154098510742
13-09-2002,11.75,12.0,180000.0,12.164999961853027,12.114999771118164,9.430670738220215
16-09-2002,11.744999885559082,11.744999885559082,185000.0,12.21500015258789,11.994999885559082,9.337260246276855
17-09-2002,11.845000267028809,12.145000457763672,141400.0,12.21500015258789,12.015000343322754,9.352829933166504
18-09-2002,11.6850004196167,11.755000114440918,107400.0,12.1899995803833,12.0600004196167,9.387863159179688
19-09-2002,11.600000381469727,11.835000038146973,287200.0,12.149999618530273,12.0,9.341154098510742
20-09-2002,11.649999618530273,11.755000114440918,471600.0,12.020000457763672,12.0,9.341154098510742
23-09-2002,11.505000114440918,11.625,116800.0,12.085000038146973,11.53499984741211,8.979181289672852
24-09-2002,11.319999694824219,11.529999732971191,107200.0,11.585000038146973,11.494999885559082,8.94804859161377
25-09-2002,11.4399995803833,11.4399995803833,147800.0,11.854999542236328,11.854999542236328,9.228282928466797
26-09-2002,11.649999618530273,11.84000015258789,103800.0,12.279999732971191,12.15999984741211,9.465703010559082
27-09-2002,11.550000190734863,12.180000305175781,141000.0,12.289999961853027,11.694999694824219,9.103731155395508
30-09-2002,11.274999618530273,11.65999984741211,170800.0,12.020000457763672,11.869999885559082,9.239956855773926
01-10-2002,11.550000190734863,11.8149995803833,226000.0,12.029999732971191,11.850000381469727,9.224386215209961
02-10-2002,11.489999771118164,11.670000076293945,180800.0,12.010000228881836,11.489999771118164,8.944150924682617
03-10-2002,11.289999961853027,11.484999656677246,131200.0,11.859999656677246,11.300000190734863,8.796253204345703
04-10-2002,10.960000038146973,11.699999809265137,108800.0,11.720000267028809,11.164999961853027,8.691163063049316
07-10-2002,10.890000343322754,11.010000228881836,174200.0,11.145000457763672,10.949999809265137,8.523797035217285
08-10-2002,10.859999656677246,10.994999885559082,133600.0,11.375,11.350000381469727,8.835171699523926
09-10-2002,10.725000381469727,11.079999923706055,184400.0,11.34000015258789,10.725000381469727,8.348654747009277
10-10-2002,10.699999809265137,10.725000381469727,112200.0,11.359999656677246,11.359999656677246,8.842958450317383
11-10-2002,11.289999961853027,11.46500015258789,72600.0,11.729999542236328,11.630000114440918,9.05313777923584
14-10-2002,11.145000457763672,11.600000381469727,83800.0,11.640000343322754,11.204999923706055,8.722297668457031
15-10-2002,11.225000381469727,11.225000381469727,97600.0,12.239999771118164,12.239999771118164,9.527975082397461
16-10-2002,11.704999923706055,12.239999771118164,88400.0,12.295000076293945,11.770000457763672,9.162111282348633
17-10-2002,11.680000305175781,11.680000305175781,90400.0,12.4350004196167,12.430000305175781,9.675875663757324
18-10-2002,12.145000457763672,12.430000305175781,124600.0,12.5,12.149999618530273,9.457914352416992
21-10-2002,11.930000305175781,12.135000228881836,107200.0,12.574999809265137,12.574999809265137,9.788745880126953
22-10-2002,12.204999923706055,12.505000114440918,102200.0,12.505000114440918,12.255000114440918,9.539650917053223
23-10-2002,11.925000190734863,12.489999771118164,164600.0,12.489999771118164,12.149999618530273,9.457914352416992
24-10-2002,12.074999809265137,12.375,101400.0,12.460000038146973,12.119999885559082,9.434568405151367
25-10-2002,11.994999885559082,12.225000381469727,76200.0,12.5,12.479999542236328,9.714792251586914
28-10-2002,12.180000305175781,12.479999542236328,84600.0,12.550000190734863,12.324999809265137,9.594141960144043
29-10-2002,12.109999656677246,12.494999885559082,126000.0,12.510000228881836,12.479999542236328,9.714792251586914
30-10-2002,12.420000076293945,12.494999885559082,111600.0,12.899999618530273,12.850000381469727,10.002819061279297
31-10-2002,12.649999618530273,12.649999618530273,148400.0,13.300000190734863,12.954999923706055,10.084550857543945
01-11-2002,12.765000343322754,12.765000343322754,167400.0,13.1850004196167,13.135000228881836,10.224666595458984
04-11-2002,12.78499984741211,13.175000190734863,141200.0,13.430000305175781,13.045000076293945,10.154611587524414
05-11-2002,13.024999618530273,13.055000305175781,52400.0,13.305000305175781,13.274999618530273,10.333649635314941
06-11-2002,13.0,13.270000457763672,74800.0,13.625,13.609999656677246,10.59442138671875
07-11-2002,13.050000190734863,13.050000190734863,142200.0,13.6899995803833,13.59000015258789,10.578853607177734
08-11-2002,13.359999656677246,13.359999656677246,74800.0,13.649999618530273,13.414999961853027,10.442628860473633
11-11-2002,12.770000457763672,13.364999771118164,126200.0,13.494999885559082,12.859999656677246,10.010601997375488
12-11-2002,12.694999694824219,12.800000190734863,206400.0,13.055000305175781,12.805000305175781,9.967785835266113
13-11-2002,12.324999809265137,12.585000038146973,229400.0,13.03499984741211,12.345000267028809,9.609707832336426
14-11-2002,12.369999885559082,12.5,288200.0,12.875,12.5,9.730364799499512
15-11-2002,12.4399995803833,12.46500015258789,274000.0,12.880000114440918,12.585000038146973,9.796531677246094
18-11-2002,12.399999618530273,12.505000114440918,112600.0,12.8100004196167,12.479999542236328,9.714792251586914
19-11-2002,12.34000015258789,12.649999618530273,77400.0,12.725000381469727,12.420000076293945,9.6680908203125
20-11-2002,12.40999984741211,12.40999984741211,74200.0,12.989999771118164,12.989999771118164,10.111797332763672
21-11-2002,12.9399995803833,12.944999694824219,110600.0,13.274999618530273,13.274999618530273,10.333649635314941
22-11-2002,12.875,12.875,108800.0,13.289999961853027,13.265000343322754,10.325865745544434
25-11-2002,13.050000190734863,13.180000305175781,135800.0,13.574999809265137,13.550000190734863,10.547718048095703
26-11-2002,12.979999542236328,13.375,184800.0,13.725000381469727,13.199999809265137,10.275264739990234
27-11-2002,12.930000305175781,13.229999542236328,253600.0,13.5649995803833,13.5649995803833,10.559391975402832
29-11-2002,13.614999771118164,13.619999885559082,70600.0,13.880000114440918,13.680000305175781,10.648910522460938
02-12-2002,13.53499984741211,13.604999542236328,319000.0,13.930000305175781,13.630000114440918,10.60998821258545
03-12-2002,13.494999885559082,13.625,110600.0,13.6850004196167,13.569999694824219,10.563284873962402
04-12-2002,13.425000190734863,13.5600004196167,96400.0,13.770000457763672,13.645000457763672,10.621665954589844
05-12-2002,13.550000190734863,13.625,204400.0,13.84000015258789,13.625,10.606100082397461
06-12-2002,13.4350004196167,13.595000267028809,203800.0,13.920000076293945,13.890000343322754,10.81238079071045
09-12-2002,12.944999694824219,13.760000228881836,189800.0,13.760000228881836,12.954999923706055,10.084550857543945
10-12-2002,12.829999923706055,12.920000076293945,249200.0,13.28499984741211,13.204999923706055,10.279158592224121
11-12-2002,12.989999771118164,13.125,161400.0,13.375,13.039999961853027,10.208702087402344
12-12-2002,12.149999618530273,12.949999809265137,562000.0,13.0,12.305000305175781,9.633285522460938
13-12-2002,11.734999656677246,12.255000114440918,168000.0,12.404999732971191,11.835000038146973,9.265334129333496
16-12-2002,11.694999694824219,11.71500015258789,283200.0,12.760000228881836,12.5,9.785944938659668
17-12-2002,12.020000457763672,12.375,206800.0,12.380000114440918,12.130000114440918,9.496285438537598
18-12-2002,11.75,12.104999542236328,178800.0,12.104999542236328,11.885000228881836,9.304481506347656
19-12-2002,11.645000457763672,11.970000267028809,431600.0,11.975000381469727,11.725000381469727,9.179218292236328
20-12-2002,11.5649995803833,11.800000190734863,491600.0,11.800000190734863,11.704999923706055,9.163565635681152
23-12-2002,11.640000343322754,11.640000343322754,564600.0,12.255000114440918,12.255000114440918,9.59414291381836
24-12-2002,12.010000228881836,12.015000343322754,80800.0,12.300000190734863,12.039999961853027,9.425823211669922
26-12-2002,11.890000343322754,12.0,144400.0,12.329999923706055,12.180000305175781,9.535425186157227
27-12-2002,11.805000305175781,12.020000457763672,149800.0,12.194999694824219,12.164999961853027,9.523682594299316
30-12-2002,11.930000305175781,12.03499984741211,176400.0,12.324999809265137,12.164999961853027,9.523682594299316
31-12-2002,12.279999732971191,12.28499984741211,231800.0,12.609999656677246,12.414999961853027,9.719402313232422
02-01-2003,12.335000038146973,12.404999732971191,145800.0,12.645000457763672,12.5,9.785944938659668
03-01-2003,12.175000190734863,12.529999732971191,167200.0,12.604999542236328,12.494999885559082,9.782034873962402
06-01-2003,12.454999923706055,12.475000381469727,243800.0,12.710000038146973,12.625,9.883809089660645
07-01-2003,12.359999656677246,12.524999618530273,185000.0,12.670000076293945,12.614999771118164,9.875977516174316
08-01-2003,12.234999656677246,12.5600004196167,156200.0,12.619999885559082,12.234999656677246,9.57848834991455
09-01-2003,12.225000381469727,12.229999542236328,148800.0,12.619999885559082,12.550000190734863,9.825092315673828
10-01-2003,12.154999732971191,12.595000267028809,196000.0,12.625,12.329999923706055,9.65285873413086
13-01-2003,12.130000114440918,12.265000343322754,130600.0,12.4399995803833,12.1899995803833,9.543253898620605
14-01-2003,12.154999732971191,12.220000267028809,98600.0,12.460000038146973,12.460000038146973,9.754633903503418
15-01-2003,12.21500015258789,12.475000381469727,63200.0,12.489999771118164,12.345000267028809,9.664602279663086
16-01-2003,12.149999618530273,12.289999961853027,102200.0,12.614999771118164,12.149999618530273,9.511938095092773
17-01-2003,11.755000114440918,12.135000228881836,211400.0,12.135000228881836,11.755000114440918,9.202705383300781
21-01-2003,11.604999542236328,11.75,98000.0,11.8100004196167,11.635000228881836,9.108757019042969
22-01-2003,11.175000190734863,11.574999809265137,81200.0,11.630000114440918,11.21500015258789,8.779952049255371
23-01-2003,11.149999618530273,11.274999618530273,118800.0,11.364999771118164,11.359999656677246,8.89346694946289
24-01-2003,10.895000457763672,11.319999694824219,117200.0,11.385000228881836,10.895000457763672,8.529431343078613
27-01-2003,10.875,10.875,152200.0,11.114999771118164,11.015000343322754,8.623373985290527
28-01-2003,10.925000190734863,11.0,117400.0,11.154999732971191,11.085000038146973,8.678181648254395
29-01-2003,10.890000343322754,11.050000190734863,152000.0,11.25,11.234999656677246,8.795607566833496
30-01-2003,10.729999542236328,11.164999961853027,121600.0,11.324999809265137,10.835000038146973,8.48245906829834
31-01-2003,10.75,10.805000305175781,127400.0,11.100000381469727,11.050000190734863,8.650774955749512
03-02-2003,10.854999542236328,10.949999809265137,94200.0,11.164999961853027,10.954999923706055,8.57640266418457
04-02-2003,10.824999809265137,10.885000228881836,75600.0,10.9350004196167,10.904999732971191,8.537263870239258
05-02-2003,10.720000267028809,10.78499984741211,75600.0,11.210000038146973,10.760000228881836,8.423748016357422
06-02-2003,10.744999885559082,10.744999885559082,63600.0,10.989999771118164,10.975000381469727,8.592060089111328
07-02-2003,10.614999771118164,11.0,64600.0,11.109999656677246,10.630000114440918,8.321971893310547
10-02-2003,10.324999809265137,10.600000381469727,151000.0,10.6850004196167,10.555000305175781,8.263254165649414
11-02-2003,10.390000343322754,10.5,135400.0,10.824999809265137,10.579999923706055,8.28282642364502
12-02-2003,10.319999694824219,10.390000343322754,81000.0,10.680000305175781,10.359999656677246,8.110596656799316
13-02-2003,10.260000228881836,10.369999885559082,116800.0,10.595000267028809,10.505000114440918,8.224111557006836
14-02-2003,10.5,10.5,183200.0,10.835000038146973,10.734999656677246,8.404168128967285
18-02-2003,10.675000190734863,10.765000343322754,113400.0,11.125,11.119999885559082,8.70557975769043
19-02-2003,10.569999694824219,10.774999618530273,146000.0,10.994999885559082,10.75,8.473063468933105
20-02-2003,10.75,10.75,166000.0,11.145000457763672,10.960000038146973,8.638586044311523
21-02-2003,10.920000076293945,10.979999542236328,189000.0,11.114999771118164,11.100000381469727,8.748931884765625
24-02-2003,10.845000267028809,11.0,80800.0,11.114999771118164,10.925000190734863,8.610995292663574
25-02-2003,10.84000015258789,10.84000015258789,123000.0,11.34000015258789,11.305000305175781,8.910511016845703
26-02-2003,11.055000305175781,11.319999694824219,115600.0,11.404999732971191,11.095000267028809,8.744987487792969
27-02-2003,11.024999618530273,11.024999618530273,216600.0,11.829999923706055,11.704999923706055,9.225783348083496
28-02-2003,11.6850004196167,11.6850004196167,307000.0,12.274999618530273,11.96500015258789,9.430719375610352
03-03-2003,11.880000114440918,11.895000457763672,294200.0,12.270000457763672,12.125,9.556827545166016
04-03-2003,12.079999923706055,12.079999923706055,262600.0,12.375,12.140000343322754,9.56865119934082
05-03-2003,11.930000305175781,12.114999771118164,201800.0,12.170000076293945,12.109999656677246,9.545000076293945
06-03-2003,12.039999961853027,12.0600004196167,263000.0,12.234999656677246,12.085000038146973,9.525298118591309
07-03-2003,11.845000267028809,12.074999809265137,279800.0,12.149999618530273,12.050000190734863,9.497712135314941
10-03-2003,11.850000381469727,12.024999618530273,127400.0,12.050000190734863,11.854999542236328,9.344009399414062
11-03-2003,11.824999809265137,11.824999809265137,147000.0,12.125,11.960000038146973,9.426775932312012
12-03-2003,11.850000381469727,12.0,188600.0,12.289999961853027,12.170000076293945,9.59229564666748
13-03-2003,12.225000381469727,12.225000381469727,157000.0,12.494999885559082,12.375,9.753872871398926
14-03-2003,12.324999809265137,12.359999656677246,118000.0,12.479999542236328,12.364999771118164,9.745993614196777
17-03-2003,12.3149995803833,12.350000381469727,198400.0,12.555000305175781,12.555000305175781,9.895748138427734
18-03-2003,12.329999923706055,12.614999771118164,167400.0,12.625,12.479999542236328,9.83663272857666
19-03-2003,12.199999809265137,12.204999923706055,177600.0,12.664999961853027,12.5600004196167,9.899685859680176
20-03-2003,12.270000457763672,12.505000114440918,228000.0,12.609999656677246,12.494999885559082,9.848457336425781
21-03-2003,12.399999618530273,12.454999923706055,427600.0,13.375,13.329999923706055,10.506595611572266
24-03-2003,12.604999542236328,13.255000114440918,126000.0,13.380000114440918,12.664999961853027,9.982447624206543
25-03-2003,12.470000267028809,12.630000114440918,159200.0,13.114999771118164,12.829999923706055,10.11250114440918
26-03-2003,12.529999732971191,12.734999656677246,122400.0,12.845000267028809,12.529999732971191,9.876044273376465
27-03-2003,12.430000305175781,12.475000381469727,142400.0,13.140000343322754,12.954999923706055,10.211026191711426
28-03-2003,12.694999694824219,12.930000305175781,158000.0,13.079999923706055,12.710000038146973,10.017918586730957
31-03-2003,11.979999542236328,12.630000114440918,229200.0,12.635000228881836,12.045000076293945,9.49377155303955
01-04-2003,12.010000228881836,12.024999618530273,214800.0,12.3149995803833,12.125,9.556827545166016
02-04-2003,12.199999809265137,12.204999923706055,254000.0,13.0,12.84000015258789,10.120378494262695
03-04-2003,12.649999618530273,12.845000267028809,190800.0,13.180000305175781,12.770000457763672,10.065210342407227
04-04-2003,12.755000114440918,13.020000457763672,118200.0,13.25,13.005000114440918,10.25043773651123
07-04-2003,12.975000381469727,12.975000381469727,139800.0,13.515000343322754,13.050000190734863,10.285908699035645
08-04-2003,12.824999809265137,13.0600004196167,138400.0,13.1850004196167,12.890000343322754,10.15979290008545
09-04-2003,12.65999984741211,12.789999961853027,145200.0,12.9350004196167,12.795000076293945,10.08491325378418
10-04-2003,12.46500015258789,12.5,132800.0,12.654999732971191,12.574999809265137,9.911514282226562
11-04-2003,12.180000305175781,12.75,191200.0,12.904999732971191,12.329999923706055,9.718406677246094
14-04-2003,12.074999809265137,12.229999542236328,224200.0,12.755000114440918,12.614999771118164,9.943038940429688
15-04-2003,12.399999618530273,12.5,154800.0,12.65999984741211,12.5649995803833,9.903626441955566
16-04-2003,12.40999984741211,12.675000190734863,112800.0,12.864999771118164,12.654999732971191,9.974567413330078
17-04-2003,12.359999656677246,12.649999618530273,144800.0,13.069999694824219,12.364999771118164,9.745993614196777
21-04-2003,12.350000381469727,12.350000381469727,102200.0,12.595000267028809,12.595000267028809,9.92728042602539
22-04-2003,12.475000381469727,12.475000381469727,101600.0,12.75,12.6850004196167,9.998215675354004
23-04-2003,12.449999809265137,12.699999809265137,92800.0,12.699999809265137,12.625,9.950922966003418
24-04-2003,12.444999694824219,12.595000267028809,118400.0,12.744999885559082,12.539999961853027,9.883923530578613
25-04-2003,12.420000076293945,12.489999771118164,67000.0,12.635000228881836,12.539999961853027,9.883923530578613
28-04-2003,12.569999694824219,12.569999694824219,158400.0,12.78499984741211,12.734999656677246,10.037623405456543
29-04-2003,12.614999771118164,12.789999961853027,139200.0,12.850000381469727,12.640000343322754,9.962746620178223
30-04-2003,12.53499984741211,12.53499984741211,186000.0,12.795000076293945,12.630000114440918,9.954862594604492
01-05-2003,12.390000343322754,12.630000114440918,112200.0,12.720000267028809,12.569999694824219,9.907570838928223
02-05-2003,12.444999694824219,12.484999656677246,111400.0,12.789999961853027,12.75,10.049446105957031
05-05-2003,12.595000267028809,12.640000343322754,357000.0,12.880000114440918,12.800000190734863,10.088855743408203
06-05-2003,12.664999961853027,12.664999961853027,170200.0,12.904999732971191,12.760000228881836,10.057324409484863
07-05-2003,12.579999923706055,12.59000015258789,95600.0,12.795000076293945,12.654999732971191,9.974567413330078
08-05-2003,12.479999542236328,12.739999771118164,44000.0,12.739999771118164,12.545000076293945,9.887866020202637
09-05-2003,12.479999542236328,12.630000114440918,258800.0,12.899999618530273,12.850000381469727,10.128262519836426
12-05-2003,12.765000343322754,12.765000343322754,65400.0,13.0,12.984999656677246,10.234670639038086
13-05-2003,12.850000381469727,12.864999771118164,70400.0,13.0,12.885000228881836,10.155853271484375
14-05-2003,12.854999542236328,12.864999771118164,75000.0,12.954999923706055,12.954999923706055,10.211026191711426
15-05-2003,12.84000015258789,12.984999656677246,239400.0,13.024999618530273,12.869999885559082,10.14403247833252
16-05-2003,12.850000381469727,12.975000381469727,257600.0,13.0,12.9350004196167,10.19526481628418
19-05-2003,12.739999771118164,12.875,143800.0,12.930000305175781,12.75,10.049446105957031
20-05-2003,12.5,12.75,86200.0,12.805000305175781,12.569999694824219,9.907570838928223
21-05-2003,12.329999923706055,12.40999984741211,94600.0,12.520000457763672,12.399999618530273,9.773578643798828
22-05-2003,12.260000228881836,12.3149995803833,135400.0,12.550000190734863,12.3100004196167,9.702638626098633
23-05-2003,12.21500015258789,12.260000228881836,70800.0,12.524999618530273,12.5,9.852399826049805
27-05-2003,12.329999923706055,12.46500015258789,75800.0,12.755000114440918,12.680000305175781,9.99427604675293
28-05-2003,11.970000267028809,12.520000457763672,235800.0,12.569999694824219,12.345000267028809,9.730226516723633
29-05-2003,11.805000305175781,12.164999961853027,302800.0,12.255000114440918,12.0649995803833,9.50953483581543
30-05-2003,11.805000305175781,12.354999542236328,233200.0,12.399999618530273,11.875,9.359776496887207
02-06-2003,11.6899995803833,11.875,149800.0,12.005000114440918,11.729999542236328,9.245488166809082
03-06-2003,11.279999732971191,11.699999809265137,267600.0,11.800000190734863,11.345000267028809,8.942038536071777
04-06-2003,11.140000343322754,11.375,275400.0,11.920000076293945,11.875,9.422065734863281
05-06-2003,11.395000457763672,11.90999984741211,166000.0,11.90999984741211,11.835000038146973,9.390329360961914
06-06-2003,11.680000305175781,11.930000305175781,172400.0,12.329999923706055,11.71500015258789,9.29511547088623
09-06-2003,11.345000267028809,11.71500015258789,240400.0,11.890000343322754,11.595000267028809,9.19990062713623
10-06-2003,11.199999809265137,11.645000457763672,189600.0,11.904999732971191,11.859999656677246,9.410162925720215
11-06-2003,11.239999771118164,11.25,205400.0,12.119999885559082,12.0,9.521247863769531
12-06-2003,11.8100004196167,11.850000381469727,116200.0,12.125,11.9399995803833,9.473639488220215
13-06-2003,11.760000228881836,11.760000228881836,98400.0,12.100000381469727,12.024999618530273,9.541083335876465
16-06-2003,11.795000076293945,12.0600004196167,253600.0,12.489999771118164,12.4350004196167,9.8663911819458
17-06-2003,12.024999618530273,12.130000114440918,161800.0,12.324999809265137,12.1899995803833,9.671998023986816
18-06-2003,11.975000381469727,12.050000190734863,123400.0,12.449999809265137,12.130000114440918,9.624391555786133
19-06-2003,11.899999618530273,12.0600004196167,236600.0,12.5,11.944999694824219,9.4776029586792
20-06-2003,11.4350004196167,12.125,269200.0,12.5,12.449999809265137,9.878290176391602
23-06-2003,12.0,12.484999656677246,155000.0,12.484999656677246,12.039999961853027,9.55298137664795
24-06-2003,12.109999656677246,12.220000267028809,149600.0,12.449999809265137,12.345000267028809,9.7949800491333
25-06-2003,11.579999923706055,12.119999885559082,350600.0,12.449999809265137,12.015000343322754,9.533149719238281
26-06-2003,11.744999885559082,12.149999618530273,247800.0,12.449999809265137,12.234999656677246,9.7077054977417
27-06-2003,12.055000305175781,12.204999923706055,179200.0,12.425000190734863,12.164999961853027,9.652166366577148
30-06-2003,11.8100004196167,12.050000190734863,370400.0,12.444999694824219,12.244999885559082,9.715636253356934
01-07-2003,11.6899995803833,11.789999961853027,347800.0,12.1899995803833,11.899999618530273,9.441904067993164
02-07-2003,11.625,11.789999961853027,191400.0,12.270000457763672,12.244999885559082,9.715636253356934
03-07-2003,11.880000114440918,12.265000343322754,170800.0,12.289999961853027,12.03499984741211,9.549016952514648
07-07-2003,12.020000457763672,12.375,201200.0,12.475000381469727,12.145000457763672,9.6362943649292
08-07-2003,11.975000381469727,12.03499984741211,243000.0,12.5,12.420000076293945,9.85448932647705
09-07-2003,11.989999771118164,12.204999923706055,226600.0,12.40999984741211,12.244999885559082,9.715636253356934
10-07-2003,12.024999618530273,12.050000190734863,126400.0,12.270000457763672,12.244999885559082,9.715636253356934
11-07-2003,11.800000190734863,12.074999809265137,109200.0,12.800000190734863,12.414999961853027,9.850520133972168
14-07-2003,12.050000190734863,12.050000190734863,116000.0,12.5,12.329999923706055,9.783080101013184
15-07-2003,12.0,12.3149995803833,163000.0,12.4350004196167,12.119999885559082,9.616459846496582
16-07-2003,11.930000305175781,12.119999885559082,134000.0,12.364999771118164,12.175000190734863,9.660097122192383
17-07-2003,12.0,12.119999885559082,209400.0,12.354999542236328,12.204999923706055,9.683900833129883
18-07-2003,12.0649995803833,12.0649995803833,149800.0,12.649999618530273,12.569999694824219,9.973503112792969
21-07-2003,11.930000305175781,12.300000190734863,140400.0,12.489999771118164,12.015000343322754,9.533149719238281
22-07-2003,11.725000381469727,12.149999618530273,171000.0,12.255000114440918,12.050000190734863,9.560916900634766
23-07-2003,11.645000457763672,11.845000267028809,228400.0,12.100000381469727,12.024999618530273,9.541083335876465
24-07-2003,11.699999809265137,11.699999809265137,189200.0,12.255000114440918,12.010000228881836,9.529176712036133
25-07-2003,11.805000305175781,11.890000343322754,287800.0,12.25,11.954999923706055,9.485540390014648
28-07-2003,11.824999809265137,12.005000114440918,183000.0,12.260000228881836,12.199999809265137,9.67993450164795
29-07-2003,11.899999618530273,11.925000190734863,78800.0,12.199999809265137,12.069999694824219,9.576787948608398
30-07-2003,11.774999618530273,11.944999694824219,295800.0,12.25,12.119999885559082,9.616459846496582
31-07-2003,11.975000381469727,12.6899995803833,151600.0,12.6899995803833,12.079999923706055,9.584723472595215
01-08-2003,11.699999809265137,11.899999618530273,106600.0,12.149999618530273,11.710000038146973,9.291144371032715
04-08-2003,11.625,11.774999618530273,123800.0,12.199999809265137,12.130000114440918,9.624391555786133
05-08-2003,11.75,12.050000190734863,131400.0,12.119999885559082,11.914999961853027,9.453804016113281
06-08-2003,11.555000305175781,11.65999984741211,104400.0,11.944999694824219,11.734999656677246,9.31098461151123
07-08-2003,11.449999809265137,11.725000381469727,81800.0,11.760000228881836,11.614999771118164,9.215771675109863
08-08-2003,11.5,11.59000015258789,82200.0,11.619999885559082,11.5,9.124530792236328
11-08-2003,11.324999809265137,11.5,85200.0,11.670000076293945,11.670000076293945,9.259413719177246
12-08-2003,11.604999542236328,11.734999656677246,99000.0,11.795000076293945,11.694999694824219,9.279243469238281
13-08-2003,11.609999656677246,11.609999656677246,55200.0,11.800000190734863,11.800000190734863,9.362555503845215
14-08-2003,11.699999809265137,11.875,70600.0,12.045000076293945,12.029999732971191,9.545048713684082
15-08-2003,11.864999771118164,11.864999771118164,29200.0,12.225000381469727,11.944999694824219,9.4776029586792
18-08-2003,11.875,11.994999885559082,88200.0,12.255000114440918,12.25,9.719602584838867
19-08-2003,11.899999618530273,12.225000381469727,242800.0,12.720000267028809,12.720000267028809,10.092519760131836
20-08-2003,12.350000381469727,12.71500015258789,171200.0,12.725000381469727,12.489999771118164,9.91003131866455
21-08-2003,12.369999885559082,12.375,94800.0,12.720000267028809,12.510000228881836,9.925902366638184
22-08-2003,11.904999732971191,12.625,138400.0,12.625,12.020000457763672,9.537115097045898
25-08-2003,11.875,12.1899995803833,130400.0,12.199999809265137,11.875,9.422065734863281
26-08-2003,11.649999618530273,11.875,405800.0,11.970000267028809,11.970000267028809,9.497442245483398
27-08-2003,11.75,11.949999809265137,260600.0,12.5,12.194999694824219,9.739022254943848
28-08-2003,12.369999885559082,12.524999618530273,296000.0,12.925000190734863,12.569999694824219,10.038498878479004
29-08-2003,12.404999732971191,12.979999542236328,113800.0,12.979999542236328,12.4350004196167,9.93068790435791
02-09-2003,12.1850004196167,12.1850004196167,166000.0,13.119999885559082,13.119999885559082,10.47773551940918
03-09-2003,12.875,12.925000190734863,333800.0,13.279999732971191,13.100000381469727,10.461759567260742
04-09-2003,13.335000038146973,13.649999618530273,577200.0,13.829999923706055,13.600000381469727,10.861066818237305
05-09-2003,13.25,13.59000015258789,406400.0,13.645000457763672,13.364999771118164,10.67339038848877
08-09-2003,13.074999809265137,13.444999694824219,180200.0,13.779999732971191,13.574999809265137,10.84109878540039
09-09-2003,13.005000114440918,13.5,134600.0,13.675000190734863,13.0649995803833,10.433812141418457
10-09-2003,12.989999771118164,13.050000190734863,203800.0,13.335000038146973,13.145000457763672,10.497698783874512
11-09-2003,13.024999618530273,13.100000381469727,333200.0,13.505000114440918,13.494999885559082,10.777212142944336
12-09-2003,13.0600004196167,13.430000305175781,188600.0,13.5649995803833,13.385000228881836,10.68936538696289
15-09-2003,13.380000114440918,13.380000114440918,105600.0,13.595000267028809,13.585000038146973,10.84908390045166
16-09-2003,13.359999656677246,13.555000305175781,110600.0,13.699999809265137,13.699999809265137,10.940925598144531
17-09-2003,13.5,13.710000038146973,81400.0,13.710000038146973,13.5,10.781201362609863
18-09-2003,13.479999542236328,13.479999542236328,124200.0,13.75,13.75,10.980857849121094
19-09-2003,13.479999542236328,13.479999542236328,153200.0,13.770000457763672,13.75,10.980857849121094
22-09-2003,13.494999885559082,13.744999885559082,146000.0,13.800000190734863,13.795000076293945,11.016792297363281
23-09-2003,13.5,13.795000076293945,100200.0,13.795000076293945,13.5600004196167,10.829121589660645
24-09-2003,13.489999771118164,13.5,158600.0,13.6899995803833,13.5649995803833,10.833111763000488
25-09-2003,13.1850004196167,13.5,255400.0,13.635000228881836,13.1850004196167,10.529642105102539
26-09-2003,12.675000190734863,13.149999618530273,178800.0,13.220000267028809,12.800000190734863,10.222179412841797
29-09-2003,12.649999618530273,12.739999771118164,164000.0,13.1899995803833,13.1899995803833,10.533634185791016
30-09-2003,12.774999618530273,13.1850004196167,264600.0,13.1850004196167,12.944999694824219,10.33797550201416
01-10-2003,12.8100004196167,12.960000038146973,152400.0,13.420000076293945,13.385000228881836,10.68936538696289
02-10-2003,13.199999809265137,13.420000076293945,151400.0,13.545000076293945,13.3149995803833,10.633463859558105
03-10-2003,13.180000305175781,13.244999885559082,297600.0,14.03499984741211,14.0,11.180506706237793
06-10-2003,13.680000305175781,14.0,207600.0,14.050000190734863,13.71500015258789,10.952905654907227
07-10-2003,13.71500015258789,13.765000343322754,74600.0,13.994999885559082,13.954999923706055,11.144569396972656
08-10-2003,13.760000228881836,13.895000457763672,84400.0,14.095000267028809,13.885000228881836,11.088666915893555
09-10-2003,13.604999542236328,13.800000190734863,206000.0,14.0,13.994999885559082,11.176515579223633
10-10-2003,13.609999656677246,13.75,170600.0,13.875,13.75,10.980857849121094
13-10-2003,13.675000190734863,13.675000190734863,120200.0,14.100000381469727,13.9399995803833,11.132591247558594
14-10-2003,13.6850004196167,13.994999885559082,137600.0,14.130000114440918,14.020000457763672,11.196479797363281
15-10-2003,13.975000381469727,14.104999542236328,78600.0,14.119999885559082,14.069999694824219,11.236409187316895
16-10-2003,13.859999656677246,14.020000457763672,200600.0,14.074999809265137,13.989999771118164,11.17252254486084
17-10-2003,13.694999694824219,14.045000076293945,139400.0,14.100000381469727,13.75,10.980857849121094
20-10-2003,13.75,13.970000267028809,129600.0,14.079999923706055,13.979999542236328,11.164535522460938
21-10-2003,13.600000381469727,13.960000038146973,89800.0,14.0,13.800000190734863,11.02078628540039
22-10-2003,13.430000305175781,13.795000076293945,167000.0,13.795000076293945,13.444999694824219,10.737279891967773
23-10-2003,13.324999809265137,13.4399995803833,130200.0,13.600000381469727,13.350000381469727,10.661417961120605
24-10-2003,13.204999923706055,13.329999923706055,142000.0,13.654999732971191,13.385000228881836,10.68936538696289
27-10-2003,13.460000038146973,13.460000038146973,60000.0,13.899999618530273,13.899999618530273,11.10064697265625
28-10-2003,13.645000457763672,13.6899995803833,126000.0,13.949999809265137,13.800000190734863,11.02078628540039
29-10-2003,13.774999618530273,14.175000190734863,160200.0,14.175000190734863,14.024999618530273,11.20047664642334
30-10-2003,13.779999732971191,14.020000457763672,87200.0,14.25,13.845000267028809,11.056724548339844
31-10-2003,13.65999984741211,13.760000228881836,171200.0,14.265000343322754,13.854999542236328,11.064711570739746
03-11-2003,13.664999961853027,14.03499984741211,119800.0,14.34000015258789,14.154999732971191,11.304291725158691
04-11-2003,13.970000267028809,14.15999984741211,110200.0,14.305000305175781,14.114999771118164,11.27234935760498
05-11-2003,13.75,14.135000228881836,265600.0,14.75,14.600000381469727,11.659675598144531
06-11-2003,14.414999961853027,14.5,128200.0,14.675000190734863,14.625,11.679634094238281
07-11-2003,14.550000190734863,14.550000190734863,248800.0,14.944999694824219,14.850000381469727,11.85932731628418
10-11-2003,14.635000228881836,14.774999618530273,147000.0,14.949999809265137,14.699999809265137,11.739535331726074
11-11-2003,14.600000381469727,14.625,250000.0,14.875,14.8100004196167,11.82738208770752
12-11-2003,14.800000190734863,14.800000190734863,441400.0,15.390000343322754,15.335000038146973,12.246649742126465
13-11-2003,15.050000190734863,15.050000190734863,1059600.0,15.760000228881836,15.6850004196167,12.526162147521973
14-11-2003,15.475000381469727,15.475000381469727,794200.0,15.774999618530273,15.734999656677246,12.566088676452637
17-11-2003,15.529999732971191,15.625,494000.0,15.760000228881836,15.75,12.578070640563965
18-11-2003,15.600000381469727,15.600000381469727,263400.0,15.850000381469727,15.625,12.478246688842773
19-11-2003,15.550000190734863,15.550000190734863,214600.0,15.829999923706055,15.744999885559082,12.574078559875488
20-11-2003,15.545000076293945,15.645000457763672,407800.0,15.800000190734863,15.725000381469727,12.55810546875
21-11-2003,15.694999694824219,15.729999542236328,244400.0,15.944999694824219,15.850000381469727,12.65793228149414
24-11-2003,15.699999809265137,15.864999771118164,327800.0,16.25,16.09000015258789,12.84959888458252
25-11-2003,15.800000190734863,15.854999542236328,362600.0,16.385000228881836,16.329999923706055,13.041265487670898
26-11-2003,16.229999542236328,16.395000457763672,274600.0,16.485000610351562,16.485000610351562,13.165048599243164
28-11-2003,16.2549991607666,16.350000381469727,85800.0,16.450000762939453,16.264999389648438,12.98935317993164
01-12-2003,16.25,16.4950008392334,816400.0,17.350000381469727,17.274999618530273,13.795945167541504
02-12-2003,16.600000381469727,17.0,332600.0,17.30500030517578,17.274999618530273,13.795945167541504
03-12-2003,16.979999542236328,17.079999923706055,459400.0,17.260000228881836,17.0,13.576327323913574
04-12-2003,16.614999771118164,16.940000534057617,416000.0,16.969999313354492,16.934999465942383,13.524420738220215
05-12-2003,16.809999465942383,16.81999969482422,282000.0,17.0049991607666,16.924999237060547,13.516435623168945
08-12-2003,16.600000381469727,16.655000686645508,269000.0,16.844999313354492,16.704999923706055,13.340740203857422
09-12-2003,16.354999542236328,16.600000381469727,414000.0,16.774999618530273,16.649999618530273,13.296820640563965
10-12-2003,16.420000076293945,16.639999389648438,269200.0,16.760000228881836,16.760000228881836,13.384666442871094
11-12-2003,16.5,16.5,518600.0,17.5,17.174999237060547,13.779807090759277
12-12-2003,16.854999542236328,17.0049991607666,428800.0,17.295000076293945,17.165000915527344,13.771785736083984
15-12-2003,16.545000076293945,17.165000915527344,442600.0,17.209999084472656,16.6200008392334,13.33452033996582
16-12-2003,16.53499984741211,16.610000610351562,369600.0,17.25,17.145000457763672,13.755736351013184
17-12-2003,16.760000228881836,16.899999618530273,183000.0,17.139999389648438,17.059999465942383,13.687542915344238
18-12-2003,16.450000762939453,16.450000762939453,506800.0,17.270000457763672,17.25,13.839977264404297
19-12-2003,17.1200008392334,17.209999084472656,558600.0,17.4950008392334,17.43000030517578,13.98439884185791
22-12-2003,17.274999618530273,17.274999618530273,213200.0,17.5,17.5,14.040566444396973
23-12-2003,17.325000762939453,17.329999923706055,424600.0,17.860000610351562,17.860000610351562,14.32939624786377
24-12-2003,17.5,17.81999969482422,130600.0,17.8799991607666,17.510000228881836,14.048583030700684
26-12-2003,17.450000762939453,17.450000762939453,43600.0,17.670000076293945,17.545000076293945,14.076665878295898
29-12-2003,17.625,17.75,179800.0,17.969999313354492,17.94499969482422,14.397595405578613
30-12-2003,17.764999389648438,17.9950008392334,309200.0,18.0,17.844999313354492,14.317359924316406
31-12-2003,17.264999389648438,17.875,206000.0,17.985000610351562,17.30500030517578,13.884112358093262
02-01-2004,17.200000762939453,17.200000762939453,902600.0,17.815000534057617,17.625,14.140850067138672
05-01-2004,17.420000076293945,17.75,411000.0,17.75,17.5,14.040566444396973
06-01-2004,17.415000915527344,17.600000381469727,268200.0,17.885000228881836,17.770000457763672,14.257184982299805
07-01-2004,17.424999237060547,17.75,419000.0,17.899999618530273,17.829999923706055,14.305327415466309
08-01-2004,17.799999237060547,17.920000076293945,318200.0,18.225000381469727,18.149999618530273,14.5620698928833
09-01-2004,17.364999771118164,17.75,419800.0,18.1299991607666,17.899999618530273,14.361491203308105
12-01-2004,17.600000381469727,17.600000381469727,370800.0,18.21500015258789,17.950000762939453,14.401606559753418
13-01-2004,17.899999618530273,17.905000686645508,359200.0,18.434999465942383,18.200000762939453,14.602182388305664
14-01-2004,18.19499969482422,18.475000381469727,281600.0,18.649999618530273,18.584999084472656,14.911079406738281
15-01-2004,17.860000610351562,18.3799991607666,285600.0,18.5,18.485000610351562,14.83084774017334
16-01-2004,18.139999389648438,18.600000381469727,270000.0,18.7450008392334,18.645000457763672,14.959210395812988
20-01-2004,18.475000381469727,18.700000762939453,701800.0,18.790000915527344,18.674999237060547,14.983283042907715
21-01-2004,18.475000381469727,18.475000381469727,277800.0,18.895000457763672,18.864999771118164,15.135720252990723
22-01-2004,18.485000610351562,18.649999618530273,206000.0,18.989999771118164,18.540000915527344,14.874978065490723
23-01-2004,18.25,18.59000015258789,322600.0,18.704999923706055,18.434999465942383,14.790725708007812
26-01-2004,18.25,18.450000762939453,375400.0,18.7450008392334,18.725000381469727,15.023401260375977
27-01-2004,18.184999465942383,18.450000762939453,358000.0,18.65999984741211,18.399999618530273,14.762645721435547
28-01-2004,18.15999984741211,18.5,207400.0,18.625,18.190000534057617,14.594159126281738
29-01-2004,18.045000076293945,18.125,223600.0,18.479999542236328,18.165000915527344,14.57409954071045
30-01-2004,17.875,18.0,216000.0,18.18000030517578,18.110000610351562,14.529975891113281
02-02-2004,16.860000610351562,17.850000381469727,439600.0,17.959999084472656,17.200000762939453,13.799858093261719
03-02-2004,16.899999618530273,17.600000381469727,347000.0,17.600000381469727,17.299999237060547,13.880094528198242
04-02-2004,16.854999542236328,17.05500030517578,295000.0,17.520000457763672,17.075000762939453,13.699573516845703
05-02-2004,17.104999542236328,17.395000457763672,142400.0,17.46500015258789,17.325000762939453,13.90015697479248
06-02-2004,17.21500015258789,17.21500015258789,134800.0,17.950000762939453,17.94499969482422,14.397595405578613
09-02-2004,17.65999984741211,17.75,89400.0,17.989999771118164,17.719999313354492,14.217074394226074
10-02-2004,17.5,17.5,115800.0,18.145000457763672,18.1299991607666,14.546019554138184
11-02-2004,17.774999618530273,17.774999618530273,226800.0,18.334999084472656,18.25,14.642301559448242
12-02-2004,17.989999771118164,17.989999771118164,157000.0,18.334999084472656,18.329999923706055,14.706485748291016
13-02-2004,17.8799991607666,18.225000381469727,230400.0,18.334999084472656,17.885000228881836,14.349452018737793
17-02-2004,17.545000076293945,17.850000381469727,144600.0,18.424999237060547,18.139999389648438,14.554045677185059
18-02-2004,17.655000686645508,18.25,96400.0,18.325000762939453,17.665000915527344,14.233753204345703
19-02-2004,17.434999465942383,17.7549991607666,164200.0,18.1299991607666,17.440000534057617,14.052460670471191
20-02-2004,17.25,17.43000030517578,149200.0,17.899999618530273,17.55500030517578,14.145124435424805
23-02-2004,17.05500030517578,17.469999313354492,198600.0,17.905000686645508,17.165000915527344,13.830873489379883
24-02-2004,16.75,17.049999237060547,263800.0,17.25,17.0049991607666,13.701951026916504
25-02-2004,17.28499984741211,17.354999542236328,849400.0,18.579999923706055,17.575000762939453,14.16123104095459
26-02-2004,17.5,17.5,309000.0,18.510000228881836,18.360000610351562,14.793757438659668
27-02-2004,18.110000610351562,18.440000534057617,576600.0,18.540000915527344,18.299999237060547,14.745408058166504
01-03-2004,18.104999542236328,18.104999542236328,175000.0,18.75,18.75,15.108009338378906
02-03-2004,18.510000228881836,18.520000457763672,249400.0,18.7450008392334,18.674999237060547,15.047572135925293
03-03-2004,18.405000686645508,18.43000030517578,226600.0,18.704999923706055,18.594999313354492,14.983115196228027
04-03-2004,18.56999969482422,18.600000381469727,165600.0,18.989999771118164,18.985000610351562,15.297361373901367
05-03-2004,18.55500030517578,18.55500030517578,228800.0,19.204999923706055,19.125,15.41015911102295
08-03-2004,18.219999313354492,19.03499984741211,412200.0,19.15999984741211,18.825000762939453,15.168435096740723
09-03-2004,18.520000457763672,18.850000381469727,248600.0,19.0,18.725000381469727,15.087859153747559
10-03-2004,17.975000381469727,18.575000762939453,247800.0,18.739999771118164,18.110000610351562,14.592316627502441
11-03-2004,17.969999313354492,18.05500030517578,246800.0,18.594999313354492,18.0,14.503686904907227
12-03-2004,17.975000381469727,17.975000381469727,223800.0,18.530000686645508,18.530000686645508,14.93073558807373
15-03-2004,17.850000381469727,18.274999618530273,378600.0,18.405000686645508,18.0049991607666,14.507707595825195
16-03-2004,17.854999542236328,18.104999542236328,355400.0,18.184999465942383,18.0,14.503686904907227
17-03-2004,18.25,18.344999313354492,191200.0,18.719999313354492,18.389999389648438,14.81793212890625
18-03-2004,17.93000030517578,18.280000686645508,357600.0,18.375,18.174999237060547,14.644694328308105
19-03-2004,17.799999237060547,18.325000762939453,218400.0,18.389999389648438,17.829999923706055,14.366706848144531
22-03-2004,17.399999618530273,17.829999923706055,264800.0,18.100000381469727,17.815000534057617,14.354622840881348
23-03-2004,17.649999618530273,17.75,216400.0,18.184999465942383,17.864999771118164,14.394902229309082
24-03-2004,17.530000686645508,17.75,237000.0,18.114999771118164,17.899999618530273,14.423113822937012
25-03-2004,17.899999618530273,18.020000457763672,285200.0,18.760000228881836,18.760000228881836,15.116067886352539
26-03-2004,18.2450008392334,18.5,165600.0,18.549999237060547,18.31999969482422,14.761528968811035
29-03-2004,18.46500015258789,18.469999313354492,264800.0,19.020000457763672,19.0,15.309439659118652
30-03-2004,18.850000381469727,18.854999542236328,222200.0,19.100000381469727,19.024999618530273,15.32958698272705
31-03-2004,18.530000686645508,18.75,189600.0,19.024999618530273,18.729999542236328,15.091887474060059
01-04-2004,18.424999237060547,18.530000686645508,263000.0,18.75,18.614999771118164,14.999225616455078
02-04-2004,18.59000015258789,18.69499969482422,226800.0,19.0,18.700000762939453,15.067716598510742
05-04-2004,18.56999969482422,18.645000457763672,220600.0,18.774999618530273,18.75,15.108009338378906
06-04-2004,18.475000381469727,18.69499969482422,208200.0,18.75,18.610000610351562,14.995193481445312
07-04-2004,17.979999542236328,18.434999465942383,248400.0,18.579999923706055,18.44499969482422,14.862242698669434
08-04-2004,18.06999969482422,18.545000076293945,119600.0,18.6200008392334,18.075000762939453,14.564115524291992
12-04-2004,18.0,18.270000457763672,137600.0,18.5,18.065000534057617,14.556056022644043
13-04-2004,17.579999923706055,18.145000457763672,184400.0,18.270000457763672,17.684999465942383,14.249868392944336
14-04-2004,17.405000686645508,17.799999237060547,188000.0,18.145000457763672,17.7549991607666,14.306270599365234
15-04-2004,17.415000915527344,17.670000076293945,130200.0,18.065000534057617,17.489999771118164,14.092741012573242
16-04-2004,17.489999771118164,17.489999771118164,212000.0,18.44499969482422,17.96500015258789,14.475479125976562
19-04-2004,17.625,17.899999618530273,219000.0,18.045000076293945,17.889999389648438,14.415048599243164
20-04-2004,17.649999618530273,18.125,188400.0,18.184999465942383,17.719999313354492,14.27807331085205
21-04-2004,17.545000076293945,17.649999618530273,182800.0,18.075000762939453,18.075000762939453,14.564115524291992
22-04-2004,17.719999313354492,17.7549991607666,283200.0,18.674999237060547,18.649999618530273,15.02743148803711
23-04-2004,18.024999618530273,18.5049991607666,120600.0,18.670000076293945,18.40999984741211,14.834046363830566
26-04-2004,17.975000381469727,18.25,94400.0,18.584999084472656,18.03499984741211,14.531885147094727
27-04-2004,17.94499969482422,17.94499969482422,225000.0,18.5,18.270000457763672,14.721240997314453
28-04-2004,17.450000762939453,18.079999923706055,241000.0,18.209999084472656,17.69499969482422,14.25792407989502
29-04-2004,17.3799991607666,17.760000228881836,172000.0,18.040000915527344,17.55500030517578,14.145124435424805
30-04-2004,17.260000228881836,17.485000610351562,251000.0,17.674999237060547,17.280000686645508,13.923534393310547
03-05-2004,17.25,17.25,518600.0,18.46500015258789,18.329999923706055,14.769586563110352
04-05-2004,18.165000915527344,18.5,272400.0,18.875,18.645000457763672,15.023398399353027
05-05-2004,18.299999237060547,18.5,209000.0,18.834999084472656,18.364999771118164,14.797784805297852
06-05-2004,17.645000457763672,18.2549991607666,214800.0,18.584999084472656,18.274999618530273,14.725269317626953
07-05-2004,17.389999389648438,18.155000686645508,242200.0,18.55500030517578,17.454999923706055,14.064544677734375
10-05-2004,16.815000534057617,17.375,309800.0,17.524999618530273,16.875,13.597200393676758
11-05-2004,16.895000457763672,17.43000030517578,196600.0,17.739999771118164,17.649999618530273,14.221667289733887
12-05-2004,16.524999618530273,17.65999984741211,360600.0,17.65999984741211,17.139999389648438,13.810728073120117
13-05-2004,16.834999084472656,17.184999465942383,182600.0,17.375,16.915000915527344,13.62943172454834
14-05-2004,16.795000076293945,17.489999771118164,335000.0,17.68000030517578,17.059999465942383,13.746272087097168
17-05-2004,16.450000762939453,16.954999923706055,230600.0,17.229999542236328,16.565000534057617,13.347418785095215
18-05-2004,16.530000686645508,17.030000686645508,154800.0,17.030000686645508,16.75,13.496484756469727
19-05-2004,16.3700008392334,16.885000228881836,197400.0,17.05500030517578,16.43000030517578,13.238639831542969
20-05-2004,16.104999542236328,16.3799991607666,343200.0,16.575000762939453,16.299999237060547,13.133890151977539
21-05-2004,16.360000610351562,16.575000762939453,446800.0,16.610000610351562,16.450000762939453,13.254753112792969
24-05-2004,16.399999618530273,16.604999542236328,385600.0,16.690000534057617,16.575000762939453,13.35547924041748
25-05-2004,16.479999542236328,16.674999237060547,524800.0,18.274999618530273,17.924999237060547,14.443253517150879
26-05-2004,17.75,18.65999984741211,388200.0,18.825000762939453,18.719999313354492,15.083829879760742
27-05-2004,18.100000381469727,18.545000076293945,431600.0,18.700000762939453,18.469999313354492,14.882390022277832
28-05-2004,18.334999084472656,18.334999084472656,685800.0,19.0,18.924999237060547,15.249008178710938
01-06-2004,18.665000915527344,18.729999542236328,928400.0,19.665000915527344,19.600000381469727,15.792899131774902
02-06-2004,19.329999923706055,19.80500030517578,322400.0,19.81999969482422,19.364999771118164,15.665483474731445
03-06-2004,18.895000457763672,19.25,231600.0,19.309999465942383,18.895000457763672,15.28527545928955
04-06-2004,18.829999923706055,19.274999618530273,273200.0,19.670000076293945,19.315000534057617,15.625041007995605
07-06-2004,19.264999389648438,19.264999389648438,436400.0,19.920000076293945,19.915000915527344,16.110422134399414
08-06-2004,19.700000762939453,19.809999465942383,1376600.0,21.4950008392334,21.139999389648438,17.101388931274414
09-06-2004,20.655000686645508,21.024999618530273,624200.0,21.075000762939453,20.860000610351562,16.874881744384766
10-06-2004,20.364999771118164,20.75,399600.0,21.104999542236328,20.399999618530273,16.50275993347168
14-06-2004,19.760000228881836,19.9950008392334,399200.0,20.795000076293945,20.375,16.482532501220703
15-06-2004,20.200000762939453,20.604999542236328,386400.0,20.924999237060547,20.719999313354492,16.76163673400879
16-06-2004,20.610000610351562,20.75,235000.0,20.905000686645508,20.799999237060547,16.82634735107422
17-06-2004,20.5049991607666,20.55500030517578,401800.0,20.94499969482422,20.850000381469727,16.866792678833008
18-06-2004,20.475000381469727,20.625,530200.0,21.280000686645508,21.2450008392334,17.18633270263672
21-06-2004,20.704999923706055,21.139999389648438,281200.0,21.25,20.844999313354492,16.862747192382812
22-06-2004,20.6200008392334,20.799999237060547,316000.0,21.03499984741211,20.9950008392334,16.98409652709961
23-06-2004,20.7450008392334,20.8700008392334,358200.0,21.55500030517578,21.424999237060547,17.331947326660156
24-06-2004,21.135000228881836,21.549999237060547,605200.0,21.56999969482422,21.239999771118164,17.182292938232422
25-06-2004,20.915000915527344,21.139999389648438,545000.0,21.549999237060547,20.915000915527344,16.919376373291016
28-06-2004,20.940000534057617,21.329999923706055,596000.0,21.885000228881836,21.229999542236328,17.17418670654297
29-06-2004,21.065000534057617,21.065000534057617,299200.0,21.4950008392334,21.43000030517578,17.33599281311035
30-06-2004,21.084999084472656,21.295000076293945,364000.0,21.684999465942383,21.684999465942383,17.542274475097656
01-07-2004,20.795000076293945,21.235000610351562,372400.0,21.625,20.934999465942383,16.935558319091797
02-07-2004,20.854999542236328,20.854999542236328,237600.0,21.18000030517578,21.084999084472656,17.056894302368164
06-07-2004,20.844999313354492,20.905000686645508,374400.0,21.100000381469727,20.899999618530273,16.907241821289062
07-07-2004,20.200000762939453,20.860000610351562,483400.0,21.18000030517578,20.31999969482422,16.438045501708984
08-07-2004,20.1299991607666,20.610000610351562,465600.0,20.649999618530273,20.204999923706055,16.34501075744629
09-07-2004,20.174999237060547,20.174999237060547,238000.0,20.575000762939453,20.46500015258789,16.555341720581055
12-07-2004,20.200000762939453,20.479999542236328,395000.0,20.610000610351562,20.299999237060547,16.4218692779541
13-07-2004,20.200000762939453,20.200000762939453,321800.0,20.700000762939453,20.614999771118164,16.676687240600586
14-07-2004,20.274999618530273,20.719999313354492,391800.0,21.200000762939453,21.084999084472656,17.056894302368164
15-07-2004,20.940000534057617,21.204999923706055,283600.0,21.350000381469727,21.075000762939453,17.048805236816406
16-07-2004,21.06999969482422,21.06999969482422,445000.0,21.71500015258789,21.4950008392334,17.38857078552246
19-07-2004,21.075000762939453,21.485000610351562,470800.0,21.4950008392334,21.264999389648438,17.2025089263916
20-07-2004,21.184999465942383,21.264999389648438,301400.0,21.889999389648438,21.8700008392334,17.691926956176758
21-07-2004,20.9950008392334,21.719999313354492,285600.0,21.875,21.0,16.98813819885254
22-07-2004,20.524999618530273,20.850000381469727,377600.0,21.065000534057617,20.71500015258789,16.757577896118164
23-07-2004,20.3700008392334,20.575000762939453,266600.0,20.81999969482422,20.405000686645508,16.506811141967773
26-07-2004,20.354999542236328,20.354999542236328,282600.0,20.799999237060547,20.655000686645508,16.709047317504883
27-07-2004,20.469999313354492,20.479999542236328,361400.0,21.309999465942383,21.2549991607666,17.194416046142578
28-07-2004,20.520000457763672,20.975000381469727,392600.0,21.364999771118164,20.704999923706055,16.74949073791504
29-07-2004,20.600000381469727,20.600000381469727,424800.0,21.09000015258789,21.0,16.98813819885254
30-07-2004,20.799999237060547,20.90999984741211,289000.0,21.084999084472656,20.934999465942383,16.935558319091797
02-08-2004,20.514999389648438,20.850000381469727,188800.0,21.114999771118164,21.094999313354492,17.06499481201172
03-08-2004,20.559999465942383,20.920000076293945,190600.0,20.985000610351562,20.764999389648438,16.798032760620117
04-08-2004,20.30500030517578,20.540000915527344,216000.0,21.0,20.844999313354492,16.862747192382812
05-08-2004,20.125,20.739999771118164,179000.0,20.774999618530273,20.125,16.28029441833496
06-08-2004,19.325000762939453,20.06999969482422,459400.0,20.094999313354492,19.399999618530273,15.693803787231445
09-08-2004,19.25,19.31999969482422,433200.0,19.635000228881836,19.489999771118164,15.766606330871582
10-08-2004,19.604999542236328,19.709999084472656,341800.0,20.299999237060547,20.239999771118164,16.373329162597656
11-08-2004,19.459999084472656,19.950000762939453,253600.0,20.05500030517578,19.864999771118164,16.06997299194336
12-08-2004,19.225000381469727,19.5,224200.0,19.790000915527344,19.4950008392334,15.77065372467041
13-08-2004,19.165000915527344,19.290000915527344,249800.0,19.540000915527344,19.450000762939453,15.7342529296875
16-08-2004,19.149999618530273,19.31999969482422,313800.0,19.549999237060547,19.395000457763672,15.68975830078125
17-08-2004,19.045000076293945,19.450000762939453,302400.0,19.450000762939453,19.1200008392334,15.46729564666748
18-08-2004,18.75,19.09000015258789,503000.0,19.540000915527344,19.420000076293945,15.709986686706543
19-08-2004,19.139999389648438,19.295000076293945,296600.0,19.934999465942383,19.209999084472656,15.540101051330566
20-08-2004,19.094999313354492,19.315000534057617,210400.0,19.424999237060547,19.334999084472656,15.641217231750488
23-08-2004,19.049999237060547,19.31999969482422,395600.0,19.34000015258789,19.125,15.471335411071777
24-08-2004,19.21500015258789,19.299999237060547,381400.0,19.40999984741211,19.290000915527344,15.604820251464844
25-08-2004,16.125,19.530000686645508,3147600.0,19.760000228881836,17.045000076293945,13.846124649047852
26-08-2004,16.760000228881836,17.25,788400.0,17.270000457763672,16.985000610351562,13.797390937805176
27-08-2004,16.850000381469727,16.850000381469727,324400.0,17.489999771118164,17.0049991607666,13.813633918762207
30-08-2004,16.55500030517578,17.079999923706055,314200.0,17.079999923706055,16.604999542236328,13.488709449768066
31-08-2004,16.469999313354492,16.475000381469727,620400.0,17.18000030517578,17.145000457763672,13.927359580993652
01-09-2004,16.895000457763672,17.19499969482422,502200.0,17.489999771118164,17.200000762939453,13.972029685974121
02-09-2004,16.950000762939453,16.985000610351562,581800.0,17.600000381469727,17.405000686645508,14.138565063476562
03-09-2004,17.364999771118164,17.5,238800.0,17.604999542236328,17.5,14.215740203857422
07-09-2004,17.395000457763672,17.6299991607666,587000.0,17.920000076293945,17.780000686645508,14.443187713623047
08-09-2004,17.565000534057617,17.600000381469727,784000.0,18.155000686645508,17.954999923706055,14.585346221923828
09-09-2004,17.959999084472656,18.110000610351562,514200.0,18.2549991607666,18.020000457763672,14.638150215148926
10-09-2004,17.385000228881836,17.920000076293945,541000.0,18.010000228881836,17.469999313354492,14.19136905670166
13-09-2004,17.139999389648438,17.385000228881836,529600.0,17.610000610351562,17.239999771118164,14.004530906677246
14-09-2004,17.104999542236328,17.31999969482422,485000.0,17.3700008392334,17.18000030517578,13.955796241760254
15-09-2004,16.825000762939453,17.31999969482422,287800.0,17.31999969482422,17.094999313354492,13.886741638183594
16-09-2004,16.799999237060547,17.094999313354492,525600.0,17.3799991607666,17.0,13.80957317352295
17-09-2004,16.825000762939453,17.145000457763672,1338800.0,17.43000030517578,16.94499969482422,13.764894485473633
20-09-2004,16.56999969482422,16.825000762939453,338000.0,17.05500030517578,16.834999084472656,13.675539016723633
21-09-2004,16.700000762939453,16.770000457763672,159200.0,16.920000076293945,16.760000228881836,13.614618301391602
22-09-2004,16.375,16.709999084472656,218800.0,16.709999084472656,16.5,13.403410911560059
23-09-2004,16.315000534057617,16.5,345800.0,16.65999984741211,16.434999465942383,13.350603103637695
24-09-2004,16.25,16.485000610351562,219600.0,16.584999084472656,16.549999237060547,13.44402027130127
27-09-2004,16.184999465942383,16.6200008392334,188800.0,16.690000534057617,16.2549991607666,13.204388618469238
28-09-2004,16.104999542236328,16.225000381469727,182000.0,16.655000686645508,16.6299991607666,13.509007453918457
29-09-2004,16.575000762939453,16.575000762939453,258600.0,16.959999084472656,16.954999923706055,13.773014068603516
30-09-2004,16.854999542236328,16.969999313354492,272800.0,17.165000915527344,17.165000915527344,13.943607330322266
01-10-2004,17.059999465942383,17.18000030517578,249600.0,17.6299991607666,17.625,14.317276000976562
04-10-2004,17.475000381469727,17.489999771118164,437800.0,17.895000457763672,17.8799991607666,14.524415969848633
05-10-2004,17.69499969482422,17.725000381469727,209000.0,17.8700008392334,17.764999389648438,14.431000709533691
06-10-2004,17.575000762939453,17.674999237060547,188600.0,18.014999389648438,18.014999389648438,14.634085655212402
07-10-2004,17.65999984741211,17.704999923706055,211600.0,17.860000610351562,17.799999237060547,14.459433555603027
08-10-2004,17.55500030517578,17.55500030517578,294200.0,17.915000915527344,17.8799991607666,14.524415969848633
11-10-2004,17.68000030517578,17.80500030517578,343800.0,18.084999084472656,18.084999084472656,14.69094467163086
12-10-2004,17.829999923706055,18.0,544400.0,18.204999923706055,18.024999618530273,14.642210960388184
13-10-2004,17.6299991607666,18.114999771118164,276200.0,18.170000076293945,17.78499984741211,14.447247505187988
14-10-2004,17.450000762939453,17.8700008392334,233200.0,17.8700008392334,17.479999542236328,14.19948959350586
15-10-2004,17.395000457763672,17.434999465942383,360400.0,17.719999313354492,17.479999542236328,14.19948959350586
18-10-2004,17.079999923706055,17.44499969482422,272400.0,17.579999923706055,17.5,14.215740203857422
19-10-2004,17.145000457763672,17.625,259400.0,17.84000015258789,17.28499984741211,14.041088104248047
20-10-2004,17.0049991607666,17.059999465942383,132600.0,17.520000457763672,17.229999542236328,13.99640941619873
21-10-2004,16.760000228881836,17.225000381469727,228400.0,17.235000610351562,17.040000915527344,13.842066764831543
22-10-2004,16.760000228881836,17.1299991607666,194000.0,17.25,16.860000610351562,13.695846557617188
25-10-2004,16.604999542236328,16.795000076293945,170200.0,16.979999542236328,16.924999237060547,13.748649597167969
26-10-2004,16.524999618530273,16.915000915527344,222800.0,16.969999313354492,16.924999237060547,13.748649597167969
27-10-2004,16.815000534057617,16.979999542236328,293600.0,17.75,17.739999771118164,14.410697937011719
28-10-2004,17.325000762939453,17.325000762939453,232600.0,17.78499984741211,17.479999542236328,14.19948959350586
29-10-2004,17.389999389648438,17.6299991607666,109800.0,17.655000686645508,17.510000228881836,14.223859786987305
01-11-2004,17.30500030517578,17.6299991607666,254200.0,17.6299991607666,17.46500015258789,14.187301635742188
02-11-2004,17.350000381469727,17.354999542236328,176200.0,17.809999465942383,17.524999618530273,14.23604679107666
03-11-2004,17.520000457763672,17.700000762939453,352000.0,18.21500015258789,18.125,14.723441123962402
04-11-2004,17.875,18.125,322800.0,18.44499969482422,18.434999465942383,14.975266456604004
05-11-2004,18.389999389648438,18.44499969482422,298800.0,18.770000457763672,18.510000228881836,15.03619384765625
08-11-2004,18.350000381469727,18.594999313354492,197600.0,18.760000228881836,18.459999084472656,14.995574951171875
09-11-2004,18.295000076293945,18.295000076293945,124000.0,18.864999771118164,18.864999771118164,15.324563026428223
10-11-2004,18.485000610351562,18.799999237060547,143200.0,18.94499969482422,18.735000610351562,15.218961715698242
11-11-2004,18.649999618530273,18.665000915527344,143000.0,19.100000381469727,19.065000534057617,15.48702621459961
12-11-2004,18.709999084472656,19.065000534057617,148000.0,19.065000534057617,19.05500030517578,15.478903770446777
15-11-2004,18.65999984741211,18.725000381469727,170200.0,19.18000030517578,19.040000915527344,15.466720581054688
16-11-2004,18.584999084472656,18.924999237060547,125400.0,19.049999237060547,18.584999084472656,15.097118377685547
17-11-2004,18.510000228881836,18.7549991607666,132800.0,19.0,18.93000030517578,15.377360343933105
18-11-2004,18.610000610351562,18.704999923706055,76200.0,18.989999771118164,18.90999984741211,15.361116409301758
19-11-2004,18.450000762939453,18.719999313354492,109000.0,18.875,18.5,15.028071403503418
22-11-2004,18.3700008392334,18.450000762939453,180400.0,18.834999084472656,18.7450008392334,15.227088928222656
23-11-2004,18.6200008392334,18.860000610351562,170800.0,19.15999984741211,19.100000381469727,15.515456199645996
24-11-2004,18.8799991607666,18.8799991607666,88400.0,19.295000076293945,19.05500030517578,15.478903770446777
26-11-2004,18.979999542236328,19.170000076293945,88000.0,19.170000076293945,18.979999542236328,15.417981147766113
29-11-2004,18.674999237060547,18.9950008392334,231800.0,19.235000610351562,19.030000686645508,15.45859432220459
30-11-2004,18.559999465942383,18.704999923706055,169000.0,19.059999465942383,19.030000686645508,15.45859432220459
01-12-2004,18.815000534057617,19.135000228881836,249600.0,19.655000686645508,19.450000762939453,15.79978084564209
02-12-2004,19.104999542236328,19.399999618530273,226000.0,19.459999084472656,19.104999542236328,15.51951789855957
03-12-2004,19.100000381469727,19.30500030517578,201200.0,19.405000686645508,19.200000762939453,15.596697807312012
06-12-2004,18.5,19.395000457763672,286200.0,19.395000457763672,18.5,15.028071403503418
07-12-2004,18.0049991607666,18.690000534057617,323200.0,18.709999084472656,18.299999237060547,14.86559772491455
08-12-2004,18.309999465942383,18.635000228881836,192000.0,18.905000686645508,18.795000076293945,15.2677001953125
09-12-2004,17.809999465942383,18.514999389648438,825200.0,19.100000381469727,18.719999313354492,15.206778526306152
10-12-2004,18.354999542236328,18.354999542236328,367400.0,19.530000686645508,19.264999389648438,15.649494171142578
13-12-2004,18.875,19.174999237060547,409600.0,19.25,19.209999084472656,15.669890403747559
14-12-2004,19.024999618530273,19.059999465942383,323200.0,19.815000534057617,19.7450008392334,16.106294631958008
15-12-2004,19.420000076293945,19.639999389648438,216600.0,19.8700008392334,19.8700008392334,16.2082576751709
16-12-2004,19.295000076293945,19.7549991607666,146600.0,19.7549991607666,19.514999389648438,15.918679237365723
17-12-2004,19.309999465942383,19.399999618530273,216800.0,19.665000915527344,19.46500015258789,15.877894401550293
20-12-2004,19.2549991607666,19.315000534057617,139400.0,19.6200008392334,19.375,15.804476737976074
21-12-2004,19.399999618530273,19.665000915527344,148400.0,19.834999084472656,19.725000381469727,16.08999252319336
22-12-2004,19.514999389648438,19.735000610351562,114000.0,20.0,19.834999084472656,16.179706573486328
23-12-2004,19.690000534057617,19.815000534057617,89000.0,20.03499984741211,19.81999969482422,16.167463302612305
27-12-2004,19.354999542236328,19.90999984741211,100600.0,20.049999237060547,19.594999313354492,15.983935356140137
28-12-2004,19.53499984741211,19.549999237060547,337600.0,20.18000030517578,20.18000030517578,16.461130142211914
29-12-2004,19.78499984741211,20.190000534057617,253200.0,20.235000610351562,20.165000915527344,16.448896408081055
30-12-2004,20.065000534057617,20.19499969482422,175400.0,20.385000228881836,20.229999542236328,16.501916885375977
31-12-2004,20.020000457763672,20.190000534057617,140400.0,20.260000228881836,20.03499984741211,16.34284782409668
03-01-2005,19.510000228881836,20.110000610351562,315400.0,20.110000610351562,19.81999969482422,16.167463302612305
04-01-2005,19.3700008392334,19.940000534057617,330800.0,20.094999313354492,19.40999984741211,15.833029747009277
05-01-2005,19.174999237060547,19.3700008392334,293200.0,19.7450008392334,19.21500015258789,15.673973083496094
06-01-2005,19.15999984741211,19.385000228881836,193200.0,19.604999542236328,19.5,15.906441688537598
07-01-2005,18.875,19.375,268000.0,19.53499984741211,19.25,15.702521324157715
10-01-2005,19.024999618530273,19.079999923706055,332200.0,19.6299991607666,19.260000228881836,15.71066951751709
11-01-2005,18.844999313354492,19.155000686645508,224400.0,19.405000686645508,19.045000076293945,15.535297393798828
12-01-2005,18.71500015258789,18.985000610351562,287400.0,19.424999237060547,19.290000915527344,15.735147476196289
13-01-2005,18.954999923706055,19.209999084472656,196000.0,19.440000534057617,19.010000228881836,15.506746292114258
14-01-2005,18.889999389648438,19.06999969482422,186000.0,19.18000030517578,19.165000915527344,15.6331787109375
18-01-2005,18.594999313354492,19.020000457763672,209400.0,19.31999969482422,19.219999313354492,15.678043365478516
19-01-2005,18.895000457763672,19.135000228881836,192200.0,19.530000686645508,18.899999618530273,15.417012214660645
20-01-2005,18.44499969482422,18.850000381469727,190600.0,18.854999542236328,18.59000015258789,15.16414737701416
21-01-2005,18.315000534057617,18.579999923706055,398600.0,18.954999923706055,18.604999542236328,15.176371574401855
24-01-2005,18.325000762939453,18.614999771118164,192400.0,18.614999771118164,18.43000030517578,15.033631324768066
25-01-2005,18.280000686645508,18.520000457763672,259200.0,18.700000762939453,18.440000534057617,15.041790962219238
26-01-2005,18.219999313354492,18.34000015258789,292200.0,18.799999237060547,18.690000534057617,15.245716094970703
27-01-2005,18.420000076293945,18.459999084472656,185800.0,18.850000381469727,18.55500030517578,15.135599136352539
28-01-2005,18.114999771118164,18.649999618530273,418800.0,18.649999618530273,18.604999542236328,15.176371574401855
31-01-2005,18.6200008392334,18.69499969482422,197600.0,18.975000381469727,18.815000534057617,15.347677230834961
01-02-2005,18.579999923706055,18.735000610351562,277800.0,19.030000686645508,18.940000534057617,15.4496431350708
02-02-2005,18.665000915527344,18.905000686645508,350400.0,19.049999237060547,18.9950008392334,15.494508743286133
03-02-2005,18.764999389648438,19.100000381469727,197600.0,19.145000457763672,19.1200008392334,15.59646987915039
04-02-2005,18.829999923706055,19.014999389648438,213400.0,19.25,19.2450008392334,15.698437690734863
07-02-2005,18.96500015258789,18.96500015258789,255000.0,19.364999771118164,19.1200008392334,15.59646987915039
08-02-2005,19.0,19.0,185000.0,19.540000915527344,19.5049991607666,15.910529136657715
09-02-2005,18.9950008392334,19.56999969482422,163200.0,19.584999084472656,19.059999465942383,15.547521591186523
10-02-2005,19.014999389648438,19.045000076293945,129600.0,19.290000915527344,19.114999771118164,15.592395782470703
11-02-2005,18.8799991607666,19.049999237060547,152000.0,19.5,19.28499984741211,15.731070518493652
14-02-2005,18.899999618530273,19.149999618530273,119800.0,19.46500015258789,19.459999084472656,15.873821258544922
15-02-2005,19.21500015258789,19.420000076293945,160200.0,19.780000686645508,19.75,16.110383987426758
16-02-2005,19.6299991607666,19.649999618530273,163000.0,19.924999237060547,19.78499984741211,16.138927459716797
17-02-2005,19.170000076293945,19.7549991607666,157600.0,19.829999923706055,19.2549991607666,15.706596374511719
18-02-2005,18.975000381469727,19.2549991607666,260200.0,19.46500015258789,19.399999618530273,15.824874877929688
22-02-2005,19.010000228881836,19.040000915527344,200800.0,19.674999237060547,19.010000228881836,15.506746292114258
23-02-2005,18.985000610351562,19.25,262800.0,19.34000015258789,19.010000228881836,15.506746292114258
24-02-2005,18.979999542236328,19.1299991607666,178800.0,19.489999771118164,19.489999771118164,15.89828872680664
25-02-2005,19.399999618530273,19.415000915527344,160200.0,20.190000534057617,20.170000076293945,16.452974319458008
28-02-2005,19.19499969482422,20.0,199600.0,20.0,19.94499969482422,16.269433975219727
01-03-2005,19.8799991607666,19.94499969482422,190400.0,20.204999923706055,20.190000534057617,16.46929168701172
02-03-2005,19.94499969482422,19.975000381469727,206600.0,20.30500030517578,19.959999084472656,16.281675338745117
03-03-2005,19.69499969482422,20.094999313354492,94000.0,20.094999313354492,19.790000915527344,16.14300537109375
04-03-2005,19.68000030517578,19.9950008392334,179800.0,19.9950008392334,19.9950008392334,16.37643051147461
07-03-2005,19.704999923706055,19.8799991607666,165000.0,19.989999771118164,19.84000015258789,16.249481201171875
08-03-2005,19.44499969482422,19.905000686645508,152000.0,20.0,19.725000381469727,16.15529441833496
09-03-2005,19.479999542236328,19.579999923706055,144000.0,19.75,19.56999969482422,16.028335571289062
10-03-2005,19.3799991607666,19.420000076293945,200000.0,19.809999465942383,19.475000381469727,15.950530052185059
11-03-2005,19.2549991607666,19.350000381469727,208800.0,19.75,19.600000381469727,16.05291175842285
14-03-2005,19.46500015258789,19.684999465942383,211800.0,19.875,19.540000915527344,16.003765106201172
15-03-2005,19.05500030517578,19.75,197800.0,19.75,19.139999389648438,15.676164627075195
16-03-2005,19.0,19.065000534057617,333800.0,19.299999237060547,19.010000228881836,15.569684982299805
17-03-2005,18.770000457763672,19.200000762939453,354000.0,19.200000762939453,18.924999237060547,15.500065803527832
18-03-2005,17.65999984741211,18.924999237060547,901200.0,18.96500015258789,18.375,15.049598693847656
21-03-2005,18.049999237060547,18.114999771118164,194200.0,18.579999923706055,18.524999618530273,15.172455787658691
22-03-2005,18.424999237060547,18.68000030517578,146600.0,18.93000030517578,18.56999969482422,15.209311485290527
23-03-2005,18.44499969482422,18.44499969482422,245400.0,18.639999389648438,18.469999313354492,15.127412796020508
24-03-2005,18.5,18.625,221600.0,18.795000076293945,18.655000686645508,15.278923988342285
28-03-2005,18.520000457763672,18.774999618530273,353200.0,18.875,18.549999237060547,15.192933082580566
29-03-2005,18.30500030517578,18.575000762939453,207800.0,18.850000381469727,18.364999771118164,15.041414260864258
30-03-2005,18.40999984741211,18.489999771118164,331200.0,19.03499984741211,18.770000457763672,15.37310791015625
31-03-2005,18.274999618530273,18.799999237060547,217000.0,18.924999237060547,18.40999984741211,15.078269958496094
01-04-2005,17.875,18.450000762939453,188800.0,18.645000457763672,18.05500030517578,14.787511825561523
04-04-2005,17.739999771118164,18.125,111400.0,18.354999542236328,18.325000762939453,15.008651733398438
05-04-2005,17.915000915527344,18.3700008392334,186200.0,18.475000381469727,18.010000228881836,14.750657081604004
06-04-2005,17.96500015258789,17.96500015258789,217800.0,18.399999618530273,18.094999313354492,14.820269584655762
07-04-2005,16.924999237060547,17.415000915527344,999000.0,17.875,17.09000015258789,13.997154235839844
08-04-2005,17.0,17.0,620200.0,17.59000015258789,17.18000030517578,14.070873260498047
11-04-2005,17.014999389648438,17.18000030517578,341600.0,17.350000381469727,17.079999923706055,13.988967895507812
12-04-2005,16.780000686645508,17.024999618530273,353600.0,17.5,17.360000610351562,14.21829605102539
13-04-2005,16.475000381469727,17.295000076293945,330200.0,17.325000762939453,16.575000762939453,13.575359344482422
14-04-2005,16.0,16.68000030517578,615400.0,16.68000030517578,16.110000610351562,13.19450855255127
15-04-2005,15.84000015258789,16.100000381469727,369400.0,16.149999618530273,15.885000228881836,13.01023006439209
18-04-2005,15.8100004196167,15.885000228881836,1085200.0,16.2450008392334,15.944999694824219,13.059370040893555
19-04-2005,15.850000381469727,15.944999694824219,923400.0,16.21500015258789,16.174999237060547,13.247745513916016
20-04-2005,15.845000267028809,16.100000381469727,274200.0,16.264999389648438,15.9399995803833,13.055278778076172
21-04-2005,15.9399995803833,16.0,431000.0,16.344999313354492,16.31999969482422,13.366507530212402
22-04-2005,15.555000305175781,16.3700008392334,303400.0,16.3700008392334,15.734999656677246,12.887373924255371
25-04-2005,15.895000457763672,15.895000457763672,235000.0,16.40999984741211,16.405000686645508,13.436121940612793
26-04-2005,15.649999618530273,16.40999984741211,283200.0,16.40999984741211,15.649999618530273,12.817758560180664
27-04-2005,15.460000038146973,15.569999694824219,360400.0,16.100000381469727,16.059999465942383,13.153555870056152
28-04-2005,15.550000190734863,15.890000343322754,262000.0,15.994999885559082,15.744999885559082,12.895569801330566
29-04-2005,15.71500015258789,15.725000381469727,580400.0,16.135000228881836,16.110000610351562,13.19450855255127
02-05-2005,16.030000686645508,16.030000686645508,238400.0,16.389999389648438,16.219999313354492,13.284602165222168
03-05-2005,16.0049991607666,16.21500015258789,130600.0,16.395000457763672,16.1200008392334,13.202699661254883
04-05-2005,16.225000381469727,16.239999771118164,215800.0,16.735000610351562,16.579999923706055,13.579446792602539
05-05-2005,16.350000381469727,16.5049991607666,165000.0,16.635000228881836,16.549999237060547,13.554878234863281
06-05-2005,16.479999542236328,16.655000686645508,132800.0,16.780000686645508,16.530000686645508,13.53849983215332
09-05-2005,16.440000534057617,16.479999542236328,233400.0,16.860000610351562,16.829999923706055,13.784208297729492
10-05-2005,16.270000457763672,16.6200008392334,262000.0,16.834999084472656,16.334999084472656,13.378786087036133
11-05-2005,15.970000267028809,16.2549991607666,171000.0,16.469999313354492,16.440000534057617,13.46478271484375
12-05-2005,15.904999732971191,16.440000534057617,144600.0,16.530000686645508,15.904999732971191,13.026612281799316
13-05-2005,15.654999732971191,15.850000381469727,221000.0,16.1200008392334,15.779999732971191,12.924229621887207
16-05-2005,15.579999923706055,15.795000076293945,218200.0,16.170000076293945,16.145000457763672,13.223174095153809
17-05-2005,15.720000267028809,16.0049991607666,236200.0,16.0049991607666,15.989999771118164,13.09622573852539
18-05-2005,15.9399995803833,15.9399995803833,154800.0,16.709999084472656,16.704999923706055,13.68183422088623
19-05-2005,16.584999084472656,16.709999084472656,102600.0,16.895000457763672,16.704999923706055,13.68183422088623
20-05-2005,16.389999389648438,16.524999618530273,106000.0,16.834999084472656,16.7450008392334,13.714590072631836
23-05-2005,16.610000610351562,16.65999984741211,270800.0,17.09000015258789,17.040000915527344,13.956204414367676
24-05-2005,16.75,17.1200008392334,266800.0,17.2450008392334,16.834999084472656,13.788302421569824
25-05-2005,15.489999771118164,16.594999313354492,1090000.0,16.594999313354492,15.765000343322754,12.911946296691895
26-05-2005,15.550000190734863,15.984999656677246,983000.0,16.014999389648438,15.6850004196167,12.846423149108887
27-05-2005,15.595000267028809,15.854999542236328,263600.0,15.854999542236328,15.75,12.899658203125
31-05-2005,15.4350004196167,15.720000267028809,680800.0,15.800000190734863,15.529999732971191,12.719470977783203
01-06-2005,15.274999618530273,15.6850004196167,409200.0,15.6850004196167,15.399999618530273,12.613003730773926
02-06-2005,15.119999885559082,15.375,412200.0,15.46500015258789,15.15999984741211,12.416433334350586
03-06-2005,14.725000381469727,15.1850004196167,543200.0,15.1850004196167,14.979999542236328,12.33409309387207
06-06-2005,14.949999809265137,14.949999809265137,560400.0,15.529999732971191,15.239999771118164,12.548174858093262
07-06-2005,15.114999771118164,15.274999618530273,536800.0,15.489999771118164,15.359999656677246,12.64697551727295
08-06-2005,15.015000343322754,15.359999656677246,440200.0,15.529999732971191,15.055000305175781,12.395853042602539
09-06-2005,15.0,15.164999961853027,373200.0,15.204999923706055,15.050000190734863,12.391735076904297
10-06-2005,14.930000305175781,15.114999771118164,1459600.0,15.114999771118164,15.0,12.350566864013672
13-06-2005,15.0,15.0,671600.0,15.4350004196167,15.350000381469727,12.638740539550781
14-06-2005,15.319999694824219,15.319999694824219,571800.0,15.505000114440918,15.475000381469727,12.74166488647461
15-06-2005,15.369999885559082,15.475000381469727,510400.0,15.649999618530273,15.630000114440918,12.869287490844727
16-06-2005,15.5,15.600000381469727,563800.0,15.774999618530273,15.765000343322754,12.980443954467773
17-06-2005,15.6850004196167,15.765000343322754,639400.0,15.954999923706055,15.920000076293945,13.10806655883789
20-06-2005,15.850000381469727,15.920000076293945,465800.0,16.2450008392334,16.09000015258789,13.248039245605469
21-06-2005,16.0,16.184999465942383,268800.0,16.31999969482422,16.280000686645508,13.404481887817383
22-06-2005,16.155000686645508,16.25,304000.0,16.5,16.420000076293945,13.519754409790039
23-06-2005,16.334999084472656,16.3799991607666,482000.0,16.540000915527344,16.454999923706055,13.548576354980469
24-06-2005,16.405000686645508,16.46500015258789,811600.0,16.635000228881836,16.610000610351562,13.676197052001953
27-06-2005,16.440000534057617,16.600000381469727,266800.0,16.670000076293945,16.59000015258789,13.659722328186035
28-06-2005,16.53499984741211,16.670000076293945,232600.0,17.010000228881836,17.0049991607666,14.001420974731445
29-06-2005,16.78499984741211,17.0,216400.0,17.094999313354492,17.094999313354492,14.075529098510742
30-06-2005,16.959999084472656,17.139999389648438,571000.0,17.31999969482422,17.139999389648438,14.112577438354492
01-07-2005,17.059999465942383,17.174999237060547,534800.0,17.459999084472656,17.459999084472656,14.376058578491211
05-07-2005,16.899999618530273,17.415000915527344,690400.0,17.5,17.165000915527344,14.133159637451172
06-07-2005,16.895000457763672,17.15999984741211,333600.0,17.2549991607666,16.934999465942383,13.943785667419434
07-07-2005,16.565000534057617,16.670000076293945,366000.0,16.780000686645508,16.719999313354492,13.766758918762207
08-07-2005,16.635000228881836,16.739999771118164,468000.0,17.479999542236328,17.299999237060547,14.244317054748535
11-07-2005,17.145000457763672,17.190000534057617,417400.0,17.385000228881836,17.274999618530273,14.223736763000488
12-07-2005,16.895000457763672,17.2450008392334,412200.0,17.2450008392334,16.989999771118164,13.989073753356934
13-07-2005,16.84000015258789,16.9950008392334,320000.0,17.079999923706055,16.90999984741211,13.923203468322754
14-07-2005,16.719999313354492,17.114999771118164,233400.0,17.18000030517578,16.860000610351562,13.882035255432129
15-07-2005,16.690000534057617,16.760000228881836,250200.0,17.024999618530273,17.014999389648438,14.009654998779297
18-07-2005,16.80500030517578,16.989999771118164,182600.0,17.049999237060547,16.809999465942383,13.840867042541504
19-07-2005,15.970000267028809,16.440000534057617,1179800.0,16.594999313354492,16.204999923706055,13.342724800109863
20-07-2005,16.079999923706055,16.139999389648438,585600.0,16.614999771118164,16.475000381469727,13.565035820007324
21-07-2005,16.2549991607666,16.5,376800.0,16.645000457763672,16.290000915527344,13.412713050842285
22-07-2005,16.2450008392334,16.31999969482422,414200.0,16.514999389648438,16.399999618530273,13.503281593322754
25-07-2005,16.114999771118164,16.399999618530273,228600.0,16.53499984741211,16.270000457763672,13.396249771118164
26-07-2005,16.19499969482422,16.270000457763672,374600.0,16.4950008392334,16.2549991607666,13.383891105651855
27-07-2005,16.239999771118164,16.334999084472656,356800.0,16.43000030517578,16.399999618530273,13.503281593322754
28-07-2005,16.399999618530273,16.399999618530273,341000.0,16.735000610351562,16.645000457763672,13.70500373840332
29-07-2005,16.485000610351562,16.684999465942383,198800.0,16.809999465942383,16.684999465942383,13.737944602966309
01-08-2005,16.700000762939453,16.700000762939453,351400.0,17.125,16.809999465942383,13.840867042541504
02-08-2005,16.735000610351562,16.735000610351562,337000.0,16.989999771118164,16.950000762939453,13.95613956451416
03-08-2005,16.795000076293945,16.90999984741211,238400.0,16.950000762939453,16.905000686645508,13.919083595275879
04-08-2005,16.69499969482422,16.8799991607666,224000.0,16.985000610351562,16.69499969482422,13.74617862701416
05-08-2005,16.510000228881836,16.75,166800.0,16.75,16.53499984741211,13.614437103271484
08-08-2005,16.395000457763672,16.510000228881836,203600.0,16.700000762939453,16.5,13.585623741149902
09-08-2005,16.350000381469727,16.545000076293945,158200.0,16.545000076293945,16.440000534057617,13.536213874816895
10-08-2005,16.05500030517578,16.225000381469727,521600.0,16.43000030517578,16.21500015258789,13.350961685180664
11-08-2005,15.904999732971191,16.15999984741211,735800.0,16.81999969482422,16.635000228881836,13.696770668029785
12-08-2005,16.299999237060547,16.594999313354492,544200.0,16.625,16.344999313354492,13.457998275756836
15-08-2005,16.344999313354492,16.385000228881836,420400.0,16.5,16.459999084472656,13.552682876586914
16-08-2005,15.84000015258789,16.454999923706055,387000.0,16.454999923706055,15.979999542236328,13.157464981079102
17-08-2005,15.989999771118164,16.06999969482422,221800.0,16.625,16.375,13.48270034790039
18-08-2005,16.165000915527344,16.25,211000.0,16.55500030517578,16.344999313354492,13.457998275756836
19-08-2005,16.235000610351562,16.2549991607666,116000.0,16.514999389648438,16.475000381469727,13.565035820007324
22-08-2005,16.309999465942383,16.549999237060547,182800.0,16.625,16.625,13.688538551330566
23-08-2005,16.079999923706055,16.649999618530273,313000.0,16.729999542236328,16.389999389648438,13.495047569274902
24-08-2005,16.55500030517578,16.55500030517578,1209800.0,18.1200008392334,17.075000762939453,14.059062004089355
25-08-2005,17.0,17.030000686645508,629600.0,17.399999618530273,17.350000381469727,14.285486221313477
26-08-2005,17.114999771118164,17.25,616800.0,17.68000030517578,17.274999618530273,14.223736763000488
29-08-2005,17.139999389648438,17.270000457763672,470800.0,17.844999313354492,17.81999969482422,14.672469139099121
30-08-2005,17.510000228881836,17.825000762939453,396200.0,17.924999237060547,17.7450008392334,14.6107177734375
31-08-2005,17.565000534057617,17.81999969482422,599200.0,18.100000381469727,17.760000228881836,14.623074531555176
01-09-2005,17.46500015258789,17.645000457763672,410400.0,17.975000381469727,17.864999771118164,14.778167724609375
02-09-2005,17.80500030517578,17.809999465942383,400000.0,18.81999969482422,17.94499969482422,14.844347953796387
06-09-2005,17.899999618530273,17.899999618530273,234000.0,18.614999771118164,18.469999313354492,15.278632164001465
07-09-2005,17.924999237060547,18.395000457763672,561400.0,18.704999923706055,17.954999923706055,14.852622032165527
08-09-2005,17.545000076293945,17.90999984741211,486800.0,17.950000762939453,17.829999923706055,14.749223709106445
09-09-2005,17.864999771118164,17.864999771118164,384800.0,18.31999969482422,18.2549991607666,15.10078239440918
12-09-2005,18.024999618530273,18.344999313354492,469600.0,18.979999542236328,18.80500030517578,15.555750846862793
13-09-2005,18.264999389648438,18.68000030517578,340000.0,18.68000030517578,18.34000015258789,15.171096801757812
14-09-2005,18.114999771118164,18.3700008392334,328200.0,18.510000228881836,18.469999313354492,15.278632164001465
15-09-2005,18.219999313354492,18.549999237060547,456000.0,18.575000762939453,18.389999389648438,15.212459564208984
16-09-2005,18.479999542236328,18.5,932000.0,18.975000381469727,18.96500015258789,15.688109397888184
19-09-2005,18.299999237060547,18.885000228881836,343200.0,18.954999923706055,18.510000228881836,15.31173038482666
20-09-2005,18.604999542236328,18.639999389648438,705000.0,19.045000076293945,18.725000381469727,15.48957347869873
21-09-2005,18.31999969482422,18.649999618530273,375000.0,18.75,18.334999084472656,15.166964530944824
22-09-2005,17.934999465942383,18.420000076293945,298000.0,18.719999313354492,18.56999969482422,15.361355781555176
23-09-2005,18.219999313354492,18.565000534057617,197000.0,18.770000457763672,18.614999771118164,15.398573875427246
26-09-2005,18.280000686645508,18.690000534057617,203200.0,18.799999237060547,18.5,15.303454399108887
27-09-2005,18.270000457763672,18.545000076293945,328400.0,19.06999969482422,18.989999771118164,15.708784103393555
28-09-2005,18.760000228881836,19.03499984741211,355800.0,19.149999618530273,19.0,15.71706771850586
29-09-2005,18.75,19.020000457763672,381200.0,19.434999465942383,19.125,15.820462226867676
30-09-2005,18.700000762939453,19.0049991607666,563600.0,19.049999237060547,19.014999389648438,15.729461669921875
03-10-2005,18.920000076293945,19.024999618530273,394600.0,19.450000762939453,19.049999237060547,15.758416175842285
04-10-2005,18.875,19.100000381469727,231800.0,19.28499984741211,19.0049991607666,15.721192359924316
05-10-2005,18.395000457763672,18.979999542236328,236800.0,19.100000381469727,18.405000686645508,15.224867820739746
06-10-2005,18.030000686645508,18.43000030517578,279400.0,18.71500015258789,18.135000228881836,15.001521110534668
07-10-2005,18.075000762939453,18.309999465942383,203800.0,18.6299991607666,18.360000610351562,15.187640190124512
10-10-2005,18.170000076293945,18.479999542236328,178200.0,18.545000076293945,18.424999237060547,15.241412162780762
11-10-2005,18.229999542236328,18.549999237060547,246200.0,18.93000030517578,18.2549991607666,15.10078239440918
12-10-2005,17.93000030517578,18.21500015258789,380200.0,18.594999313354492,18.395000457763672,15.216599464416504
13-10-2005,17.950000762939453,18.34000015258789,426600.0,18.440000534057617,18.270000457763672,15.113199234008789
14-10-2005,17.979999542236328,18.360000610351562,142200.0,18.489999771118164,18.44499969482422,15.257952690124512
17-10-2005,17.809999465942383,18.485000610351562,201200.0,18.485000610351562,18.334999084472656,15.166964530944824
18-10-2005,17.75,18.2450008392334,211200.0,18.415000915527344,17.875,14.7864351272583
19-10-2005,17.71500015258789,17.774999618530273,346400.0,18.299999237060547,18.2450008392334,15.092519760131836
20-10-2005,17.575000762939453,18.219999313354492,214400.0,18.344999313354492,17.790000915527344,14.716132164001465
21-10-2005,17.299999237060547,17.34000015258789,646600.0,18.024999618530273,17.610000610351562,14.56722640991211
24-10-2005,17.520000457763672,17.65999984741211,427600.0,18.350000381469727,18.229999542236328,15.080106735229492
25-10-2005,17.75,18.075000762939453,220600.0,18.440000534057617,17.9950008392334,14.885712623596191
26-10-2005,17.809999465942383,17.885000228881836,133600.0,18.25,18.065000534057617,14.943607330322266
27-10-2005,17.530000686645508,18.010000228881836,363800.0,18.1200008392334,17.75,14.683045387268066
28-10-2005,17.829999923706055,17.829999923706055,473200.0,18.850000381469727,18.65999984741211,15.435810089111328
31-10-2005,18.2549991607666,18.594999313354492,344200.0,18.854999542236328,18.584999084472656,15.373764991760254
01-11-2005,18.3700008392334,18.4950008392334,131200.0,18.920000076293945,18.854999542236328,15.597116470336914
02-11-2005,18.875,18.950000762939453,228600.0,19.395000457763672,19.395000457763672,16.043806076049805
03-11-2005,19.280000686645508,19.44499969482422,173000.0,19.625,19.399999618530273,16.047945022583008
04-11-2005,18.93000030517578,19.405000686645508,164000.0,19.405000686645508,19.31999969482422,15.981764793395996
07-11-2005,19.104999542236328,19.3799991607666,235600.0,19.69499969482422,19.565000534057617,16.184438705444336
08-11-2005,19.15999984741211,19.415000915527344,173000.0,19.5,19.450000762939453,16.08930015563965
09-11-2005,19.239999771118164,19.469999313354492,231000.0,19.739999771118164,19.704999923706055,16.30025291442871
10-11-2005,19.030000686645508,19.709999084472656,140400.0,19.954999923706055,19.920000076293945,16.47808837890625
11-11-2005,19.829999923706055,19.860000610351562,120400.0,20.0,19.959999084472656,16.51118278503418
14-11-2005,19.024999618530273,19.96500015258789,228000.0,19.96500015258789,19.545000076293945,16.167884826660156
15-11-2005,19.239999771118164,19.4950008392334,217000.0,19.71500015258789,19.375,16.027265548706055
16-11-2005,19.114999771118164,19.399999618530273,127400.0,19.424999237060547,19.274999618530273,15.944540023803711
17-11-2005,19.34000015258789,19.34000015258789,259400.0,19.795000076293945,19.69499969482422,16.291976928710938
18-11-2005,19.56999969482422,19.854999542236328,166000.0,19.875,19.739999771118164,16.329198837280273
21-11-2005,19.360000610351562,19.645000457763672,296600.0,19.790000915527344,19.739999771118164,16.329198837280273
22-11-2005,19.625,19.625,222000.0,19.940000534057617,19.875,16.44087028503418
23-11-2005,19.565000534057617,19.75,226200.0,19.895000457763672,19.834999084472656,16.40778350830078
25-11-2005,19.729999542236328,19.829999923706055,92200.0,19.8700008392334,19.8700008392334,16.43673324584961
28-11-2005,19.145000457763672,19.670000076293945,188200.0,19.670000076293945,19.420000076293945,16.064483642578125
29-11-2005,19.479999542236328,19.5049991607666,291400.0,19.940000534057617,19.854999542236328,16.42432403564453
30-11-2005,19.71500015258789,19.815000534057617,358600.0,19.959999084472656,19.90999984741211,16.46982192993164
01-12-2005,19.674999237060547,19.93000030517578,321200.0,20.05500030517578,19.934999465942383,16.490507125854492
02-12-2005,19.71500015258789,19.875,232400.0,19.899999618530273,19.834999084472656,16.40778350830078
05-12-2005,19.225000381469727,19.735000610351562,365800.0,19.829999923706055,19.739999771118164,16.329198837280273
06-12-2005,19.434999465942383,19.78499984741211,283600.0,20.059999465942383,19.459999084472656,16.097576141357422
07-12-2005,19.0,19.315000534057617,245000.0,19.5,19.15999984741211,15.84941577911377
08-12-2005,18.760000228881836,19.334999084472656,303200.0,19.43000030517578,19.170000076293945,15.857686042785645
09-12-2005,19.06999969482422,19.21500015258789,266000.0,19.475000381469727,19.440000534057617,16.081039428710938
12-12-2005,19.049999237060547,19.489999771118164,254600.0,19.524999618530273,19.309999465942383,15.973499298095703
13-12-2005,19.21500015258789,19.395000457763672,461400.0,19.674999237060547,19.625,16.234066009521484
14-12-2005,20.114999771118164,20.59000015258789,2931600.0,22.924999237060547,21.40999984741211,17.710634231567383
15-12-2005,20.774999618530273,21.204999923706055,798600.0,21.524999618530273,20.989999771118164,17.430377960205078
16-12-2005,19.975000381469727,21.094999313354492,1547600.0,21.110000610351562,20.934999465942383,17.38469886779785
19-12-2005,20.385000228881836,20.940000534057617,602800.0,20.940000534057617,20.469999313354492,16.998563766479492
20-12-2005,20.334999084472656,20.56999969482422,564600.0,21.0,20.514999389648438,17.035934448242188
21-12-2005,20.510000228881836,20.510000228881836,401000.0,21.170000076293945,21.0,17.43868637084961
22-12-2005,20.610000610351562,20.920000076293945,342000.0,21.094999313354492,20.915000915527344,17.368099212646484
23-12-2005,20.81999969482422,20.94499969482422,165600.0,21.059999465942383,20.989999771118164,17.430377960205078
27-12-2005,20.34000015258789,21.0,215400.0,21.0,20.354999542236328,16.90306854248047
28-12-2005,20.364999771118164,20.5049991607666,149200.0,20.920000076293945,20.829999923706055,17.297515869140625
29-12-2005,20.625,20.709999084472656,174000.0,20.934999465942383,20.65999984741211,17.156343460083008
30-12-2005,20.19499969482422,20.475000381469727,263600.0,20.65999984741211,20.2549991607666,16.820022583007812
03-01-2006,19.799999237060547,20.25,351600.0,20.55500030517578,20.4950008392334,17.01932716369629
04-01-2006,20.424999237060547,20.545000076293945,410000.0,21.184999465942383,21.15999984741211,17.57154655456543
05-01-2006,21.03499984741211,21.15999984741211,462200.0,21.395000457763672,21.295000076293945,17.683652877807617
06-01-2006,21.155000686645508,21.375,456000.0,21.825000762939453,21.799999237060547,18.103008270263672
09-01-2006,22.0,22.354999542236328,801400.0,23.165000915527344,22.514999389648438,18.696760177612305
10-01-2006,22.424999237060547,22.725000381469727,513400.0,23.155000686645508,22.7549991607666,18.896059036254883
11-01-2006,22.225000381469727,22.6200008392334,470800.0,22.790000915527344,22.614999771118164,18.779800415039062
12-01-2006,22.139999389648438,22.44499969482422,412600.0,22.690000534057617,22.260000228881836,18.485004425048828
13-01-2006,22.014999389648438,22.3700008392334,220200.0,22.549999237060547,22.299999237060547,18.518217086791992
17-01-2006,21.69499969482422,22.09000015258789,188000.0,22.260000228881836,21.825000762939453,18.123775482177734
18-01-2006,21.44499969482422,21.604999542236328,306600.0,21.934999465942383,21.55500030517578,17.899566650390625
19-01-2006,21.625,21.860000610351562,434600.0,22.075000762939453,21.834999084472656,18.132081985473633
20-01-2006,21.489999771118164,21.920000076293945,454200.0,21.969999313354492,21.649999618530273,17.97844696044922
23-01-2006,21.59000015258789,21.59000015258789,167400.0,22.065000534057617,21.93000030517578,18.210968017578125
24-01-2006,21.915000915527344,21.985000610351562,341800.0,22.5,22.450000762939453,18.642780303955078
25-01-2006,21.645000457763672,22.5,554000.0,22.6200008392334,22.065000534057617,18.323062896728516
26-01-2006,22.125,22.375,360000.0,23.03499984741211,23.010000228881836,19.107810974121094
27-01-2006,22.729999542236328,22.94499969482422,291400.0,23.479999542236328,22.875,18.995702743530273
30-01-2006,22.424999237060547,22.799999237060547,362600.0,22.94499969482422,22.684999465942383,18.837936401367188
31-01-2006,22.209999084472656,22.579999923706055,297800.0,23.0,22.709999084472656,18.858692169189453
01-02-2006,22.084999084472656,22.635000228881836,335400.0,22.639999389648438,22.459999084472656,18.651081085205078
02-02-2006,21.915000915527344,22.30500030517578,274200.0,22.655000686645508,22.114999771118164,18.364599227905273
03-02-2006,21.80500030517578,22.020000457763672,271200.0,22.18000030517578,21.844999313354492,18.140382766723633
06-02-2006,21.719999313354492,21.815000534057617,234400.0,22.649999618530273,22.479999542236328,18.667695999145508
07-02-2006,22.1200008392334,22.3700008392334,241000.0,22.90999984741211,22.299999237060547,18.518217086791992
08-02-2006,22.209999084472656,22.309999465942383,231000.0,22.90999984741211,22.885000228881836,19.004009246826172
09-02-2006,22.655000686645508,22.90999984741211,195600.0,23.06999969482422,22.690000534057617,18.842082977294922
10-02-2006,22.450000762939453,22.7549991607666,159000.0,23.149999618530273,23.030000686645508,19.12442398071289
13-02-2006,22.7549991607666,22.860000610351562,196200.0,23.114999771118164,23.06999969482422,19.15764045715332
14-02-2006,22.709999084472656,22.854999542236328,297000.0,23.149999618530273,22.905000686645508,19.020620346069336
15-02-2006,22.415000915527344,22.809999465942383,224200.0,23.024999618530273,23.010000228881836,19.107810974121094
16-02-2006,22.915000915527344,22.959999084472656,265000.0,23.424999237060547,23.344999313354492,19.38600730895996
17-02-2006,23.075000762939453,23.440000534057617,238200.0,23.440000534057617,23.19499969482422,19.26144027709961
21-02-2006,22.725000381469727,23.2450008392334,164400.0,23.334999084472656,23.084999084472656,19.170089721679688
22-02-2006,22.860000610351562,23.25,225800.0,23.530000686645508,23.530000686645508,19.539627075195312
23-02-2006,23.2549991607666,23.334999084472656,125200.0,23.559999465942383,23.375,19.410921096801758
24-02-2006,23.1299991607666,23.260000228881836,275800.0,23.565000534057617,23.454999923706055,19.47734260559082
27-02-2006,23.184999465942383,23.3700008392334,232800.0,23.725000381469727,23.614999771118164,19.610214233398438
28-02-2006,23.645000457763672,23.780000686645508,1140400.0,25.959999084472656,24.959999084472656,20.72711944580078
01-03-2006,24.579999923706055,24.895000457763672,382400.0,25.09000015258789,24.899999618530273,20.677289962768555
02-03-2006,24.540000915527344,24.764999389648438,408600.0,25.125,25.0,20.760332107543945
03-03-2006,24.344999313354492,24.96500015258789,290200.0,24.96500015258789,24.549999237060547,20.45414161682129
06-03-2006,24.329999923706055,24.485000610351562,382000.0,24.875,24.59000015258789,20.48747444152832
07-03-2006,23.93000030517578,24.469999313354492,227400.0,24.584999084472656,23.979999542236328,19.979251861572266
08-03-2006,23.75,23.864999771118164,316000.0,24.25,23.90999984741211,19.920913696289062
09-03-2006,23.434999465942383,23.905000686645508,268000.0,24.110000610351562,23.674999237060547,19.72513198852539
10-03-2006,23.415000915527344,23.6299991607666,256800.0,23.84000015258789,23.799999237060547,19.829286575317383
13-03-2006,23.6200008392334,23.75,294000.0,23.78499984741211,23.71500015258789,19.758464813232422
14-03-2006,23.440000534057617,23.6200008392334,329200.0,24.045000076293945,24.045000076293945,20.03339958190918
15-03-2006,23.8700008392334,24.114999771118164,272800.0,24.1299991607666,24.075000762939453,20.058399200439453
16-03-2006,24.065000534057617,24.2549991607666,343200.0,24.489999771118164,24.405000686645508,20.333345413208008
17-03-2006,24.03499984741211,24.399999618530273,759000.0,24.415000915527344,24.360000610351562,20.29584503173828
20-03-2006,24.06999969482422,24.25,198400.0,24.389999389648438,24.354999542236328,20.29168128967285
21-03-2006,23.684999465942383,23.684999465942383,259000.0,24.420000076293945,23.684999465942383,19.733463287353516
22-03-2006,23.600000381469727,23.719999313354492,431800.0,24.149999618530273,24.0,19.99590492248535
23-03-2006,23.774999618530273,24.040000915527344,198000.0,24.135000228881836,24.114999771118164,20.091720581054688
24-03-2006,23.954999923706055,24.149999618530273,221600.0,24.200000762939453,24.18000030517578,20.145875930786133
27-03-2006,23.81999969482422,24.09000015258789,147200.0,24.174999237060547,24.05500030517578,20.04173469543457
28-03-2006,23.774999618530273,24.135000228881836,312600.0,24.149999618530273,23.989999771118164,19.98758316040039
29-03-2006,23.915000915527344,24.135000228881836,571800.0,24.635000228881836,24.625,20.516633987426758
30-03-2006,24.315000534057617,24.540000915527344,246000.0,24.8799991607666,24.815000534057617,20.67494010925293
31-03-2006,24.584999084472656,24.799999237060547,310000.0,24.989999771118164,24.93000030517578,20.770748138427734
03-04-2006,24.489999771118164,24.924999237060547,179000.0,24.924999237060547,24.565000534057617,20.466651916503906
04-04-2006,24.264999389648438,24.625,657400.0,24.625,24.475000381469727,20.39166831970215
05-04-2006,24.295000076293945,24.350000381469727,496000.0,24.985000610351562,24.950000762939453,20.78740882873535
06-04-2006,24.40999984741211,24.780000686645508,245400.0,24.885000228881836,24.770000457763672,20.637447357177734
07-04-2006,24.309999465942383,24.950000762939453,181200.0,25.139999389648438,24.59000015258789,20.48747444152832
10-04-2006,24.25,24.725000381469727,463400.0,24.725000381469727,24.434999465942383,20.35832977294922
11-04-2006,24.28499984741211,24.43000030517578,306200.0,24.65999984741211,24.545000076293945,20.449983596801758
12-04-2006,24.135000228881836,24.450000762939453,213000.0,24.604999542236328,24.53499984741211,20.441652297973633
13-04-2006,24.350000381469727,24.59000015258789,237800.0,24.854999542236328,24.5049991607666,20.416654586791992
17-04-2006,24.434999465942383,24.614999771118164,238200.0,24.78499984741211,24.729999542236328,20.604124069213867
18-04-2006,24.829999923706055,24.920000076293945,270800.0,25.80500030517578,25.799999237060547,21.49560546875
19-04-2006,25.625,25.674999237060547,530600.0,26.309999465942383,26.264999389648438,21.883020401000977
20-04-2006,25.93000030517578,26.280000686645508,440600.0,26.485000610351562,26.344999313354492,21.949674606323242
21-04-2006,25.989999771118164,26.520000457763672,391400.0,26.575000762939453,26.375,21.974672317504883
24-04-2006,25.68000030517578,26.43000030517578,168600.0,26.43000030517578,25.90999984741211,21.587255477905273
25-04-2006,25.610000610351562,25.864999771118164,398200.0,26.375,26.315000534057617,21.9246883392334
26-04-2006,26.110000610351562,26.475000381469727,706800.0,26.594999313354492,26.4950008392334,22.074644088745117
27-04-2006,25.56999969482422,26.2450008392334,272000.0,26.704999923706055,26.049999237060547,21.703899383544922
28-04-2006,25.969999313354492,26.049999237060547,440800.0,26.81999969482422,26.725000381469727,22.266279220581055
01-05-2006,26.354999542236328,26.860000610351562,241400.0,26.985000610351562,26.549999237060547,22.120471954345703
02-05-2006,26.395000457763672,26.704999923706055,315800.0,27.389999389648438,26.9950008392334,22.491239547729492
03-05-2006,26.905000686645508,27.135000228881836,171400.0,27.360000610351562,27.25,22.703691482543945
04-05-2006,27.139999389648438,27.139999389648438,173400.0,28.03499984741211,27.829999923706055,23.18692970275879
05-05-2006,27.770000457763672,28.03499984741211,320600.0,28.625,28.329999923706055,23.603504180908203
08-05-2006,27.969999313354492,28.15999984741211,188800.0,28.405000686645508,28.260000228881836,23.54518699645996
09-05-2006,27.895000457763672,28.09000015258789,295400.0,28.905000686645508,28.584999084472656,23.815959930419922
10-05-2006,28.084999084472656,28.44499969482422,309400.0,28.739999771118164,28.360000610351562,23.62849998474121
11-05-2006,27.94499969482422,28.334999084472656,449200.0,28.670000076293945,28.2549991607666,23.541017532348633
12-05-2006,27.44499969482422,28.065000534057617,500000.0,28.334999084472656,27.530000686645508,22.936969757080078
15-05-2006,27.3799991607666,27.5,369000.0,27.889999389648438,27.725000381469727,23.099443435668945
16-05-2006,27.6200008392334,27.905000686645508,341400.0,28.229999542236328,28.0049991607666,23.33272933959961
17-05-2006,27.30500030517578,27.625,289400.0,28.19499969482422,27.635000228881836,23.02445411682129
18-05-2006,27.235000610351562,27.760000228881836,344600.0,27.770000457763672,27.34000015258789,22.77867317199707
19-05-2006,26.344999313354492,27.25,528800.0,27.450000762939453,26.790000915527344,22.320432662963867
22-05-2006,26.125,26.434999465942383,431200.0,26.80500030517578,26.610000610351562,22.170469284057617
23-05-2006,26.200000762939453,26.764999389648438,452400.0,26.979999542236328,26.325000762939453,21.933013916015625
24-05-2006,25.639999389648438,26.415000915527344,370600.0,26.809999465942383,26.520000457763672,22.095481872558594
25-05-2006,26.350000381469727,26.94499969482422,498800.0,27.174999237060547,27.174999237060547,22.64119529724121
26-05-2006,25.270000457763672,26.344999313354492,876400.0,26.8799991607666,25.575000762939453,21.308141708374023
30-05-2006,23.7549991607666,25.274999618530273,985200.0,25.274999618530273,23.760000228881836,19.795948028564453
31-05-2006,23.18000030517578,23.860000610351562,1023000.0,24.020000457763672,23.325000762939453,19.433521270751953
01-06-2006,23.145000457763672,23.30500030517578,462800.0,24.19499969482422,24.18000030517578,20.145875930786133
02-06-2006,23.739999771118164,23.75,496000.0,24.854999542236328,24.575000762939453,20.54721450805664
05-06-2006,23.81999969482422,24.405000686645508,370800.0,24.65999984741211,23.844999313354492,19.936853408813477
06-06-2006,23.30500030517578,23.790000915527344,364000.0,23.989999771118164,23.594999313354492,19.727832794189453
07-06-2006,23.270000457763672,23.59000015258789,481400.0,23.959999084472656,23.635000228881836,19.76127052307129
08-06-2006,23.100000381469727,23.530000686645508,368400.0,23.864999771118164,23.729999542236328,19.840702056884766
09-06-2006,23.600000381469727,23.729999542236328,412200.0,23.954999923706055,23.885000228881836,19.97029685974121
12-06-2006,23.649999618530273,23.854999542236328,661800.0,24.09000015258789,23.655000686645508,19.777992248535156
13-06-2006,23.1200008392334,23.545000076293945,459800.0,24.165000915527344,23.334999084472656,19.51044273376465
14-06-2006,22.78499984741211,23.420000076293945,543200.0,23.420000076293945,22.899999618530273,19.146745681762695
15-06-2006,23.040000915527344,23.040000915527344,419800.0,23.8799991607666,23.81999969482422,19.915950775146484
16-06-2006,23.475000381469727,23.80500030517578,771400.0,23.94499969482422,23.674999237060547,19.794721603393555
19-06-2006,23.125,23.665000915527344,256200.0,23.834999084472656,23.125,19.334861755371094
20-06-2006,22.790000915527344,23.040000915527344,342800.0,23.170000076293945,22.920000076293945,19.163461685180664
21-06-2006,22.889999389648438,22.889999389648438,235000.0,23.81999969482422,23.649999618530273,19.773813247680664
22-06-2006,22.8799991607666,23.5,342200.0,23.5,22.920000076293945,19.163461685180664
23-06-2006,22.420000076293945,22.84000015258789,289400.0,23.4950008392334,23.1299991607666,19.33903694152832
26-06-2006,23.149999618530273,23.235000610351562,207600.0,23.56999969482422,23.469999313354492,19.623321533203125
27-06-2006,22.795000076293945,23.40999984741211,250400.0,23.834999084472656,22.81999969482422,19.079843521118164
28-06-2006,22.5,22.94499969482422,282200.0,23.094999313354492,22.899999618530273,19.146745681762695
29-06-2006,23.100000381469727,23.100000381469727,336000.0,24.360000610351562,24.350000381469727,20.35909080505371
30-06-2006,24.389999389648438,24.389999389648438,1065400.0,24.75,24.59000015258789,20.55974769592285
03-07-2006,24.350000381469727,24.415000915527344,93800.0,24.649999618530273,24.649999618530273,20.609914779663086
05-07-2006,23.34000015258789,24.5,442800.0,24.540000915527344,23.469999313354492,19.623321533203125
06-07-2006,23.729999542236328,23.729999542236328,210000.0,24.270000457763672,23.795000076293945,19.895048141479492
07-07-2006,23.145000457763672,23.674999237060547,208200.0,23.81999969482422,23.21500015258789,19.41010856628418
10-07-2006,23.104999542236328,23.334999084472656,192000.0,23.725000381469727,23.280000686645508,19.46445083618164
11-07-2006,22.96500015258789,23.184999465942383,198600.0,23.655000686645508,23.6299991607666,19.757091522216797
12-07-2006,22.594999313354492,23.53499984741211,249800.0,23.735000610351562,22.639999389648438,18.92934799194336
13-07-2006,21.545000076293945,22.59000015258789,465400.0,22.604999542236328,21.625,18.080711364746094
14-07-2006,20.790000915527344,21.655000686645508,360400.0,21.655000686645508,21.225000381469727,17.74627113342285
17-07-2006,20.834999084472656,21.225000381469727,335200.0,21.4950008392334,20.915000915527344,17.48707389831543
18-07-2006,20.399999618530273,21.0,222400.0,21.350000381469727,20.895000457763672,17.470348358154297
19-07-2006,20.799999237060547,20.825000762939453,470600.0,21.854999542236328,21.795000076293945,18.222841262817383
20-07-2006,20.96500015258789,21.8700008392334,291000.0,22.014999389648438,21.049999237060547,17.599952697753906
21-07-2006,20.459999084472656,20.954999923706055,364200.0,20.954999923706055,20.510000228881836,17.148454666137695
24-07-2006,20.844999313354492,20.844999313354492,351200.0,21.989999771118164,21.770000457763672,18.201950073242188
25-07-2006,21.604999542236328,21.854999542236328,325200.0,22.469999313354492,22.06999969482422,18.452770233154297
26-07-2006,21.540000915527344,21.920000076293945,330400.0,22.290000915527344,21.975000381469727,18.373340606689453
27-07-2006,21.844999313354492,22.149999618530273,213800.0,22.639999389648438,21.850000381469727,18.268831253051758
28-07-2006,21.854999542236328,22.040000915527344,206200.0,22.850000381469727,22.6200008392334,18.912628173828125
31-07-2006,22.21500015258789,22.225000381469727,220400.0,22.844999313354492,22.75,19.021320343017578
01-08-2006,21.94499969482422,22.540000915527344,167200.0,22.700000762939453,22.135000228881836,18.507122039794922
02-08-2006,22.135000228881836,22.295000076293945,113000.0,22.65999984741211,22.44499969482422,18.766307830810547
03-08-2006,22.2450008392334,22.2450008392334,213200.0,23.329999923706055,23.18000030517578,19.380849838256836
04-08-2006,22.764999389648438,23.3700008392334,267200.0,24.174999237060547,23.06999969482422,19.288877487182617
07-08-2006,22.5,22.850000381469727,159000.0,23.1200008392334,22.8799991607666,19.13001251220703
08-08-2006,21.90999984741211,23.024999618530273,288600.0,23.075000762939453,22.0049991607666,18.3984317779541
09-08-2006,21.44499969482422,22.229999542236328,224400.0,22.594999313354492,21.475000381469727,17.955291748046875
10-08-2006,21.1299991607666,21.315000534057617,261200.0,21.69499969482422,21.59000015258789,18.051435470581055
11-08-2006,21.364999771118164,21.625,117600.0,21.639999389648438,21.540000915527344,18.0096378326416
14-08-2006,21.520000457763672,21.71500015258789,169200.0,22.290000915527344,21.524999618530273,17.997093200683594
15-08-2006,21.3799991607666,21.895000457763672,302000.0,22.204999923706055,21.96500015258789,18.36498260498047
16-08-2006,21.760000228881836,21.979999542236328,136400.0,22.3700008392334,22.34000015258789,18.678516387939453
17-08-2006,22.19499969482422,22.19499969482422,334800.0,23.114999771118164,22.96500015258789,19.201087951660156
18-08-2006,22.760000228881836,23.079999923706055,212400.0,23.424999237060547,23.239999771118164,19.431013107299805
21-08-2006,22.764999389648438,23.065000534057617,274400.0,23.165000915527344,22.78499984741211,19.05059051513672
22-08-2006,22.459999084472656,22.864999771118164,1166400.0,22.875,22.5,18.812297821044922
23-08-2006,21.600000381469727,22.915000915527344,317600.0,22.915000915527344,21.674999237060547,18.12251091003418
24-08-2006,20.100000381469727,20.584999084472656,1797200.0,21.489999771118164,20.78499984741211,17.378374099731445
25-08-2006,19.94499969482422,20.639999389648438,594800.0,20.795000076293945,20.110000610351562,16.81401824951172
28-08-2006,19.829999923706055,19.9950008392334,616400.0,20.100000381469727,19.985000610351562,16.70949935913086
29-08-2006,19.860000610351562,20.104999542236328,556800.0,20.479999542236328,19.979999542236328,16.70531463623047
30-08-2006,19.924999237060547,20.079999923706055,361600.0,20.329999923706055,19.989999771118164,16.713674545288086
31-08-2006,19.96500015258789,20.100000381469727,498000.0,20.264999389648438,20.020000457763672,16.7387638092041
01-09-2006,19.950000762939453,19.975000381469727,345000.0,20.25,20.0,16.793346405029297
05-09-2006,19.81999969482422,20.065000534057617,967200.0,20.209999084472656,20.024999618530273,16.8143310546875
06-09-2006,19.665000915527344,19.844999313354492,529200.0,20.010000228881836,19.665000915527344,16.512054443359375
07-09-2006,19.350000381469727,19.594999313354492,501600.0,19.65999984741211,19.40999984741211,16.297945022583008
08-09-2006,19.420000076293945,19.514999389648438,257000.0,19.655000686645508,19.514999389648438,16.386098861694336
11-09-2006,19.40999984741211,19.44499969482422,477600.0,19.649999618530273,19.4950008392334,16.36931037902832
12-09-2006,19.559999465942383,19.565000534057617,539200.0,19.875,19.674999237060547,16.520448684692383
13-09-2006,19.524999618530273,19.704999923706055,383600.0,19.940000534057617,19.825000762939453,16.646404266357422
14-09-2006,19.549999237060547,19.78499984741211,210800.0,19.915000915527344,19.81999969482422,16.64219856262207
15-09-2006,19.80500030517578,19.969999313354492,549200.0,20.44499969482422,19.875,16.68838119506836
18-09-2006,19.790000915527344,19.950000762939453,433600.0,20.21500015258789,19.954999923706055,16.755558013916016
19-09-2006,19.770000457763672,20.045000076293945,532800.0,20.100000381469727,19.915000915527344,16.72196388244629
20-09-2006,19.834999084472656,20.149999618530273,448200.0,20.270000457763672,19.969999313354492,16.76814842224121
21-09-2006,19.690000534057617,20.1299991607666,430600.0,20.18000030517578,19.7450008392334,16.5792293548584
22-09-2006,19.514999389648438,19.690000534057617,557400.0,19.959999084472656,19.829999923706055,16.650598526000977
25-09-2006,19.709999084472656,19.924999237060547,340600.0,20.2450008392334,20.094999313354492,16.87310028076172
26-09-2006,19.954999923706055,20.145000457763672,287200.0,20.264999389648438,20.049999237060547,16.835323333740234
27-09-2006,19.78499984741211,19.924999237060547,224800.0,20.31999969482422,20.260000228881836,17.01165008544922
28-09-2006,19.895000457763672,20.3799991607666,354000.0,20.78499984741211,20.229999542236328,16.986467361450195
29-09-2006,19.885000228881836,20.295000076293945,359400.0,20.479999542236328,19.93000030517578,16.73456382751465
02-10-2006,19.75,19.860000610351562,262800.0,20.135000228881836,19.94499969482422,16.747163772583008
03-10-2006,19.7450008392334,19.940000534057617,293600.0,20.290000915527344,20.010000228881836,16.80174446105957
04-10-2006,19.81999969482422,19.899999618530273,275800.0,20.7450008392334,20.65999984741211,17.347524642944336
05-10-2006,20.420000076293945,20.625,256400.0,20.985000610351562,20.899999618530273,17.54903793334961
06-10-2006,20.75,21.040000915527344,461200.0,21.260000228881836,21.114999771118164,17.72956657409668
09-10-2006,21.024999618530273,21.059999465942383,326000.0,21.75,21.540000915527344,18.086427688598633
10-10-2006,21.049999237060547,21.354999542236328,300200.0,21.78499984741211,21.674999237060547,18.19978141784668
11-10-2006,21.389999389648438,21.565000534057617,227800.0,21.854999542236328,21.69499969482422,18.216575622558594
12-10-2006,21.704999923706055,21.860000610351562,223000.0,22.475000381469727,22.459999084472656,18.858919143676758
13-10-2006,22.329999923706055,22.559999465942383,688600.0,23.219999313354492,23.06999969482422,19.37112045288086
16-10-2006,22.760000228881836,23.020000457763672,324200.0,23.485000610351562,23.200000762939453,19.480281829833984
17-10-2006,22.725000381469727,22.954999923706055,248600.0,22.969999313354492,22.809999465942383,19.15280532836914
18-10-2006,22.375,22.920000076293945,266400.0,23.190000534057617,22.485000610351562,18.879919052124023
19-10-2006,22.459999084472656,22.459999084472656,243000.0,23.059999465942383,23.059999465942383,19.362722396850586
20-10-2006,22.415000915527344,23.190000534057617,195000.0,23.190000534057617,22.565000534057617,18.94708824157715
23-10-2006,22.264999389648438,22.3799991607666,283000.0,22.885000228881836,22.600000381469727,18.976470947265625
24-10-2006,22.03499984741211,22.450000762939453,242600.0,22.510000228881836,22.469999313354492,18.86731719970703
25-10-2006,22.280000686645508,22.40999984741211,181400.0,22.719999313354492,22.645000457763672,19.014263153076172
26-10-2006,22.594999313354492,22.844999313354492,233400.0,23.28499984741211,23.28499984741211,19.551654815673828
27-10-2006,22.7549991607666,23.270000457763672,166600.0,23.389999389648438,22.81999969482422,19.161197662353516
30-10-2006,22.520000457763672,22.68000030517578,145000.0,23.19499969482422,23.114999771118164,19.40890884399414
31-10-2006,22.719999313354492,23.219999313354492,203400.0,23.530000686645508,23.024999618530273,19.333337783813477
01-11-2006,22.385000228881836,23.1299991607666,298200.0,23.135000228881836,22.385000228881836,18.795948028564453
02-11-2006,21.94499969482422,22.149999618530273,156000.0,22.43000030517578,22.174999237060547,18.619613647460938
03-11-2006,21.84000015258789,22.3700008392334,380000.0,22.645000457763672,21.854999542236328,18.350934982299805
06-11-2006,21.93000030517578,21.969999313354492,598200.0,22.219999313354492,22.03499984741211,18.50205421447754
07-11-2006,21.78499984741211,21.985000610351562,460400.0,22.3799991607666,22.239999771118164,18.674192428588867
08-11-2006,21.975000381469727,22.065000534057617,108000.0,22.649999618530273,22.55500030517578,18.938688278198242
09-11-2006,21.989999771118164,22.594999313354492,141000.0,22.645000457763672,22.100000381469727,18.556642532348633
10-11-2006,22.170000076293945,22.170000076293945,109000.0,22.655000686645508,22.655000686645508,19.022663116455078
13-11-2006,22.575000762939453,22.579999923706055,258600.0,23.170000076293945,23.1200008392334,19.41309928894043
14-11-2006,23.014999389648438,23.2450008392334,249200.0,23.7549991607666,23.719999313354492,19.91690444946289
15-11-2006,23.719999313354492,23.719999313354492,296400.0,24.19499969482422,24.1299991607666,20.26116180419922
16-11-2006,23.8799991607666,24.31999969482422,223400.0,24.354999542236328,23.90999984741211,20.07642936706543
17-11-2006,23.625,23.959999084472656,418600.0,24.375,24.299999237060547,20.403905868530273
20-11-2006,24.225000381469727,24.2450008392334,448400.0,24.735000610351562,24.5049991607666,20.5760498046875
21-11-2006,23.979999542236328,24.405000686645508,331400.0,24.405000686645508,24.2450008392334,20.357736587524414
22-11-2006,24.219999313354492,24.219999313354492,213800.0,24.549999237060547,24.270000457763672,20.37871551513672
24-11-2006,24.18000030517578,24.209999084472656,63200.0,24.559999465942383,24.479999542236328,20.555055618286133
27-11-2006,23.645000457763672,24.28499984741211,289400.0,24.43000030517578,23.684999465942383,19.887516021728516
28-11-2006,23.625,23.670000076293945,308600.0,24.094999313354492,24.014999389648438,20.16460418701172
29-11-2006,24.010000228881836,24.18000030517578,430000.0,24.459999084472656,24.264999389648438,20.374523162841797
30-11-2006,23.924999237060547,24.18000030517578,430600.0,24.469999313354492,24.145000457763672,20.273761749267578
01-12-2006,23.53499984741211,24.110000610351562,304600.0,24.395000457763672,23.899999618530273,20.068035125732422
04-12-2006,23.924999237060547,23.924999237060547,230200.0,24.665000915527344,24.579999923706055,20.639020919799805
05-12-2006,24.485000610351562,24.709999084472656,202800.0,24.78499984741211,24.579999923706055,20.639020919799805
06-12-2006,24.290000915527344,24.5,266800.0,24.6200008392334,24.295000076293945,20.39971160888672
07-12-2006,24.094999313354492,24.3799991607666,176600.0,24.46500015258789,24.145000457763672,20.273761749267578
08-12-2006,23.875,23.950000762939453,301200.0,24.40999984741211,24.09000015258789,20.227582931518555
11-12-2006,23.84000015258789,24.100000381469727,128200.0,24.100000381469727,23.93000030517578,20.093231201171875
12-12-2006,23.614999771118164,23.950000762939453,208400.0,23.975000381469727,23.899999618530273,20.068035125732422
13-12-2006,23.739999771118164,23.950000762939453,329400.0,24.084999084472656,23.950000762939453,20.110027313232422
14-12-2006,24.03499984741211,24.03499984741211,251800.0,24.434999465942383,24.1299991607666,20.26116180419922
15-12-2006,23.834999084472656,24.145000457763672,683200.0,24.184999465942383,23.96500015258789,20.195858001708984
18-12-2006,23.895000457763672,24.149999618530273,294400.0,24.450000762939453,24.014999389648438,20.237991333007812
19-12-2006,23.299999237060547,23.950000762939453,370200.0,23.950000762939453,23.844999313354492,20.094728469848633
20-12-2006,23.8799991607666,23.9950008392334,1046000.0,25.299999237060547,24.760000228881836,20.865814208984375
21-12-2006,24.25,24.979999542236328,700400.0,25.270000457763672,24.399999618530273,20.56243896484375
22-12-2006,24.065000534057617,24.375,571800.0,24.549999237060547,24.219999313354492,20.410755157470703
26-12-2006,24.149999618530273,24.149999618530273,459400.0,25.204999923706055,25.165000915527344,21.20712661743164
27-12-2006,25.184999465942383,25.21500015258789,267000.0,25.520000457763672,25.485000610351562,21.4768009185791
28-12-2006,25.094999313354492,25.389999389648438,371200.0,25.5,25.110000610351562,21.160778045654297
29-12-2006,24.885000228881836,25.2450008392334,255200.0,25.399999618530273,24.915000915527344,20.996442794799805
03-01-2007,24.899999618530273,25.270000457763672,457800.0,25.635000228881836,25.239999771118164,21.270326614379883
04-01-2007,24.80500030517578,25.350000381469727,533800.0,25.420000076293945,25.329999923706055,21.346174240112305
05-01-2007,24.790000915527344,25.1200008392334,550400.0,25.1200008392334,24.905000686645508,20.98801612854004
08-01-2007,24.424999237060547,24.959999084472656,417400.0,25.049999237060547,24.729999542236328,20.840545654296875
09-01-2007,24.395000457763672,24.834999084472656,381800.0,24.875,24.700000762939453,20.815256118774414
10-01-2007,24.450000762939453,24.485000610351562,363400.0,24.940000534057617,24.844999313354492,20.937456130981445
11-01-2007,24.864999771118164,24.93000030517578,317800.0,25.375,25.059999465942383,21.118635177612305
12-01-2007,25.0,25.0,202400.0,25.405000686645508,25.405000686645508,21.40937614440918
16-01-2007,25.014999389648438,25.360000610351562,336200.0,25.7450008392334,25.219999313354492,21.253477096557617
17-01-2007,25.110000610351562,25.235000610351562,339400.0,25.614999771118164,25.5,21.489425659179688
18-01-2007,24.920000076293945,25.475000381469727,200400.0,25.530000686645508,24.954999923706055,21.030147552490234
19-01-2007,24.850000381469727,24.854999542236328,314200.0,25.7450008392334,25.735000610351562,21.687475204467773
22-01-2007,25.18000030517578,25.770000457763672,299800.0,25.770000457763672,25.190000534057617,21.228187561035156
23-01-2007,25.110000610351562,25.165000915527344,231200.0,25.889999389648438,25.75,21.700117111206055
24-01-2007,25.625,25.739999771118164,219200.0,26.049999237060547,26.0,21.910797119140625
25-01-2007,25.014999389648438,25.924999237060547,275400.0,25.9950008392334,25.06999969482422,21.12706184387207
26-01-2007,24.885000228881836,25.084999084472656,256400.0,25.559999465942383,25.5049991607666,21.49364471435547
29-01-2007,24.950000762939453,25.545000076293945,277600.0,25.600000381469727,25.239999771118164,21.270326614379883
30-01-2007,25.28499984741211,25.30500030517578,290400.0,25.844999313354492,25.799999237060547,21.742252349853516
31-01-2007,25.450000762939453,25.69499969482422,329200.0,25.975000381469727,25.860000610351562,21.79281997680664
01-02-2007,25.924999237060547,25.96500015258789,193200.0,26.5049991607666,26.43000030517578,22.27316665649414
02-02-2007,26.375,26.395000457763672,140600.0,26.684999465942383,26.584999084472656,22.403783798217773
05-02-2007,25.96500015258789,26.584999084472656,273000.0,26.584999084472656,26.190000534057617,22.07090950012207
06-02-2007,26.145000457763672,26.295000076293945,255400.0,26.770000457763672,26.594999313354492,22.412216186523438
07-02-2007,26.424999237060547,26.690000534057617,180200.0,26.80500030517578,26.799999237060547,22.58497428894043
08-02-2007,26.719999313354492,26.719999313354492,241800.0,27.079999923706055,27.06999969482422,22.8125057220459
09-02-2007,26.03499984741211,26.6299991607666,359400.0,26.704999923706055,26.170000076293945,22.05405616760254
12-02-2007,26.100000381469727,26.100000381469727,505200.0,27.5,26.604999542236328,22.4206485748291
13-02-2007,26.540000915527344,26.704999923706055,280200.0,26.875,26.795000076293945,22.580753326416016
14-02-2007,26.770000457763672,26.770000457763672,439600.0,27.530000686645508,27.44499969482422,23.128524780273438
15-02-2007,27.30500030517578,27.395000457763672,252600.0,27.69499969482422,27.584999084472656,23.24651336669922
16-02-2007,27.315000534057617,27.584999084472656,452200.0,27.94499969482422,27.864999771118164,23.48247718811035
20-02-2007,27.440000534057617,27.78499984741211,209600.0,28.18000030517578,28.149999618530273,23.722640991210938
21-02-2007,28.024999618530273,28.05500030517578,293400.0,28.825000762939453,28.56999969482422,24.07659912109375
22-02-2007,27.5,28.25,406600.0,28.579999923706055,27.915000915527344,23.52461814880371
23-02-2007,27.459999084472656,27.864999771118164,207200.0,28.084999084472656,27.934999465942383,23.54146385192871
26-02-2007,27.530000686645508,28.125,371400.0,28.139999389648438,27.78499984741211,23.415061950683594
27-02-2007,26.100000381469727,27.604999542236328,389800.0,27.604999542236328,26.135000228881836,22.024560928344727
28-02-2007,24.0,25.520000457763672,997600.0,25.520000457763672,24.389999389648438,20.55401039123535
01-03-2007,23.584999084472656,24.280000686645508,540400.0,24.524999618530273,24.114999771118164,20.322263717651367
02-03-2007,23.155000686645508,23.799999237060547,939600.0,23.799999237060547,23.30500030517578,19.711172103881836
05-03-2007,22.19499969482422,23.010000228881836,1050200.0,23.28499984741211,22.28499984741211,18.848466873168945
06-03-2007,22.280000686645508,22.645000457763672,907000.0,23.200000762939453,23.030000686645508,19.478586196899414
07-03-2007,23.385000228881836,23.610000610351562,806000.0,23.924999237060547,23.5,19.8761043548584
08-03-2007,23.229999542236328,23.625,576600.0,24.0049991607666,23.415000915527344,19.804218292236328
09-03-2007,23.03499984741211,23.545000076293945,329000.0,23.545000076293945,23.399999618530273,19.791528701782227
12-03-2007,23.170000076293945,23.415000915527344,498000.0,23.625,23.55500030517578,19.92262077331543
13-03-2007,22.68000030517578,23.325000762939453,574800.0,23.440000534057617,22.75,19.24176025390625
14-03-2007,22.350000381469727,22.809999465942383,593000.0,23.049999237060547,22.774999618530273,19.26291275024414
15-03-2007,22.584999084472656,22.799999237060547,499200.0,23.184999465942383,22.774999618530273,19.26291275024414
16-03-2007,22.280000686645508,22.770000457763672,639600.0,22.80500030517578,22.454999923706055,18.992258071899414
19-03-2007,22.454999923706055,22.510000228881836,417400.0,22.8700008392334,22.764999389648438,19.254451751708984
20-03-2007,22.639999389648438,22.780000686645508,380800.0,22.8799991607666,22.764999389648438,19.254451751708984
21-03-2007,22.520000457763672,22.774999618530273,395400.0,23.354999542236328,23.315000534057617,19.719633102416992
22-03-2007,23.139999389648438,23.424999237060547,413600.0,23.545000076293945,23.325000762939453,19.728090286254883
23-03-2007,23.260000228881836,23.34000015258789,306600.0,23.584999084472656,23.315000534057617,19.719633102416992
26-03-2007,23.0049991607666,23.295000076293945,299200.0,23.350000381469727,23.270000457763672,19.681575775146484
27-03-2007,22.975000381469727,23.170000076293945,534200.0,23.5,23.104999542236328,19.542020797729492
28-03-2007,22.889999389648438,22.985000610351562,432600.0,23.290000915527344,23.1200008392334,19.55470848083496
29-03-2007,22.905000686645508,23.31999969482422,194600.0,23.3799991607666,23.219999313354492,19.639286041259766
30-03-2007,22.895000457763672,23.239999771118164,382400.0,23.420000076293945,23.229999542236328,19.647750854492188
02-04-2007,23.100000381469727,23.274999618530273,244800.0,23.545000076293945,23.3700008392334,19.76614761352539
03-04-2007,23.30500030517578,23.454999923706055,340000.0,23.645000457763672,23.440000534057617,19.825361251831055
04-04-2007,22.954999923706055,23.479999542236328,291800.0,23.489999771118164,23.024999618530273,19.474355697631836
05-04-2007,22.920000076293945,22.969999313354492,228400.0,23.264999389648438,22.969999313354492,19.427839279174805
09-04-2007,22.75,22.959999084472656,333200.0,23.024999618530273,22.924999237060547,19.389781951904297
10-04-2007,22.665000915527344,22.864999771118164,422600.0,23.059999465942383,22.774999618530273,19.26291275024414
11-04-2007,22.334999084472656,22.584999084472656,565800.0,22.645000457763672,22.5049991607666,19.034534454345703
12-04-2007,22.3799991607666,22.5049991607666,640000.0,22.78499984741211,22.735000610351562,19.229084014892578
13-04-2007,22.4950008392334,22.780000686645508,538000.0,22.885000228881836,22.75,19.24176025390625
16-04-2007,22.739999771118164,22.799999237060547,215600.0,23.424999237060547,23.420000076293945,19.80844497680664
17-04-2007,23.125,23.3700008392334,379200.0,23.3700008392334,23.270000457763672,19.681575775146484
18-04-2007,22.954999923706055,23.190000534057617,380000.0,23.434999465942383,23.299999237060547,19.70694923400879
19-04-2007,23.05500030517578,23.209999084472656,676400.0,23.43000030517578,23.385000228881836,19.778841018676758
20-04-2007,23.5049991607666,23.565000534057617,278000.0,23.940000534057617,23.760000228881836,20.096017837524414
23-04-2007,23.3799991607666,23.68000030517578,226200.0,23.84000015258789,23.530000686645508,19.901487350463867
24-04-2007,23.334999084472656,23.610000610351562,230600.0,23.610000610351562,23.459999084472656,19.842283248901367
25-04-2007,23.360000610351562,23.56999969482422,308000.0,23.854999542236328,23.540000915527344,19.909936904907227
26-04-2007,23.315000534057617,23.489999771118164,261000.0,23.739999771118164,23.684999465942383,20.03257942199707
27-04-2007,23.450000762939453,23.625,205000.0,23.700000762939453,23.530000686645508,19.901487350463867
30-04-2007,22.895000457763672,23.625,439800.0,23.625,22.915000915527344,19.381319046020508
01-05-2007,22.375,22.950000762939453,400600.0,23.024999618530273,22.655000686645508,19.161418914794922
02-05-2007,22.6200008392334,22.71500015258789,294200.0,23.110000610351562,23.06999969482422,19.51241683959961
03-05-2007,22.684999465942383,23.065000534057617,570400.0,23.155000686645508,23.03499984741211,19.482812881469727
04-05-2007,22.860000610351562,23.1299991607666,206600.0,23.15999984741211,23.15999984741211,19.588529586791992
07-05-2007,23.030000686645508,23.209999084472656,252400.0,23.405000686645508,23.219999313354492,19.639286041259766
08-05-2007,22.549999237060547,22.9950008392334,210200.0,23.219999313354492,22.739999771118164,19.23331069946289
09-05-2007,22.165000915527344,22.260000228881836,972600.0,24.135000228881836,23.8799991607666,20.197505950927734
10-05-2007,23.415000915527344,23.825000762939453,896400.0,24.190000534057617,23.610000610351562,19.969144821166992
11-05-2007,23.56999969482422,23.665000915527344,388800.0,23.9950008392334,23.81999969482422,20.146766662597656
14-05-2007,23.575000762939453,23.780000686645508,584600.0,24.024999618530273,23.670000076293945,20.019886016845703
15-05-2007,23.329999923706055,23.575000762939453,629400.0,24.094999313354492,23.3700008392334,19.76614761352539
16-05-2007,23.020000457763672,23.489999771118164,296200.0,23.510000228881836,23.46500015258789,19.846511840820312
17-05-2007,23.014999389648438,23.46500015258789,226400.0,23.524999618530273,23.18000030517578,19.605459213256836
18-05-2007,23.110000610351562,23.25,373800.0,23.440000534057617,23.18000030517578,19.605459213256836
21-05-2007,23.079999923706055,23.1200008392334,712000.0,23.725000381469727,23.684999465942383,20.03257942199707
22-05-2007,23.5,23.795000076293945,250000.0,23.90999984741211,23.809999465942383,20.138303756713867
23-05-2007,23.71500015258789,23.8799991607666,216600.0,24.135000228881836,23.815000534057617,20.142528533935547
24-05-2007,23.469999313354492,23.690000534057617,612200.0,24.05500030517578,23.684999465942383,20.03257942199707
25-05-2007,24.799999237060547,24.799999237060547,1864400.0,27.139999389648438,26.764999389648438,22.637622833251953
29-05-2007,26.485000610351562,26.71500015258789,894400.0,27.225000381469727,26.84000015258789,22.701051712036133
30-05-2007,25.704999923706055,26.459999084472656,750200.0,26.610000610351562,26.3700008392334,22.30353546142578
31-05-2007,25.829999923706055,26.399999618530273,548400.0,26.469999313354492,25.9950008392334,21.98635482788086
01-06-2007,25.760000228881836,26.024999618530273,315600.0,26.420000076293945,26.149999618530273,22.192153930664062
04-06-2007,25.905000686645508,26.135000228881836,514400.0,26.31999969482422,26.2450008392334,22.272789001464844
05-06-2007,25.329999923706055,26.065000534057617,374800.0,26.06999969482422,25.7450008392334,21.84845733642578
06-06-2007,25.125,25.614999771118164,377600.0,25.614999771118164,25.260000228881836,21.43686294555664
07-06-2007,24.524999618530273,25.084999084472656,584600.0,25.2450008392334,24.575000762939453,20.85553741455078
08-06-2007,24.295000076293945,24.510000228881836,409200.0,24.969999313354492,24.934999465942383,21.161046981811523
11-06-2007,24.395000457763672,24.850000381469727,665000.0,25.06999969482422,24.985000610351562,21.203481674194336
12-06-2007,24.549999237060547,24.834999084472656,563400.0,25.135000228881836,24.725000381469727,20.982830047607422
13-06-2007,24.55500030517578,24.780000686645508,622400.0,25.104999542236328,25.014999389648438,21.228946685791016
14-06-2007,25.010000228881836,25.104999542236328,354000.0,25.655000686645508,25.184999465942383,21.373207092285156
15-06-2007,25.315000534057617,25.4950008392334,700800.0,25.915000915527344,25.454999923706055,21.602352142333984
18-06-2007,25.264999389648438,25.475000381469727,305200.0,25.559999465942383,25.405000686645508,21.559911727905273
19-06-2007,24.954999923706055,25.30500030517578,340400.0,25.399999618530273,25.25,21.428380966186523
20-06-2007,24.655000686645508,25.200000762939453,308800.0,25.344999313354492,24.655000686645508,20.92342758178711
21-06-2007,24.315000534057617,24.549999237060547,418200.0,25.094999313354492,25.040000915527344,21.250154495239258
22-06-2007,24.6299991607666,24.924999237060547,950200.0,24.989999771118164,24.729999542236328,20.987077713012695
25-06-2007,24.165000915527344,24.655000686645508,521000.0,24.844999313354492,24.424999237060547,20.728235244750977
26-06-2007,24.239999771118164,24.514999389648438,334000.0,24.725000381469727,24.53499984741211,20.82159423828125
27-06-2007,24.174999237060547,24.399999618530273,503800.0,25.079999923706055,25.06999969482422,21.275611877441406
28-06-2007,25.020000457763672,25.125,391000.0,25.614999771118164,25.225000381469727,21.407155990600586
29-06-2007,25.06999969482422,25.329999923706055,439800.0,25.68000030517578,25.079999923706055,21.284101486206055
02-07-2007,25.075000762939453,25.309999465942383,307600.0,25.860000610351562,25.809999465942383,21.903614044189453
03-07-2007,25.604999542236328,25.825000762939453,115000.0,25.94499969482422,25.799999237060547,21.89513397216797
05-07-2007,25.3700008392334,25.770000457763672,229800.0,25.790000915527344,25.549999237060547,21.682971954345703
06-07-2007,25.200000762939453,25.40999984741211,211800.0,25.75,25.594999313354492,21.72115707397461
09-07-2007,25.344999313354492,25.5,201600.0,25.709999084472656,25.635000228881836,21.75510025024414
10-07-2007,24.81999969482422,25.3700008392334,402200.0,25.3700008392334,24.84000015258789,21.080432891845703
11-07-2007,24.6299991607666,24.885000228881836,244600.0,25.170000076293945,25.104999542236328,21.305313110351562
12-07-2007,24.9950008392334,25.21500015258789,284000.0,25.690000534057617,25.655000686645508,21.772075653076172
13-07-2007,25.31999969482422,25.579999923706055,112600.0,25.6299991607666,25.4950008392334,21.636295318603516
16-07-2007,24.93000030517578,25.3700008392334,259200.0,25.3700008392334,25.045000076293945,21.254398345947266
17-07-2007,25.049999237060547,25.049999237060547,265000.0,25.514999389648438,25.264999389648438,21.44110679626465
18-07-2007,24.635000228881836,25.094999313354492,373200.0,25.53499984741211,25.030000686645508,21.241668701171875
19-07-2007,25.059999465942383,25.165000915527344,288600.0,25.454999923706055,25.309999465942383,21.47929573059082
20-07-2007,24.719999313354492,25.2549991607666,521600.0,25.2549991607666,25.1200008392334,21.31804847717285
23-07-2007,24.68000030517578,25.0,507600.0,25.264999389648438,25.030000686645508,21.241668701171875
24-07-2007,24.44499969482422,24.71500015258789,559000.0,24.825000762939453,24.55500030517578,20.83856201171875
25-07-2007,24.2549991607666,24.780000686645508,772400.0,25.260000228881836,24.975000381469727,21.194992065429688
26-07-2007,23.7549991607666,24.485000610351562,664600.0,24.850000381469727,24.135000228881836,20.48212432861328
27-07-2007,23.075000762939453,24.059999465942383,574000.0,24.229999542236328,23.094999313354492,19.599533081054688
30-07-2007,22.399999618530273,23.045000076293945,1024400.0,23.434999465942383,22.780000686645508,19.33220863342285
31-07-2007,22.704999923706055,23.03499984741211,673000.0,23.75,22.8799991607666,19.417072296142578
01-08-2007,22.40999984741211,22.780000686645508,474200.0,23.549999237060547,23.344999313354492,19.811695098876953
02-08-2007,23.139999389648438,23.424999237060547,286400.0,23.729999542236328,23.545000076293945,19.981433868408203
03-08-2007,22.530000686645508,23.530000686645508,497400.0,23.530000686645508,22.68000030517578,19.247346878051758
06-08-2007,22.315000534057617,22.5049991607666,576000.0,23.645000457763672,23.600000381469727,20.028100967407227
07-08-2007,23.075000762939453,23.5049991607666,554400.0,24.30500030517578,24.155000686645508,20.499101638793945
08-08-2007,24.31999969482422,24.354999542236328,826200.0,26.25,25.75,21.85269546508789
09-08-2007,23.875,24.80500030517578,1049200.0,26.09000015258789,25.385000228881836,21.542951583862305
10-08-2007,24.565000534057617,24.96500015258789,711800.0,26.235000610351562,24.934999465942383,21.161046981811523
13-08-2007,23.530000686645508,25.270000457763672,449200.0,25.75,23.645000457763672,20.066293716430664
14-08-2007,22.889999389648438,23.635000228881836,344600.0,23.850000381469727,23.049999237060547,19.561344146728516
15-08-2007,22.905000686645508,22.954999923706055,348000.0,24.049999237060547,22.934999465942383,19.4637508392334
16-08-2007,22.80500030517578,22.90999984741211,845200.0,24.5049991607666,23.600000381469727,20.028100967407227
17-08-2007,23.540000915527344,24.434999465942383,640400.0,24.645000457763672,23.8799991607666,20.26572036743164
20-08-2007,23.68000030517578,23.979999542236328,203000.0,24.25,24.200000762939453,20.53728675842285
21-08-2007,23.809999465942383,24.104999542236328,115600.0,24.334999084472656,23.8799991607666,20.26572036743164
22-08-2007,23.860000610351562,24.145000457763672,145800.0,24.399999618530273,24.354999542236328,20.668827056884766
23-08-2007,23.139999389648438,24.399999618530273,397200.0,24.399999618530273,23.434999465942383,19.888071060180664
24-08-2007,24.614999771118164,24.989999771118164,1697400.0,26.0,25.045000076293945,21.254398345947266
27-08-2007,24.5,25.059999465942383,529400.0,25.059999465942383,24.56999969482422,20.851295471191406
28-08-2007,24.049999237060547,24.30500030517578,451200.0,24.530000686645508,24.09000015258789,20.443944931030273
29-08-2007,24.040000915527344,24.209999084472656,708800.0,24.924999237060547,24.899999618530273,21.131345748901367
30-08-2007,24.424999237060547,24.645000457763672,453400.0,25.219999313354492,24.850000381469727,21.163284301757812
31-08-2007,24.885000228881836,25.209999084472656,307200.0,25.3700008392334,25.104999542236328,21.38045310974121
04-09-2007,24.979999542236328,25.079999923706055,313000.0,25.420000076293945,25.049999237060547,21.33361053466797
05-09-2007,24.725000381469727,24.829999923706055,303200.0,25.065000534057617,24.950000762939453,21.248455047607422
06-09-2007,24.600000381469727,25.0,287400.0,25.149999618530273,25.020000457763672,21.308059692382812
07-09-2007,23.93000030517578,24.610000610351562,282400.0,25.34000015258789,24.104999542236328,20.528804779052734
10-09-2007,23.649999618530273,24.114999771118164,302600.0,24.415000915527344,23.895000457763672,20.34996795654297
11-09-2007,23.670000076293945,24.010000228881836,257000.0,24.415000915527344,24.329999923706055,20.720426559448242
12-09-2007,23.795000076293945,24.264999389648438,444600.0,24.415000915527344,24.030000686645508,20.46493911743164
13-09-2007,23.774999618530273,24.209999084472656,305600.0,24.3799991607666,24.075000762939453,20.50326156616211
14-09-2007,23.625,23.850000381469727,370400.0,24.1200008392334,24.05500030517578,20.486230850219727
17-09-2007,23.44499969482422,24.03499984741211,698600.0,24.05500030517578,23.530000686645508,20.03911781311035
18-09-2007,23.65999984741211,23.700000762939453,527400.0,25.309999465942383,25.290000915527344,21.538009643554688
19-09-2007,25.15999984741211,25.5,518800.0,25.9950008392334,25.34000015258789,21.580585479736328
20-09-2007,24.68000030517578,25.264999389648438,361200.0,25.440000534057617,24.985000610351562,21.278255462646484
21-09-2007,24.899999618530273,25.219999313354492,810200.0,25.614999771118164,25.475000381469727,21.6955623626709
24-09-2007,24.479999542236328,25.31999969482422,493000.0,25.584999084472656,24.850000381469727,21.163284301757812
25-09-2007,24.4950008392334,24.690000534057617,437400.0,25.049999237060547,24.864999771118164,21.176057815551758
26-09-2007,24.979999542236328,25.079999923706055,396400.0,25.815000534057617,25.565000534057617,21.772205352783203
27-09-2007,25.094999313354492,25.704999923706055,299200.0,25.809999465942383,25.46500015258789,21.687044143676758
28-09-2007,24.96500015258789,25.43000030517578,329400.0,25.69499969482422,25.104999542236328,21.38045310974121
01-10-2007,26.219999313354492,26.459999084472656,664000.0,27.344999313354492,27.15999984741211,23.130569458007812
02-10-2007,26.780000686645508,26.985000610351562,322800.0,27.334999084472656,27.09000015258789,23.07096290588379
03-10-2007,26.229999542236328,26.96500015258789,292800.0,27.145000457763672,26.454999923706055,22.530160903930664
04-10-2007,26.25,26.56999969482422,292800.0,27.020000457763672,26.31999969482422,22.41519546508789
05-10-2007,26.024999618530273,26.15999984741211,595400.0,27.014999389648438,26.9950008392334,22.99005126953125
08-10-2007,26.815000534057617,26.885000228881836,430200.0,27.829999923706055,27.354999542236328,23.296642303466797
09-10-2007,27.014999389648438,27.485000610351562,338000.0,27.639999389648438,27.600000381469727,23.505294799804688
10-10-2007,27.399999618530273,27.5,284000.0,27.71500015258789,27.625,23.526586532592773
11-10-2007,26.65999984741211,27.69499969482422,341200.0,28.15999984741211,27.075000762939453,23.058183670043945
12-10-2007,26.709999084472656,27.15999984741211,294200.0,27.424999237060547,26.80500030517578,22.8282413482666
15-10-2007,26.209999084472656,26.764999389648438,234800.0,27.114999771118164,26.485000610351562,22.555709838867188
16-10-2007,26.295000076293945,26.510000228881836,150200.0,26.920000076293945,26.479999542236328,22.551462173461914
17-10-2007,26.059999465942383,26.854999542236328,192000.0,26.969999313354492,26.6299991607666,22.679201126098633
18-10-2007,26.145000457763672,26.469999313354492,147000.0,26.93000030517578,26.764999389648438,22.79418182373047
19-10-2007,25.420000076293945,26.764999389648438,329800.0,26.844999313354492,25.485000610351562,21.704078674316406
22-10-2007,25.0,25.174999237060547,240000.0,26.2549991607666,26.104999542236328,22.232091903686523
23-10-2007,25.674999237060547,26.424999237060547,240000.0,26.424999237060547,26.299999237060547,22.398160934448242
24-10-2007,25.774999618530273,26.065000534057617,266800.0,26.68000030517578,26.55500030517578,22.61532974243164
25-10-2007,26.15999984741211,26.645000457763672,423200.0,27.0,26.729999542236328,22.764368057250977
26-10-2007,26.75,27.110000610351562,287000.0,27.4950008392334,27.280000686645508,23.232776641845703
29-10-2007,26.80500030517578,27.34000015258789,211600.0,27.434999465942383,27.075000762939453,23.058183670043945
30-10-2007,26.469999313354492,26.94499969482422,210400.0,26.950000762939453,26.520000457763672,22.585519790649414
31-10-2007,26.1299991607666,26.565000534057617,457400.0,27.040000915527344,26.75,22.78140640258789
01-11-2007,25.559999465942383,26.350000381469727,491200.0,26.7450008392334,26.350000381469727,22.44074058532715
02-11-2007,26.010000228881836,26.614999771118164,258800.0,26.739999771118164,26.545000076293945,22.6068058013916
05-11-2007,25.700000762939453,26.15999984741211,212400.0,26.34000015258789,26.014999389648438,22.15544319152832
06-11-2007,25.545000076293945,26.014999389648438,246000.0,26.385000228881836,26.344999313354492,22.43648338317871
07-11-2007,25.424999237060547,25.940000534057617,325000.0,26.05500030517578,25.69499969482422,21.88291358947754
08-11-2007,25.424999237060547,25.920000076293945,289400.0,26.190000534057617,26.075000762939453,22.206544876098633
09-11-2007,25.329999923706055,25.725000381469727,421400.0,26.040000915527344,25.645000457763672,21.840341567993164
12-11-2007,25.084999084472656,25.5,218000.0,26.0,25.364999771118164,21.60187530517578
13-11-2007,25.364999771118164,25.59000015258789,232400.0,26.25,26.174999237060547,22.29170036315918
14-11-2007,25.299999237060547,26.260000228881836,295800.0,26.260000228881836,25.479999542236328,21.699813842773438
15-11-2007,25.114999771118164,25.399999618530273,271600.0,25.674999237060547,25.385000228881836,21.618906021118164
16-11-2007,24.829999923706055,25.450000762939453,354400.0,25.520000457763672,25.184999465942383,21.448579788208008
19-11-2007,24.545000076293945,24.969999313354492,736600.0,25.094999313354492,24.725000381469727,21.056827545166016
20-11-2007,24.264999389648438,24.684999465942383,382600.0,25.030000686645508,24.7549991607666,21.08237648010254
21-11-2007,24.549999237060547,24.549999237060547,237800.0,25.19499969482422,24.774999618530273,21.09939956665039
23-11-2007,24.594999313354492,25.024999618530273,112600.0,25.434999465942383,25.239999771118164,21.49542808532715
26-11-2007,25.024999618530273,25.25,323800.0,25.690000534057617,25.229999542236328,21.486902236938477
27-11-2007,24.934999465942383,25.329999923706055,253600.0,25.950000762939453,25.690000534057617,21.878662109375
28-11-2007,25.940000534057617,26.0,537600.0,27.844999313354492,27.7549991607666,23.637298583984375
29-11-2007,26.739999771118164,27.579999923706055,509400.0,27.614999771118164,26.84000015258789,22.858049392700195
30-11-2007,26.049999237060547,27.059999465942383,460800.0,27.34000015258789,26.399999618530273,22.483320236206055
03-12-2007,25.950000762939453,26.270000457763672,226800.0,26.53499984741211,25.954999923706055,22.10435676574707
04-12-2007,25.135000228881836,25.68000030517578,272400.0,25.899999618530273,25.6299991607666,21.827558517456055
05-12-2007,25.94499969482422,26.094999313354492,340000.0,26.549999237060547,26.454999923706055,22.530160903930664
06-12-2007,26.165000915527344,26.3799991607666,399400.0,27.329999923706055,27.040000915527344,23.02838134765625
07-12-2007,26.780000686645508,27.155000686645508,192800.0,27.225000381469727,27.15999984741211,23.130569458007812
10-12-2007,27.03499984741211,27.125,215200.0,27.875,27.59000015258789,23.49678611755371
11-12-2007,26.325000762939453,27.709999084472656,308400.0,27.709999084472656,26.329999923706055,22.423715591430664
12-12-2007,26.649999618530273,26.975000381469727,341400.0,27.625,26.924999237060547,22.93044090270996
13-12-2007,26.354999542236328,26.670000076293945,267400.0,27.6200008392334,27.579999923706055,23.488262176513672
14-12-2007,26.1200008392334,27.25,287200.0,27.25,26.260000228881836,22.36409568786621
17-12-2007,25.524999618530273,26.084999084472656,285000.0,26.375,25.524999618530273,21.73813819885254
18-12-2007,25.354999542236328,26.014999389648438,446000.0,26.2549991607666,25.985000610351562,22.12989616394043
19-12-2007,26.709999084472656,26.979999542236328,855200.0,28.635000228881836,27.989999771118164,23.921676635742188
20-12-2007,27.889999389648438,28.5,589000.0,29.389999389648438,29.350000381469727,25.08399772644043
21-12-2007,29.139999389648438,29.84000015258789,1258000.0,29.959999084472656,29.645000457763672,25.336116790771484
24-12-2007,29.6200008392334,29.725000381469727,208200.0,30.790000915527344,30.149999618530273,25.767717361450195
26-12-2007,29.274999618530273,29.274999618530273,311200.0,30.719999313354492,30.450000762939453,26.024110794067383
27-12-2007,29.104999542236328,30.399999618530273,257200.0,30.399999618530273,29.274999618530273,25.019895553588867
28-12-2007,29.209999084472656,29.665000915527344,162400.0,29.975000381469727,29.584999084472656,25.284839630126953
31-12-2007,28.834999084472656,29.415000915527344,388600.0,29.635000228881836,28.979999542236328,24.767772674560547
02-01-2008,27.709999084472656,28.834999084472656,350600.0,29.084999084472656,27.899999618530273,23.844757080078125
03-01-2008,27.40999984741211,28.059999465942383,439000.0,28.264999389648438,27.520000457763672,23.519981384277344
04-01-2008,26.399999618530273,27.184999465942383,263000.0,27.274999618530273,26.485000610351562,22.635417938232422
07-01-2008,26.2450008392334,26.625,349200.0,27.190000534057617,26.565000534057617,22.703792572021484
08-01-2008,25.440000534057617,26.579999923706055,414200.0,27.049999237060547,25.450000762939453,21.7508544921875
09-01-2008,25.280000686645508,25.3700008392334,392800.0,26.09000015258789,26.05500030517578,22.267919540405273
10-01-2008,25.46500015258789,25.815000534057617,381000.0,26.780000686645508,26.469999313354492,22.622600555419922
11-01-2008,24.969999313354492,26.125,399800.0,26.4950008392334,25.125,21.47309684753418
14-01-2008,25.270000457763672,25.344999313354492,405200.0,25.96500015258789,25.6299991607666,21.904693603515625
15-01-2008,24.514999389648438,25.270000457763672,509000.0,25.594999313354492,24.690000534057617,21.101322174072266
16-01-2008,23.385000228881836,24.540000915527344,831600.0,24.639999389648438,23.434999465942383,20.028736114501953
17-01-2008,22.200000762939453,23.579999923706055,1168000.0,23.674999237060547,22.395000457763672,19.139896392822266
18-01-2008,22.170000076293945,22.2549991607666,1039400.0,23.014999389648438,22.469999313354492,19.20399284362793
22-01-2008,21.149999618530273,21.614999771118164,620400.0,22.934999465942383,22.31999969482422,19.075796127319336
23-01-2008,21.584999084472656,21.729999542236328,1001400.0,23.049999237060547,22.924999237060547,19.592863082885742
24-01-2008,22.954999923706055,23.295000076293945,781200.0,23.584999084472656,23.170000076293945,19.802249908447266
25-01-2008,23.184999465942383,23.3799991607666,571800.0,24.170000076293945,23.719999313354492,20.272315979003906
28-01-2008,23.25,23.584999084472656,702400.0,24.135000228881836,23.645000457763672,20.208213806152344
29-01-2008,23.309999465942383,23.81999969482422,381400.0,24.0049991607666,23.875,20.404781341552734
30-01-2008,23.540000915527344,23.684999465942383,600400.0,25.09000015258789,24.15999984741211,20.64835548400879
31-01-2008,23.6299991607666,23.7549991607666,590400.0,25.25,24.940000534057617,21.314987182617188
01-02-2008,24.829999923706055,25.03499984741211,447600.0,25.829999923706055,25.540000915527344,21.827781677246094
04-02-2008,25.049999237060547,25.540000915527344,320000.0,25.600000381469727,25.3799991607666,21.69103240966797
05-02-2008,24.219999313354492,24.8799991607666,394400.0,25.360000610351562,24.270000457763672,20.742359161376953
06-02-2008,24.03499984741211,24.450000762939453,265800.0,24.950000762939453,24.114999771118164,20.609895706176758
07-02-2008,23.579999923706055,23.924999237060547,314800.0,25.2549991607666,24.270000457763672,20.742359161376953
08-02-2008,23.815000534057617,23.815000534057617,313400.0,24.424999237060547,24.094999313354492,20.592805862426758
11-02-2008,23.709999084472656,24.06999969482422,288600.0,24.364999771118164,24.114999771118164,20.609895706176758
12-02-2008,23.954999923706055,24.290000915527344,294000.0,24.899999618530273,24.395000457763672,20.849191665649414
13-02-2008,24.145000457763672,24.645000457763672,607200.0,25.334999084472656,24.9950008392334,21.36199188232422
14-02-2008,24.5,25.079999923706055,435000.0,25.84000015258789,24.579999923706055,21.00731086730957
15-02-2008,24.0049991607666,24.364999771118164,838000.0,24.825000762939453,24.239999771118164,20.71673011779785
19-02-2008,24.18000030517578,24.540000915527344,651400.0,24.975000381469727,24.575000762939453,21.00303840637207
20-02-2008,24.21500015258789,24.46500015258789,686800.0,25.280000686645508,25.040000915527344,21.400449752807617
21-02-2008,24.84000015258789,25.329999923706055,803200.0,25.579999923706055,24.895000457763672,21.276531219482422
22-02-2008,24.690000534057617,26.020000457763672,1355200.0,26.020000457763672,25.014999389648438,21.37908363342285
25-02-2008,25.239999771118164,25.2549991607666,1123800.0,26.325000762939453,26.260000228881836,22.443124771118164
26-02-2008,26.125,26.274999618530273,830800.0,27.100000381469727,26.80500030517578,22.908912658691406
27-02-2008,26.530000686645508,26.530000686645508,800400.0,27.760000228881836,27.34000015258789,23.366146087646484
28-02-2008,26.475000381469727,27.229999542236328,764200.0,27.299999237060547,26.600000381469727,22.733699798583984
29-02-2008,25.530000686645508,26.100000381469727,1008800.0,26.329999923706055,25.69499969482422,22.036046981811523
03-03-2008,25.18000030517578,25.645000457763672,770400.0,26.415000915527344,26.024999618530273,22.319059371948242
04-03-2008,25.145000457763672,25.704999923706055,758800.0,26.145000457763672,25.674999237060547,22.01889419555664
05-03-2008,25.40999984741211,25.80500030517578,783600.0,26.184999465942383,26.155000686645508,22.430540084838867
06-03-2008,25.790000915527344,25.96500015258789,919200.0,26.34000015258789,25.875,22.190412521362305
07-03-2008,25.149999618530273,25.594999313354492,586400.0,26.209999084472656,25.735000610351562,22.070358276367188
10-03-2008,25.299999237060547,25.825000762939453,735800.0,25.825000762939453,25.434999465942383,21.81307029724121
11-03-2008,25.625,26.350000381469727,905800.0,26.80500030517578,26.80500030517578,22.98798942565918
12-03-2008,26.469999313354492,26.96500015258789,626000.0,27.09000015258789,26.68000030517578,22.880786895751953
13-03-2008,25.920000076293945,26.0,885800.0,26.979999542236328,26.739999771118164,22.93223762512207
14-03-2008,25.295000076293945,26.905000686645508,617600.0,26.905000686645508,25.665000915527344,22.010326385498047
17-03-2008,25.014999389648438,25.014999389648438,720000.0,25.739999771118164,25.34000015258789,21.73160171508789
18-03-2008,25.424999237060547,25.815000534057617,702200.0,26.450000762939453,26.399999618530273,22.640649795532227
19-03-2008,25.6299991607666,26.479999542236328,694800.0,26.915000915527344,25.6299991607666,21.980300903320312
20-03-2008,25.469999313354492,25.8799991607666,1493000.0,26.575000762939453,26.34000015258789,22.589195251464844
24-03-2008,26.3700008392334,26.489999771118164,338400.0,27.360000610351562,27.100000381469727,23.240982055664062
25-03-2008,26.9950008392334,27.165000915527344,369400.0,27.719999313354492,27.610000610351562,23.67835807800293
26-03-2008,26.940000534057617,27.434999465942383,389000.0,27.5,27.30500030517578,23.416780471801758
27-03-2008,26.809999465942383,27.415000915527344,287600.0,27.5,26.854999542236328,23.030864715576172
28-03-2008,26.770000457763672,26.94499969482422,323800.0,27.229999542236328,26.8700008392334,23.04372787475586
31-03-2008,26.270000457763672,26.954999923706055,501600.0,27.1299991607666,26.924999237060547,23.090898513793945
01-04-2008,27.190000534057617,27.225000381469727,371600.0,28.2450008392334,28.239999771118164,24.21863555908203
02-04-2008,28.0049991607666,28.239999771118164,345200.0,28.475000381469727,28.334999084472656,24.30010986328125
03-04-2008,27.270000457763672,27.875,460200.0,27.954999923706055,27.774999618530273,23.819860458374023
04-04-2008,27.5,27.790000915527344,345000.0,28.30500030517578,27.975000381469727,23.991371154785156
07-04-2008,27.579999923706055,28.139999389648438,357000.0,28.405000686645508,27.78499984741211,23.82843780517578
08-04-2008,27.094999313354492,27.094999313354492,340200.0,27.920000076293945,27.690000534057617,23.74696159362793
09-04-2008,27.309999465942383,27.774999618530273,430000.0,27.924999237060547,27.5,23.58401870727539
10-04-2008,27.25,27.56999969482422,220200.0,28.125,28.05500030517578,24.05998992919922
11-04-2008,27.104999542236328,27.770000457763672,343400.0,28.165000915527344,27.290000915527344,23.403919219970703
14-04-2008,27.020000457763672,27.184999465942383,241600.0,27.68000030517578,27.059999465942383,23.206666946411133
15-04-2008,26.7549991607666,27.200000762939453,204600.0,27.415000915527344,27.280000686645508,23.39534568786621
16-04-2008,27.420000076293945,27.440000534057617,495600.0,28.135000228881836,28.075000762939453,24.07713508605957
17-04-2008,27.3799991607666,28.024999618530273,168400.0,28.024999618530273,27.635000228881836,23.699798583984375
18-04-2008,27.90999984741211,28.114999771118164,326800.0,28.690000534057617,28.59000015258789,24.518814086914062
21-04-2008,28.200000762939453,28.309999465942383,270400.0,28.850000381469727,28.809999465942383,24.707475662231445
22-04-2008,28.174999237060547,28.639999389648438,537800.0,28.639999389648438,28.559999465942383,24.49307632446289
23-04-2008,28.3799991607666,28.639999389648438,325600.0,28.94499969482422,28.895000457763672,24.780366897583008
24-04-2008,28.125,28.864999771118164,355000.0,29.28499984741211,29.024999618530273,24.891855239868164
25-04-2008,28.760000228881836,29.15999984741211,266200.0,29.530000686645508,29.424999237060547,25.234899520874023
28-04-2008,29.2549991607666,29.3799991607666,512600.0,29.575000762939453,29.469999313354492,25.273488998413086
29-04-2008,29.18000030517578,29.485000610351562,299800.0,29.584999084472656,29.344999313354492,25.166290283203125
30-04-2008,27.950000762939453,29.46500015258789,382400.0,29.829999923706055,29.514999389648438,25.312082290649414
01-05-2008,29.450000762939453,29.524999618530273,402000.0,30.209999084472656,30.110000610351562,25.822351455688477
02-05-2008,29.729999542236328,30.290000915527344,364000.0,30.424999237060547,29.770000457763672,25.530773162841797
05-05-2008,29.270000457763672,29.739999771118164,284800.0,29.7549991607666,29.69499969482422,25.466449737548828
06-05-2008,29.174999237060547,29.469999313354492,294200.0,30.104999542236328,29.979999542236328,25.71086883544922
07-05-2008,29.395000457763672,30.030000686645508,316800.0,30.125,29.565000534057617,25.35495948791504
08-05-2008,29.28499984741211,29.520000457763672,191000.0,29.959999084472656,29.825000762939453,25.57793426513672
09-05-2008,29.184999465942383,29.5049991607666,152800.0,30.09000015258789,30.0,25.72801971435547
12-05-2008,29.579999923706055,29.989999771118164,319400.0,30.834999084472656,30.809999465942383,26.422679901123047
13-05-2008,30.385000228881836,30.829999923706055,395000.0,31.520000457763672,31.450000762939453,26.971538543701172
14-05-2008,30.459999084472656,31.40999984741211,500600.0,31.40999984741211,30.5,26.156810760498047
15-05-2008,30.399999618530273,30.46500015258789,361600.0,31.565000534057617,31.450000762939453,26.971538543701172
16-05-2008,30.674999237060547,31.68000030517578,273800.0,31.934999465942383,31.44499969482422,26.967252731323242
19-05-2008,31.145000457763672,31.395000457763672,467800.0,31.90999984741211,31.354999542236328,26.890064239501953
20-05-2008,30.725000381469727,31.325000762939453,359400.0,31.579999923706055,31.110000610351562,26.67995262145996
21-05-2008,30.06999969482422,31.270000457763672,481600.0,31.459999084472656,30.56999969482422,26.21685028076172
22-05-2008,33.76499938964844,34.189998626708984,2141800.0,35.2400016784668,34.8650016784668,29.90024185180664
23-05-2008,33.47999954223633,33.47999954223633,833600.0,34.779998779296875,34.529998779296875,29.61295509338379
27-05-2008,34.60499954223633,34.744998931884766,1029800.0,35.209999084472656,34.79999923706055,29.84449577331543
28-05-2008,34.900001525878906,35.0099983215332,1261000.0,36.08000183105469,36.08000183105469,30.942228317260742
29-05-2008,34.93000030517578,35.849998474121094,823000.0,36.244998931884766,35.73500061035156,30.646360397338867
30-05-2008,35.70000076293945,35.974998474121094,1023200.0,36.255001068115234,35.92499923706055,30.888381958007812
02-06-2008,34.404998779296875,35.92499923706055,608800.0,36.2400016784668,35.790000915527344,30.772321701049805
03-06-2008,35.099998474121094,35.834999084472656,752200.0,36.290000915527344,35.38999938964844,30.42838478088379
04-06-2008,35.18000030517578,35.244998931884766,926200.0,36.724998474121094,36.125,31.060346603393555
05-06-2008,36.25,36.275001525878906,1039200.0,37.459999084472656,37.31999969482422,32.08782196044922
06-06-2008,36.53499984741211,36.96500015258789,852600.0,37.47999954223633,36.53499984741211,31.412874221801758
09-06-2008,35.974998474121094,36.33000183105469,832400.0,37.345001220703125,37.10499954223633,31.902957916259766
10-06-2008,36.02000045776367,36.790000915527344,1423000.0,37.29499816894531,36.040000915527344,30.987253189086914
11-06-2008,35.435001373291016,36.040000915527344,857200.0,36.46500015258789,35.45000076293945,30.4799861907959
12-06-2008,34.56999969482422,35.33000183105469,839000.0,36.71500015258789,36.224998474121094,31.14632797241211
13-06-2008,36.79999923706055,36.84000015258789,970800.0,37.494998931884766,37.345001220703125,32.109310150146484
16-06-2008,37.35499954223633,37.505001068115234,1188000.0,37.810001373291016,37.720001220703125,32.43172836303711
17-06-2008,37.470001220703125,38.040000915527344,624600.0,38.040000915527344,37.63999938964844,32.36296081542969
18-06-2008,37.20000076293945,37.42499923706055,977400.0,38.150001525878906,37.54999923706055,32.28556442260742
19-06-2008,37.16999816894531,37.16999816894531,406600.0,38.209999084472656,38.20000076293945,32.84444046020508
20-06-2008,37.1150016784668,38.0,901400.0,38.0,37.71500015258789,32.42743682861328
23-06-2008,37.505001068115234,37.68000030517578,470200.0,38.64500045776367,38.15999984741211,32.81005096435547
24-06-2008,37.52000045776367,37.90999984741211,470600.0,38.349998474121094,37.52000045776367,32.25978088378906
25-06-2008,37.529998779296875,37.56999969482422,653600.0,38.44499969482422,38.03499984741211,32.702571868896484
26-06-2008,36.61000061035156,37.7400016784668,549600.0,37.7400016784668,36.7400016784668,31.58913230895996
27-06-2008,36.404998779296875,36.814998626708984,1256800.0,37.15999984741211,36.72999954223633,31.580520629882812
30-06-2008,36.35499954223633,36.775001525878906,471000.0,37.27000045776367,36.44499969482422,31.33549690246582
01-07-2008,35.849998474121094,36.345001220703125,439800.0,37.275001525878906,36.89500045776367,31.72239875793457
02-07-2008,34.505001068115234,36.83000183105469,758400.0,37.18000030517578,34.54499816894531,29.701868057250977
03-07-2008,33.01499938964844,34.560001373291016,797800.0,34.58000183105469,33.47999954223633,28.78616714477539
07-07-2008,33.025001525878906,33.75,741000.0,34.30500030517578,33.42499923706055,28.7388858795166
08-07-2008,33.40999984741211,33.46500015258789,910400.0,35.02000045776367,35.0099983215332,30.101665496826172
09-07-2008,34.53499984741211,35.08000183105469,764200.0,35.744998931884766,34.845001220703125,29.95979881286621
10-07-2008,34.185001373291016,34.599998474121094,741800.0,34.9900016784668,34.685001373291016,29.82223129272461
11-07-2008,33.83000183105469,34.349998474121094,591200.0,35.15999984741211,35.02000045776367,30.110271453857422
14-07-2008,34.084999084472656,35.345001220703125,694400.0,35.80500030517578,35.43000030517578,30.462799072265625
15-07-2008,34.43000030517578,34.95500183105469,1602600.0,36.96500015258789,36.494998931884766,31.378482818603516
16-07-2008,35.814998626708984,36.68000030517578,1101600.0,38.4900016784668,38.36000061035156,32.98201370239258
17-07-2008,37.779998779296875,38.45500183105469,605800.0,38.459999084472656,38.20000076293945,32.84444046020508
18-07-2008,37.525001525878906,38.25,427200.0,38.46500015258789,37.86000061035156,32.5521125793457
21-07-2008,37.54999923706055,38.05500030517578,402800.0,38.689998626708984,38.51499938964844,33.11526107788086
22-07-2008,37.8849983215332,38.20500183105469,1015200.0,39.4900016784668,39.310001373291016,33.798828125
23-07-2008,36.96500015258789,38.47999954223633,1292400.0,38.619998931884766,37.459999084472656,32.20819091796875
24-07-2008,36.27000045776367,37.5,776600.0,37.915000915527344,36.40999984741211,31.305387496948242
25-07-2008,36.03499984741211,36.81999969482422,523600.0,37.3849983215332,36.779998779296875,31.623533248901367
28-07-2008,36.0,36.72999954223633,414200.0,37.15999984741211,36.1349983215332,31.068946838378906
29-07-2008,35.77000045776367,36.334999084472656,523800.0,36.875,36.779998779296875,31.623533248901367
30-07-2008,36.44499969482422,37.1349983215332,831200.0,37.52000045776367,37.0,31.81267738342285
31-07-2008,35.32500076293945,36.5099983215332,744200.0,36.59000015258789,35.33000183105469,30.376808166503906
01-08-2008,34.66999816894531,35.68000030517578,785400.0,35.845001220703125,34.85499954223633,29.968406677246094
04-08-2008,34.31999969482422,34.93000030517578,454800.0,35.165000915527344,34.560001373291016,29.714757919311523
05-08-2008,34.13999938964844,34.13999938964844,432000.0,35.244998931884766,34.76499938964844,29.891023635864258
06-08-2008,34.125,34.125,518400.0,35.39500045776367,35.099998474121094,30.179048538208008
07-08-2008,34.255001068115234,34.619998931884766,577000.0,34.79499816894531,34.38999938964844,29.568599700927734
08-08-2008,34.279998779296875,34.279998779296875,587600.0,35.150001525878906,35.04999923706055,30.136064529418945
11-08-2008,35.03499984741211,35.32500076293945,718200.0,36.290000915527344,36.150001525878906,31.081850051879883
12-08-2008,35.435001373291016,36.084999084472656,442800.0,36.084999084472656,35.599998474121094,30.608963012695312
13-08-2008,35.084999084472656,35.435001373291016,432000.0,35.98500061035156,35.810001373291016,30.789525985717773
14-08-2008,35.415000915527344,35.435001373291016,380000.0,36.040000915527344,35.9900016784668,30.944271087646484
15-08-2008,35.82500076293945,36.45500183105469,636000.0,36.5,35.935001373291016,30.896997451782227
18-08-2008,35.529998779296875,36.07500076293945,257000.0,36.4900016784668,35.84000015258789,30.8153133392334
19-08-2008,35.52000045776367,35.560001373291016,404000.0,36.459999084472656,35.8849983215332,30.853992462158203
20-08-2008,35.73500061035156,35.974998474121094,496600.0,36.48500061035156,36.2400016784668,31.159238815307617
21-08-2008,35.38999938964844,36.060001373291016,719200.0,36.224998474121094,35.8849983215332,30.853992462158203
22-08-2008,26.950000762939453,28.43000030517578,6761200.0,28.979999542236328,27.3700008392334,23.532787322998047
25-08-2008,26.239999771118164,27.204999923706055,1915800.0,27.424999237060547,26.334999084472656,22.642885208129883
26-08-2008,25.670000076293945,25.7450008392334,1819000.0,27.0,26.549999237060547,22.827741622924805
27-08-2008,26.184999465942383,26.670000076293945,770400.0,26.75,26.450000762939453,22.741771697998047
28-08-2008,26.110000610351562,26.30500030517578,889200.0,26.799999237060547,26.764999389648438,23.09249496459961
29-08-2008,26.344999313354492,26.844999313354492,1061800.0,27.040000915527344,26.815000534057617,23.135631561279297
02-09-2008,25.165000915527344,26.524999618530273,1575600.0,26.579999923706055,25.19499969482422,21.73790740966797
03-09-2008,24.69499969482422,25.25,603600.0,25.719999313354492,25.0049991607666,21.5739803314209
04-09-2008,24.625,25.100000381469727,861000.0,25.584999084472656,24.700000762939453,21.310829162597656
05-09-2008,24.170000076293945,24.55500030517578,661800.0,25.059999465942383,24.704999923706055,21.31515121459961
08-09-2008,24.540000915527344,25.530000686645508,507000.0,25.850000381469727,24.80500030517578,21.401424407958984
09-09-2008,23.459999084472656,24.80500030517578,960800.0,25.225000381469727,23.514999389648438,20.288433074951172
10-09-2008,23.834999084472656,23.860000610351562,999600.0,25.19499969482422,25.104999542236328,21.660266876220703
11-09-2008,24.229999542236328,24.934999465942383,708400.0,25.299999237060547,25.05500030517578,21.617128372192383
12-09-2008,24.600000381469727,25.045000076293945,533200.0,25.299999237060547,25.020000457763672,21.586923599243164
15-09-2008,23.670000076293945,23.670000076293945,918000.0,25.329999923706055,24.149999618530273,20.836299896240234
16-09-2008,23.395000457763672,23.420000076293945,901800.0,24.825000762939453,24.674999237060547,21.28926658630371
17-09-2008,22.514999389648438,24.2549991607666,1135200.0,24.9950008392334,22.940000534057617,19.79233169555664
18-09-2008,23.420000076293945,23.545000076293945,1447800.0,26.170000076293945,26.094999313354492,22.514419555664062
19-09-2008,26.46500015258789,27.315000534057617,1835200.0,28.625,27.15999984741211,23.433290481567383
22-09-2008,25.850000381469727,27.424999237060547,595800.0,27.739999771118164,25.96500015258789,22.402259826660156
23-09-2008,24.579999923706055,25.90999984741211,524200.0,26.334999084472656,24.735000610351562,21.341035842895508
24-09-2008,23.655000686645508,24.7450008392334,462400.0,25.450000762939453,23.725000381469727,20.469619750976562
25-09-2008,23.760000228881836,23.915000915527344,384800.0,24.614999771118164,24.139999389648438,20.827674865722656
26-09-2008,23.385000228881836,24.09000015258789,398200.0,24.260000228881836,24.1299991607666,20.819047927856445
29-09-2008,22.6200008392334,23.690000534057617,478400.0,24.655000686645508,22.790000915527344,19.66291046142578
30-09-2008,23.31999969482422,23.34000015258789,529400.0,24.709999084472656,24.55500030517578,21.185733795166016
01-10-2008,23.80500030517578,24.424999237060547,450800.0,24.790000915527344,23.989999771118164,20.698261260986328
02-10-2008,22.309999465942383,23.8799991607666,333600.0,23.979999542236328,22.43000030517578,19.352304458618164
03-10-2008,21.950000762939453,22.809999465942383,573600.0,23.709999084472656,22.059999465942383,19.033063888549805
06-10-2008,20.049999237060547,21.8700008392334,817600.0,22.19499969482422,21.899999618530273,18.89502716064453
07-10-2008,20.149999618530273,22.190000534057617,713000.0,22.34000015258789,20.15999984741211,17.393779754638672
08-10-2008,19.385000228881836,19.479999542236328,1331800.0,20.684999465942383,19.7450008392334,17.035737991333008
09-10-2008,18.014999389648438,20.024999618530273,762800.0,20.44499969482422,18.135000228881836,15.64664077758789
10-10-2008,15.595000267028809,17.290000915527344,1256800.0,20.219999313354492,19.795000076293945,17.078861236572266
13-10-2008,19.8700008392334,20.9950008392334,906000.0,22.139999389648438,22.014999389648438,18.994251251220703
14-10-2008,20.225000381469727,22.899999618530273,663600.0,23.1200008392334,20.860000610351562,17.997732162475586
15-10-2008,18.559999465942383,20.235000610351562,525200.0,21.299999237060547,18.600000381469727,16.047832489013672
16-10-2008,17.389999389648438,18.53499984741211,842200.0,20.03499984741211,19.834999084472656,17.113374710083008
17-10-2008,18.850000381469727,18.850000381469727,708800.0,20.854999542236328,19.350000381469727,16.694927215576172
20-10-2008,19.600000381469727,19.649999618530273,577200.0,20.809999465942383,20.780000686645508,17.928712844848633
21-10-2008,19.885000228881836,20.6200008392334,579400.0,21.34000015258789,20.520000457763672,17.704387664794922
22-10-2008,17.735000610351562,19.920000076293945,912400.0,19.920000076293945,18.43000030517578,15.901158332824707
23-10-2008,16.924999237060547,18.235000610351562,808000.0,19.354999542236328,17.65999984741211,15.23681354522705
24-10-2008,15.595000267028809,15.989999771118164,600800.0,17.7549991607666,16.915000915527344,14.59404182434082
27-10-2008,16.399999618530273,16.635000228881836,692600.0,17.639999389648438,16.485000610351562,14.223037719726562
28-10-2008,16.219999313354492,16.920000076293945,1622400.0,17.344999313354492,17.290000915527344,14.917581558227539
29-10-2008,16.885000228881836,17.31999969482422,717400.0,19.165000915527344,17.899999618530273,15.443881034851074
30-10-2008,17.31999969482422,18.614999771118164,1496800.0,18.635000228881836,18.100000381469727,15.616439819335938
31-10-2008,18.05500030517578,18.190000534057617,1337800.0,18.940000534057617,18.46500015258789,15.931355476379395
03-11-2008,18.375,18.3799991607666,881800.0,19.530000686645508,19.114999771118164,16.49216651916504
04-11-2008,18.934999465942383,19.5,532600.0,19.975000381469727,19.584999084472656,16.897668838500977
05-11-2008,18.459999084472656,19.25,691200.0,19.940000534057617,18.524999618530273,15.983121871948242
06-11-2008,17.31999969482422,18.344999313354492,744400.0,18.450000762939453,17.5,15.098769187927246
07-11-2008,17.170000076293945,17.614999771118164,560000.0,17.950000762939453,17.764999389648438,15.327404022216797
10-11-2008,17.584999084472656,18.299999237060547,409600.0,18.8799991607666,17.854999542236328,15.405058860778809
11-11-2008,16.93000030517578,17.649999618530273,637400.0,18.325000762939453,17.415000915527344,15.025429725646973
12-11-2008,15.789999961853027,17.024999618530273,1083200.0,17.770000457763672,15.954999923706055,13.765762329101562
13-11-2008,15.204999923706055,16.05500030517578,892600.0,17.71500015258789,17.559999465942383,15.150537490844727
14-11-2008,14.989999771118164,15.354999542236328,1326400.0,16.145000457763672,15.100000381469727,13.028081893920898
17-11-2008,14.545000076293945,14.975000381469727,909000.0,15.609999656677246,15.0,12.941802978515625
18-11-2008,14.149999618530273,15.100000381469727,999200.0,15.484999656677246,14.8149995803833,12.782185554504395
19-11-2008,13.515000343322754,14.875,734000.0,15.029999732971191,13.53499984741211,11.677820205688477
20-11-2008,12.295000076293945,13.510000228881836,991400.0,13.789999961853027,12.359999656677246,10.664044380187988
21-11-2008,12.020000457763672,12.675000190734863,1405800.0,13.585000038146973,13.399999618530273,11.56134033203125
24-11-2008,13.28499984741211,13.574999809265137,1012000.0,14.664999961853027,14.550000190734863,12.553546905517578
25-11-2008,13.890000343322754,14.78499984741211,818200.0,14.994999885559082,14.9399995803833,12.890031814575195
26-11-2008,14.225000381469727,14.489999771118164,870400.0,15.805000305175781,15.789999961853027,13.62340259552002
28-11-2008,15.625,15.625,259400.0,16.25,16.225000381469727,13.998711585998535
01-12-2008,13.600000381469727,15.625,996400.0,16.600000381469727,13.704999923706055,11.824493408203125
02-12-2008,13.770000457763672,14.09000015258789,700600.0,14.739999771118164,14.675000190734863,12.661396980285645
03-12-2008,14.1850004196167,14.279999732971191,640800.0,15.364999771118164,15.199999809265137,13.114361763000488
04-12-2008,13.859999656677246,14.925000190734863,736600.0,15.645000457763672,14.369999885559082,12.398246765136719
05-12-2008,13.489999771118164,14.085000038146973,779400.0,14.994999885559082,14.954999923706055,12.902976989746094
08-12-2008,15.345000267028809,15.520000457763672,1352400.0,16.209999084472656,16.1200008392334,13.90812873840332
09-12-2008,15.399999618530273,16.020000457763672,634200.0,16.71500015258789,15.664999961853027,13.515555381774902
10-12-2008,15.829999923706055,15.829999923706055,659800.0,16.795000076293945,16.020000457763672,13.821845054626465
11-12-2008,14.399999618530273,15.824999809265137,900200.0,16.399999618530273,14.675000190734863,12.661396980285645
12-12-2008,13.944999694824219,14.244999885559082,706000.0,15.329999923706055,15.09000015258789,13.019453048706055
15-12-2008,14.350000381469727,15.135000228881836,557200.0,15.579999923706055,14.619999885559082,12.613940238952637
16-12-2008,14.25,14.9350004196167,685800.0,15.59000015258789,15.520000457763672,13.39045238494873
17-12-2008,15.335000038146973,15.335000038146973,1233600.0,16.53499984741211,16.399999618530273,14.149702072143555
18-12-2008,14.710000038146973,15.25,1379200.0,15.75,15.600000381469727,13.534992218017578
19-12-2008,15.595000267028809,16.065000534057617,1546600.0,16.485000610351562,16.190000534057617,14.046890258789062
22-12-2008,14.9350004196167,16.235000610351562,639000.0,16.30500030517578,15.574999809265137,13.513300895690918
23-12-2008,15.020000457763672,15.609999656677246,636800.0,16.014999389648438,15.244999885559082,13.226983070373535
24-12-2008,14.954999923706055,15.170000076293945,106800.0,15.515000343322754,15.454999923706055,13.409185409545898
26-12-2008,15.170000076293945,15.489999771118164,220800.0,15.635000228881836,15.574999809265137,13.513300895690918
29-12-2008,15.324999809265137,15.600000381469727,313000.0,15.720000267028809,15.510000228881836,13.456902503967285
30-12-2008,15.175000190734863,15.734999656677246,432600.0,16.104999542236328,16.094999313354492,13.964468955993652
31-12-2008,15.850000381469727,16.19499969482422,794600.0,16.360000610351562,16.145000457763672,14.00784683227539
02-01-2009,16.104999542236328,16.280000686645508,604200.0,17.44499969482422,17.290000915527344,15.001279830932617
05-01-2009,16.905000686645508,17.325000762939453,655200.0,17.625,17.520000457763672,15.200839042663574
06-01-2009,17.524999618530273,17.739999771118164,632200.0,18.59000015258789,18.045000076293945,15.656339645385742
07-01-2009,16.71500015258789,17.75,539400.0,17.84000015258789,16.954999923706055,14.710627555847168
08-01-2009,16.53499984741211,16.825000762939453,620400.0,17.100000381469727,17.06999969482422,14.81039810180664
09-01-2009,15.970000267028809,17.0049991607666,641600.0,17.0049991607666,16.665000915527344,14.459016799926758
12-01-2009,15.96500015258789,16.65999984741211,530000.0,16.65999984741211,16.18000030517578,14.038211822509766
13-01-2009,15.954999923706055,16.045000076293945,549200.0,16.579999923706055,16.3799991607666,14.21174144744873
14-01-2009,15.609999656677246,16.100000381469727,553600.0,16.649999618530273,15.920000076293945,13.812631607055664
15-01-2009,15.460000038146973,15.9350004196167,606200.0,16.459999084472656,16.28499984741211,14.129317283630371
16-01-2009,15.46500015258789,16.34000015258789,365200.0,16.549999237060547,16.135000228881836,13.999174118041992
20-01-2009,14.595000267028809,15.914999961853027,830600.0,15.914999961853027,14.6899995803833,12.745445251464844
21-01-2009,14.890000343322754,14.890000343322754,620000.0,16.190000534057617,16.100000381469727,13.968805313110352
22-01-2009,15.005000114440918,15.630000114440918,359000.0,15.744999885559082,15.40999984741211,13.370139122009277
23-01-2009,14.765000343322754,14.930000305175781,555200.0,16.125,15.640000343322754,13.569693565368652
26-01-2009,15.40999984741211,15.65999984741211,542600.0,16.2450008392334,15.6850004196167,13.60873794555664
27-01-2009,15.78499984741211,15.78499984741211,312000.0,16.424999237060547,16.139999389648438,14.003506660461426
28-01-2009,16.334999084472656,16.5,498800.0,16.704999923706055,16.545000076293945,14.354897499084473
29-01-2009,15.734999656677246,16.389999389648438,255600.0,16.4950008392334,15.845000267028809,13.747557640075684
30-01-2009,14.975000381469727,16.06999969482422,360400.0,16.110000610351562,15.104999542236328,13.10551643371582
02-02-2009,14.729999542236328,14.779999732971191,459600.0,15.385000228881836,15.34000015258789,13.30941104888916
03-02-2009,15.255000114440918,15.6850004196167,371600.0,15.720000267028809,15.625,13.556680679321289
04-02-2009,15.350000381469727,15.59000015258789,283800.0,16.040000915527344,15.595000267028809,13.530649185180664
05-02-2009,15.220000267028809,15.399999618530273,451200.0,16.165000915527344,15.859999656677246,13.760574340820312
06-02-2009,15.789999961853027,15.819999694824219,479200.0,16.655000686645508,16.594999313354492,14.398275375366211
09-02-2009,16.2549991607666,16.6200008392334,325000.0,16.885000228881836,16.510000228881836,14.324532508850098
10-02-2009,15.4350004196167,16.295000076293945,442400.0,16.545000076293945,15.5600004196167,13.500284194946289
11-02-2009,15.300000190734863,15.694999694824219,402400.0,16.075000762939453,15.550000190734863,13.49161148071289
12-02-2009,14.8149995803833,15.265000343322754,543000.0,15.529999732971191,15.319999694824219,13.29205322265625
13-02-2009,15.145000457763672,15.385000228881836,468400.0,15.729999542236328,15.295000076293945,13.27036190032959
17-02-2009,14.609999656677246,15.005000114440918,818200.0,15.369999885559082,15.0,13.014412879943848
18-02-2009,14.845000267028809,15.220000267028809,515400.0,15.619999885559082,15.09000015258789,13.092499732971191
19-02-2009,14.75,15.414999961853027,542600.0,15.880000114440918,14.774999618530273,12.819197654724121
20-02-2009,13.40999984741211,14.34000015258789,1029400.0,14.449999809265137,13.739999771118164,11.921201705932617
23-02-2009,12.574999809265137,13.835000038146973,636600.0,14.204999923706055,12.604999542236328,10.936443328857422
24-02-2009,12.395000457763672,12.739999771118164,597200.0,12.96500015258789,12.864999771118164,11.162028312683105
25-02-2009,11.890000343322754,12.729999542236328,737600.0,12.729999542236328,12.109999656677246,10.506969451904297
26-02-2009,12.375,13.175000190734863,958800.0,13.175000190734863,12.494999885559082,10.8410062789917
27-02-2009,12.204999923706055,12.3100004196167,558200.0,12.824999809265137,12.449999809265137,10.881648063659668
02-03-2009,11.170000076293945,11.904999732971191,705400.0,12.204999923706055,11.335000038146973,9.907106399536133
03-03-2009,11.0649995803833,11.484999656677246,485000.0,11.510000228881836,11.085000038146973,9.688600540161133
04-03-2009,11.135000228881836,11.305000305175781,497400.0,11.864999771118164,11.53499984741211,10.08191204071045
05-03-2009,10.8149995803833,11.25,497800.0,11.369999885559082,10.895000457763672,9.522534370422363
06-03-2009,10.329999923706055,11.010000228881836,352800.0,11.15999984741211,10.614999771118164,9.27780532836914
09-03-2009,10.149999618530273,10.5,407800.0,10.704999923706055,10.199999809265137,8.915084838867188
10-03-2009,10.454999923706055,10.5,422000.0,11.274999618530273,11.260000228881836,9.841558456420898
11-03-2009,11.0649995803833,11.305000305175781,317600.0,11.595000267028809,11.274999618530273,9.85466480255127
12-03-2009,11.039999961853027,11.3100004196167,431800.0,12.050000190734863,11.954999923706055,10.449006080627441
13-03-2009,11.699999809265137,12.024999618530273,337200.0,12.145000457763672,12.0649995803833,10.545146942138672
16-03-2009,11.970000267028809,12.244999885559082,387400.0,12.550000190734863,12.020000457763672,10.505814552307129
17-03-2009,11.795000076293945,12.010000228881836,740800.0,12.420000076293945,12.324999809265137,10.772393226623535
18-03-2009,11.914999961853027,11.914999961853027,497000.0,12.90999984741211,12.90999984741211,11.283703804016113
19-03-2009,12.744999885559082,12.989999771118164,665600.0,13.414999961853027,13.199999809265137,11.537168502807617
20-03-2009,12.579999923706055,13.3149995803833,707800.0,13.399999618530273,12.854999542236328,11.235628128051758
23-03-2009,12.954999923706055,13.085000038146973,440800.0,14.140000343322754,14.140000343322754,12.358756065368652
24-03-2009,13.645000457763672,13.880000114440918,604200.0,14.774999618530273,14.21500015258789,12.424307823181152
25-03-2009,13.930000305175781,14.369999885559082,646600.0,15.25,14.505000114440918,12.677775382995605
26-03-2009,14.779999732971191,14.779999732971191,748800.0,15.755000114440918,15.729999542236328,13.748458862304688
27-03-2009,14.880000114440918,15.470000267028809,534800.0,15.805000305175781,14.979999542236328,13.092940330505371
30-03-2009,13.5649995803833,14.930000305175781,708200.0,14.930000305175781,13.744999885559082,12.013510704040527
31-03-2009,13.925000190734863,14.015000343322754,827200.0,14.819999694824219,14.21500015258789,12.424307823181152
01-04-2009,13.854999542236328,13.904999732971191,820200.0,14.989999771118164,14.795000076293945,12.931241035461426
02-04-2009,14.819999694824219,15.180000305175781,726200.0,16.56999969482422,15.984999656677246,13.97133731842041
03-04-2009,15.795000076293945,16.024999618530273,589200.0,16.43000030517578,16.325000762939453,14.268505096435547
06-04-2009,15.510000228881836,16.219999313354492,447200.0,16.649999618530273,15.9399995803833,13.93200397491455
07-04-2009,15.170000076293945,15.604999542236328,439200.0,15.8100004196167,15.229999542236328,13.311446189880371
08-04-2009,15.244999885559082,15.395000457763672,393000.0,15.800000190734863,15.795000076293945,13.805272102355957
09-04-2009,16.024999618530273,16.31999969482422,643800.0,17.31999969482422,17.2450008392334,15.072613716125488
13-04-2009,16.25,17.040000915527344,364400.0,17.09000015258789,16.5049991607666,14.425830841064453
14-04-2009,15.739999771118164,16.204999923706055,339400.0,16.420000076293945,15.994999885559082,13.980072975158691
15-04-2009,15.899999618530273,15.899999618530273,530400.0,16.635000228881836,16.510000228881836,14.430201530456543
16-04-2009,16.34000015258789,16.7450008392334,641000.0,17.68000030517578,17.325000762939453,15.142537117004395
17-04-2009,17.155000686645508,17.40999984741211,597600.0,17.700000762939453,17.559999465942383,15.347929954528809
20-04-2009,16.139999389648438,17.010000228881836,485000.0,17.03499984741211,16.360000610351562,14.299098014831543
21-04-2009,16.235000610351562,16.235000610351562,551000.0,17.549999237060547,17.354999542236328,15.168756484985352
22-04-2009,16.8799991607666,17.0049991607666,587800.0,18.395000457763672,17.84000015258789,15.592659950256348
23-04-2009,17.219999313354492,17.850000381469727,462200.0,18.170000076293945,17.649999618530273,15.426596641540527
24-04-2009,17.5,17.81999969482422,444000.0,18.4950008392334,18.190000534057617,15.89857292175293
27-04-2009,17.7450008392334,17.7450008392334,951200.0,18.704999923706055,18.065000534057617,15.789314270019531
28-04-2009,17.114999771118164,17.34000015258789,829400.0,18.0049991607666,17.600000381469727,15.382891654968262
29-04-2009,17.350000381469727,17.735000610351562,964600.0,18.4950008392334,18.204999923706055,15.911677360534668
30-04-2009,18.075000762939453,18.639999389648438,892400.0,19.030000686645508,18.139999389648438,15.854866981506348
01-05-2009,17.625,18.100000381469727,459200.0,18.260000228881836,18.040000915527344,15.767464637756348
04-05-2009,17.920000076293945,18.315000534057617,819600.0,18.940000534057617,18.934999465942383,16.54971694946289
05-05-2009,18.219999313354492,18.915000915527344,379000.0,18.94499969482422,18.684999465942383,16.33121109008789
06-05-2009,17.8799991607666,19.030000686645508,508800.0,19.030000686645508,18.645000457763672,16.296247482299805
07-05-2009,17.780000686645508,18.924999237060547,413600.0,19.094999313354492,17.989999771118164,15.723770141601562
08-05-2009,17.989999771118164,18.364999771118164,506600.0,18.799999237060547,18.68000030517578,16.326847076416016
11-05-2009,17.885000228881836,18.295000076293945,388600.0,18.950000762939453,18.399999618530273,16.082111358642578
12-05-2009,17.790000915527344,19.040000915527344,429200.0,19.040000915527344,18.344999313354492,16.03403663635254
13-05-2009,17.454999923706055,17.920000076293945,913200.0,18.579999923706055,17.700000762939453,15.470294952392578
14-05-2009,17.670000076293945,17.895000457763672,835800.0,18.28499984741211,17.959999084472656,15.697543144226074
15-05-2009,17.780000686645508,17.899999618530273,492400.0,18.540000915527344,18.040000915527344,15.767464637756348
18-05-2009,17.96500015258789,18.209999084472656,551400.0,18.459999084472656,18.354999542236328,16.04279136657715
19-05-2009,17.920000076293945,18.329999923706055,629000.0,18.670000076293945,18.3799991607666,16.064632415771484
20-05-2009,18.145000457763672,18.5049991607666,585600.0,19.084999084472656,18.219999313354492,15.924789428710938
21-05-2009,17.235000610351562,17.899999618530273,613800.0,18.059999465942383,17.625,15.404739379882812
22-05-2009,18.75,20.03499984741211,1900200.0,20.670000076293945,18.844999313354492,16.47106170654297
26-05-2009,18.760000228881836,18.80500030517578,1011200.0,19.34000015258789,19.084999084472656,16.680822372436523
27-05-2009,18.594999313354492,18.93000030517578,809800.0,19.385000228881836,18.665000915527344,16.313732147216797
28-05-2009,18.395000457763672,18.940000534057617,665800.0,19.350000381469727,19.155000686645508,16.74200439453125
29-05-2009,18.774999618530273,19.139999389648438,510200.0,19.354999542236328,19.200000762939453,16.861881256103516
01-06-2009,19.59000015258789,19.59000015258789,823000.0,20.165000915527344,20.0049991607666,17.568851470947266
02-06-2009,19.690000534057617,19.975000381469727,615800.0,20.2549991607666,20.190000534057617,17.7313289642334
03-06-2009,19.875,20.030000686645508,624400.0,20.325000762939453,20.21500015258789,17.753280639648438
04-06-2009,20.209999084472656,20.235000610351562,835400.0,20.96500015258789,20.940000534057617,18.38999366760254
05-06-2009,21.014999389648438,21.2549991607666,683200.0,21.520000457763672,21.350000381469727,18.750062942504883
08-06-2009,20.260000228881836,21.274999618530273,629600.0,21.514999389648438,20.540000915527344,18.03870391845703
09-06-2009,20.375,20.479999542236328,368000.0,20.850000381469727,20.565000534057617,18.06066131591797
10-06-2009,19.809999465942383,20.655000686645508,501200.0,20.84000015258789,20.280000686645508,17.810365676879883
11-06-2009,20.184999465942383,20.3799991607666,452400.0,20.920000076293945,20.579999923706055,18.073827743530273
12-06-2009,19.735000610351562,20.450000762939453,538600.0,20.450000762939453,20.270000457763672,17.801584243774414
15-06-2009,18.864999771118164,19.90999984741211,552200.0,20.625,19.209999084472656,16.870664596557617
16-06-2009,18.700000762939453,19.399999618530273,397200.0,19.399999618530273,18.809999465942383,16.519380569458008
17-06-2009,18.5049991607666,18.84000015258789,388400.0,19.170000076293945,18.915000915527344,16.611591339111328
18-06-2009,18.700000762939453,18.899999618530273,507200.0,19.3799991607666,19.19499969482422,16.857492446899414
19-06-2009,19.209999084472656,19.520000457763672,777000.0,19.780000686645508,19.514999389648438,17.138517379760742
22-06-2009,18.825000762939453,19.239999771118164,509000.0,19.274999618530273,18.979999542236328,16.668670654296875
23-06-2009,18.329999923706055,19.1299991607666,603400.0,19.200000762939453,18.34000015258789,16.106616973876953
24-06-2009,18.295000076293945,18.875,583200.0,18.94499969482422,18.375,16.137346267700195
25-06-2009,18.125,18.354999542236328,563400.0,19.28499984741211,19.184999465942383,16.84871482849121
26-06-2009,18.950000762939453,18.9950008392334,2305000.0,19.889999389648438,19.889999389648438,17.467851638793945
29-06-2009,19.059999465942383,19.635000228881836,575000.0,19.635000228881836,19.469999313354492,17.0990047454834
30-06-2009,19.264999389648438,19.514999389648438,487600.0,19.725000381469727,19.40999984741211,17.04631233215332
01-07-2009,19.065000534057617,19.565000534057617,599800.0,20.024999618530273,19.905000686645508,17.481042861938477
02-07-2009,18.875,19.489999771118164,474200.0,19.540000915527344,19.104999542236328,16.778451919555664
06-07-2009,18.760000228881836,18.905000686645508,799800.0,19.059999465942383,19.0,16.68624496459961
07-07-2009,18.610000610351562,19.030000686645508,499800.0,19.030000686645508,18.639999389648438,16.370080947875977
08-07-2009,18.434999465942383,18.78499984741211,533000.0,18.78499984741211,18.649999618530273,16.37885856628418
09-07-2009,18.674999237060547,18.780000686645508,487800.0,19.155000686645508,18.7450008392334,16.462295532226562
10-07-2009,18.5049991607666,18.545000076293945,400200.0,18.96500015258789,18.885000228881836,16.585247039794922
13-07-2009,18.639999389648438,19.020000457763672,434400.0,19.584999084472656,19.485000610351562,17.112171173095703
14-07-2009,19.239999771118164,19.549999237060547,429800.0,19.649999618530273,19.489999771118164,17.116567611694336
15-07-2009,19.7450008392334,19.84000015258789,410200.0,20.549999237060547,20.5,18.003576278686523
16-07-2009,20.114999771118164,20.364999771118164,310000.0,20.825000762939453,20.7549991607666,18.227523803710938
17-07-2009,20.59000015258789,20.854999542236328,573600.0,21.174999237060547,20.764999389648438,18.23630142211914
20-07-2009,20.81999969482422,20.93000030517578,302600.0,21.625,21.290000915527344,18.69736671447754
21-07-2009,21.030000686645508,21.5,666800.0,21.6299991607666,21.530000686645508,18.90814781188965
22-07-2009,21.079999923706055,21.354999542236328,543400.0,21.799999237060547,21.625,18.991575241088867
23-07-2009,21.354999542236328,21.4950008392334,442200.0,22.459999084472656,22.270000457763672,19.558027267456055
24-07-2009,21.774999618530273,22.110000610351562,223600.0,22.280000686645508,22.235000610351562,19.52729034423828
27-07-2009,21.90999984741211,22.1200008392334,229200.0,22.420000076293945,22.135000228881836,19.439468383789062
28-07-2009,21.6200008392334,21.854999542236328,293800.0,22.209999084472656,22.024999618530273,19.342863082885742
29-07-2009,21.639999389648438,21.770000457763672,290600.0,22.0049991607666,21.979999542236328,19.3033504486084
30-07-2009,22.09000015258789,22.395000457763672,380000.0,23.145000457763672,22.639999389648438,19.882965087890625
31-07-2009,22.415000915527344,22.469999313354492,480600.0,22.889999389648438,22.450000762939453,19.716100692749023
03-08-2009,22.4950008392334,22.649999618530273,398800.0,23.219999313354492,23.05500030517578,20.2474308013916
04-08-2009,22.790000915527344,22.825000762939453,416000.0,23.549999237060547,23.434999465942383,20.581159591674805
05-08-2009,23.0049991607666,23.415000915527344,408400.0,23.4950008392334,23.21500015258789,20.38795280456543
06-08-2009,22.795000076293945,23.260000228881836,445600.0,23.420000076293945,23.219999313354492,20.392335891723633
07-08-2009,23.440000534057617,23.55500030517578,542000.0,24.6200008392334,24.19499969482422,21.248605728149414
10-08-2009,23.80500030517578,23.915000915527344,162800.0,24.2549991607666,24.045000076293945,21.11687469482422
11-08-2009,23.260000228881836,23.94499969482422,160000.0,23.969999313354492,23.56999969482422,20.699724197387695
12-08-2009,23.604999542236328,23.649999618530273,257400.0,24.670000076293945,24.364999771118164,21.397905349731445
13-08-2009,24.0,24.440000534057617,198600.0,24.674999237060547,24.375,21.406686782836914
14-08-2009,23.30500030517578,24.270000457763672,241600.0,24.315000534057617,23.665000915527344,20.783151626586914
17-08-2009,22.8700008392334,23.200000762939453,325600.0,23.729999542236328,22.989999771118164,20.190353393554688
18-08-2009,22.770000457763672,23.190000534057617,235800.0,23.674999237060547,23.600000381469727,20.72606658935547
19-08-2009,23.204999923706055,23.219999313354492,326400.0,24.079999923706055,24.06999969482422,21.138824462890625
20-08-2009,23.780000686645508,23.94499969482422,815800.0,25.170000076293945,24.915000915527344,21.880929946899414
21-08-2009,26.344999313354492,27.454999923706055,1944800.0,27.454999923706055,26.594999313354492,23.356334686279297
24-08-2009,26.559999465942383,26.7549991607666,608000.0,27.5,27.25,23.93157386779785
25-08-2009,27.1200008392334,27.235000610351562,442600.0,27.610000610351562,27.21500015258789,23.900842666625977
26-08-2009,26.96500015258789,27.264999389648438,479000.0,27.709999084472656,27.6299991607666,24.265300750732422
27-08-2009,26.93000030517578,27.450000762939453,426400.0,27.6200008392334,27.53499984741211,24.181880950927734
28-08-2009,26.924999237060547,27.700000762939453,403200.0,27.834999084472656,27.094999313354492,23.877840042114258
31-08-2009,26.645000457763672,26.920000076293945,625200.0,27.09000015258789,26.790000915527344,23.609046936035156
01-09-2009,26.170000076293945,26.635000228881836,696600.0,27.40999984741211,26.459999084472656,23.31822967529297
02-09-2009,26.104999542236328,26.375,353600.0,26.55500030517578,26.350000381469727,23.221298217773438
03-09-2009,25.975000381469727,26.434999465942383,269400.0,26.540000915527344,26.53499984741211,23.384328842163086
04-09-2009,26.219999313354492,26.4950008392334,266400.0,26.969999313354492,26.790000915527344,23.609046936035156
08-09-2009,26.729999542236328,26.96500015258789,328200.0,27.114999771118164,27.114999771118164,23.895462036132812
09-09-2009,26.584999084472656,26.90999984741211,458200.0,28.19499969482422,28.145000457763672,24.803165435791016
10-09-2009,27.905000686645508,28.040000915527344,372800.0,28.43000030517578,28.325000762939453,24.961788177490234
11-09-2009,28.06999969482422,28.385000228881836,238000.0,28.770000457763672,28.5,25.11600685119629
14-09-2009,28.235000610351562,28.31999969482422,510600.0,28.729999542236328,28.610000610351562,25.21295166015625
15-09-2009,28.315000534057617,28.524999618530273,497600.0,28.725000381469727,28.594999313354492,25.19973373413086
16-09-2009,28.4950008392334,28.610000610351562,292600.0,28.875,28.875,25.446487426757812
17-09-2009,28.774999618530273,28.875,189200.0,29.364999771118164,29.149999618530273,25.68883514404297
18-09-2009,28.975000381469727,29.225000381469727,525800.0,29.315000534057617,29.075000762939453,25.622743606567383
21-09-2009,28.559999465942383,28.684999465942383,178000.0,28.844999313354492,28.71500015258789,25.305482864379883
22-09-2009,28.014999389648438,28.815000534057617,210600.0,29.100000381469727,28.690000534057617,25.283449172973633
23-09-2009,28.334999084472656,28.649999618530273,320000.0,28.69499969482422,28.344999313354492,24.97941780090332
24-09-2009,27.700000762939453,28.40999984741211,263600.0,29.114999771118164,28.0,24.675376892089844
25-09-2009,27.334999084472656,27.864999771118164,169800.0,27.924999237060547,27.575000762939453,24.300840377807617
28-09-2009,27.6200008392334,27.809999465942383,323200.0,29.024999618530273,28.725000381469727,25.31429100036621
29-09-2009,28.59000015258789,28.725000381469727,376400.0,29.2450008392334,28.704999923706055,25.296672821044922
30-09-2009,27.75,28.799999237060547,532200.0,28.954999923706055,28.045000076293945,24.71504020690918
01-10-2009,26.920000076293945,28.010000228881836,297800.0,28.010000228881836,26.920000076293945,23.723615646362305
02-10-2009,26.655000686645508,26.709999084472656,212200.0,28.09000015258789,26.725000381469727,23.551773071289062
05-10-2009,26.709999084472656,26.93000030517578,627800.0,27.209999084472656,27.049999237060547,23.838184356689453
06-10-2009,27.020000457763672,27.274999618530273,347800.0,27.530000686645508,27.395000457763672,24.142215728759766
07-10-2009,26.989999771118164,27.309999465942383,239400.0,27.5,27.209999084472656,23.97918128967285
08-10-2009,27.0,27.25,724400.0,27.575000762939453,27.575000762939453,24.300840377807617
09-10-2009,27.415000915527344,27.469999313354492,236000.0,28.385000228881836,28.30500030517578,24.94416046142578
12-10-2009,27.950000762939453,28.299999237060547,265000.0,28.815000534057617,28.059999465942383,24.728260040283203
13-10-2009,27.350000381469727,27.924999237060547,225000.0,27.96500015258789,27.655000686645508,24.371341705322266
14-10-2009,27.71500015258789,27.954999923706055,264400.0,28.649999618530273,28.524999618530273,25.13804817199707
15-10-2009,28.18000030517578,28.354999542236328,196800.0,28.725000381469727,28.559999465942383,25.168895721435547
16-10-2009,27.520000457763672,28.3700008392334,248200.0,28.420000076293945,28.114999771118164,24.776729583740234
19-10-2009,28.049999237060547,28.2450008392334,314600.0,28.905000686645508,28.655000686645508,25.252607345581055
20-10-2009,28.165000915527344,28.729999542236328,311200.0,28.905000686645508,28.65999984741211,25.257015228271484
21-10-2009,28.584999084472656,28.584999084472656,663800.0,29.885000228881836,29.274999618530273,25.798992156982422
22-10-2009,28.760000228881836,29.174999237060547,365600.0,29.510000228881836,29.28499984741211,25.807804107666016
23-10-2009,28.3700008392334,29.489999771118164,297200.0,29.565000534057617,28.530000686645508,25.1424560546875
26-10-2009,27.84000015258789,28.655000686645508,225000.0,29.354999542236328,28.204999923706055,24.856037139892578
27-10-2009,27.399999618530273,28.059999465942383,444200.0,28.524999618530273,27.604999542236328,24.327274322509766
28-10-2009,26.594999313354492,27.600000381469727,387200.0,27.65999984741211,26.68000030517578,23.512113571166992
29-10-2009,26.395000457763672,26.989999771118164,470400.0,27.524999618530273,27.399999618530273,24.14661979675293
30-10-2009,26.010000228881836,27.114999771118164,476600.0,27.385000228881836,26.385000228881836,23.252138137817383
02-11-2009,25.635000228881836,26.450000762939453,572200.0,26.649999618530273,26.045000076293945,22.952512741088867
03-11-2009,25.53499984741211,25.809999465942383,487800.0,26.739999771118164,26.655000686645508,23.49007797241211
04-11-2009,26.084999084472656,26.875,340800.0,26.875,26.1200008392334,23.018604278564453
05-11-2009,26.309999465942383,26.485000610351562,339400.0,27.69499969482422,27.645000457763672,24.36253547668457
06-11-2009,26.790000915527344,27.260000228881836,192400.0,27.920000076293945,27.44499969482422,24.186279296875
09-11-2009,27.299999237060547,27.739999771118164,293200.0,28.405000686645508,28.334999084472656,24.97060203552246
10-11-2009,27.889999389648438,28.114999771118164,359000.0,28.625,28.21500015258789,24.86484718322754
11-11-2009,27.834999084472656,28.594999313354492,318000.0,28.684999465942383,28.135000228881836,24.794349670410156
12-11-2009,27.684999465942383,28.139999389648438,268800.0,28.540000915527344,27.78499984741211,24.485910415649414
13-11-2009,27.295000076293945,28.0,193400.0,28.354999542236328,28.149999618530273,24.807573318481445
16-11-2009,28.424999237060547,28.424999237060547,286000.0,29.540000915527344,29.235000610351562,25.76373863220215
17-11-2009,28.899999618530273,28.989999771118164,221200.0,29.15999984741211,29.09000015258789,25.635963439941406
18-11-2009,28.454999923706055,29.149999618530273,203000.0,29.149999618530273,28.770000457763672,25.353958129882812
19-11-2009,27.78499984741211,28.479999542236328,291000.0,28.520000457763672,27.954999923706055,24.635725021362305
20-11-2009,27.354999542236328,27.709999084472656,273000.0,27.905000686645508,27.420000076293945,24.16425132751465
23-11-2009,27.885000228881836,27.979999542236328,298400.0,28.709999084472656,28.030000686645508,24.701820373535156
24-11-2009,27.420000076293945,27.94499969482422,244200.0,28.0,27.665000915527344,24.380157470703125
25-11-2009,27.46500015258789,27.760000228881836,125200.0,27.950000762939453,27.670000076293945,24.384563446044922
27-11-2009,26.825000762939453,26.969999313354492,147200.0,27.4950008392334,27.014999389648438,23.807334899902344
30-11-2009,26.170000076293945,26.94499969482422,471000.0,27.135000228881836,26.80500030517578,23.622272491455078
01-12-2009,27.094999313354492,27.114999771118164,471000.0,27.760000228881836,27.354999542236328,24.106964111328125
02-12-2009,27.375,27.399999618530273,278000.0,29.204999923706055,27.559999465942383,24.287622451782227
03-12-2009,27.21500015258789,27.670000076293945,397200.0,27.924999237060547,27.260000228881836,24.023239135742188
04-12-2009,27.325000762939453,27.885000228881836,269200.0,28.600000381469727,28.0,24.675376892089844
07-12-2009,27.7450008392334,27.899999618530273,379200.0,28.174999237060547,28.0,24.675376892089844
08-12-2009,27.190000534057617,27.635000228881836,289600.0,27.889999389648438,27.479999542236328,24.21712303161621
09-12-2009,26.75,27.360000610351562,318000.0,27.489999771118164,27.280000686645508,24.04087257385254
10-12-2009,27.270000457763672,27.559999465942383,261600.0,27.80500030517578,27.43000030517578,24.173065185546875
11-12-2009,27.15999984741211,27.604999542236328,263600.0,27.815000534057617,27.65999984741211,24.37575340270996
14-12-2009,27.4950008392334,27.829999923706055,289400.0,28.2450008392334,28.21500015258789,24.86484718322754
15-12-2009,27.329999923706055,27.94499969482422,383800.0,28.96500015258789,28.485000610351562,25.10279655456543
16-12-2009,28.6299991607666,28.735000610351562,552800.0,29.0,28.920000076293945,25.486146926879883
17-12-2009,26.5,27.2450008392334,1181800.0,27.5,27.09000015258789,23.87343406677246
18-12-2009,27.25,27.540000915527344,1325400.0,28.145000457763672,28.084999084472656,24.837387084960938
21-12-2009,27.885000228881836,27.885000228881836,855000.0,30.2549991607666,30.165000915527344,26.676862716674805
22-12-2009,30.174999237060547,30.174999237060547,711000.0,31.2450008392334,31.165000915527344,27.561229705810547
23-12-2009,31.235000610351562,31.235000610351562,838400.0,32.23500061035156,31.844999313354492,28.1625919342041
24-12-2009,31.584999084472656,32.029998779296875,149000.0,32.029998779296875,31.8700008392334,28.184711456298828
28-12-2009,31.655000686645508,32.1349983215332,457400.0,32.415000915527344,31.934999465942383,28.242191314697266
29-12-2009,31.454999923706055,31.895000457763672,209000.0,31.895000457763672,31.559999465942383,27.910558700561523
30-12-2009,30.924999237060547,31.475000381469727,248200.0,31.584999084472656,31.274999618530273,27.658506393432617
31-12-2009,30.579999923706055,31.18000030517578,216000.0,31.479999542236328,30.59000015258789,27.052722930908203
04-01-2010,30.940000534057617,30.979999542236328,288800.0,32.474998474121094,31.530000686645508,27.884029388427734
05-01-2010,31.135000228881836,31.514999389648438,348200.0,31.71500015258789,31.489999771118164,27.84865379333496
06-01-2010,31.020000457763672,31.5,372800.0,31.53499984741211,31.139999389648438,27.539125442504883
07-01-2010,30.7549991607666,30.9950008392334,499400.0,31.559999465942383,31.514999389648438,27.870758056640625
08-01-2010,31.344999313354492,31.344999313354492,266800.0,31.975000381469727,31.875,28.18913459777832
11-01-2010,31.360000610351562,32.0,156600.0,32.0,31.725000381469727,28.05647850036621
12-01-2010,30.770000457763672,31.385000228881836,269000.0,31.709999084472656,31.020000457763672,27.432992935180664
13-01-2010,30.84000015258789,31.235000610351562,217800.0,31.420000076293945,31.204999923706055,27.59661102294922
14-01-2010,30.895000457763672,31.18000030517578,297200.0,31.325000762939453,31.239999771118164,27.627561569213867
15-01-2010,30.59000015258789,31.3700008392334,281800.0,31.6299991607666,30.69499969482422,27.145578384399414
19-01-2010,30.649999618530273,30.649999618530273,417400.0,31.3700008392334,31.34000015258789,27.715993881225586
20-01-2010,30.540000915527344,30.969999313354492,436000.0,31.049999237060547,30.924999237060547,27.34897804260254
21-01-2010,29.530000686645508,31.045000076293945,380200.0,31.065000534057617,29.68000030517578,26.247949600219727
22-01-2010,28.969999313354492,29.739999771118164,276000.0,29.950000762939453,29.094999313354492,25.730592727661133
25-01-2010,28.790000915527344,29.40999984741211,323000.0,29.434999465942383,29.174999237060547,25.801349639892578
26-01-2010,28.625,29.170000076293945,270000.0,29.645000457763672,28.940000534057617,25.593523025512695
27-01-2010,28.2549991607666,28.665000915527344,257200.0,29.104999542236328,29.0,25.646581649780273
28-01-2010,27.604999542236328,29.0049991607666,381800.0,29.0049991607666,28.424999237060547,25.13807487487793
29-01-2010,28.114999771118164,28.489999771118164,485200.0,29.045000076293945,28.270000457763672,25.000993728637695
01-02-2010,27.940000534057617,28.329999923706055,278200.0,28.68000030517578,28.4950008392334,25.199975967407227
02-02-2010,28.415000915527344,28.635000228881836,340800.0,29.075000762939453,29.0,25.646581649780273
03-02-2010,28.75,28.764999389648438,414600.0,29.190000534057617,28.924999237060547,25.580259323120117
04-02-2010,27.639999389648438,28.684999465942383,486600.0,28.684999465942383,27.639999389648438,24.4438419342041
05-02-2010,26.920000076293945,27.690000534057617,492600.0,27.690000534057617,27.450000762939453,24.27581024169922
08-02-2010,26.735000610351562,27.420000076293945,214600.0,27.450000762939453,27.110000610351562,23.975133895874023
09-02-2010,27.25,27.530000686645508,295200.0,27.829999923706055,27.530000686645508,24.34657096862793
10-02-2010,26.81999969482422,27.354999542236328,227600.0,27.610000610351562,27.274999618530273,24.121057510375977
11-02-2010,26.760000228881836,27.135000228881836,268400.0,28.184999465942383,28.149999618530273,24.894874572753906
12-02-2010,27.479999542236328,27.829999923706055,309200.0,28.375,28.364999771118164,25.085010528564453
16-02-2010,28.30500030517578,28.6299991607666,272800.0,29.014999389648438,28.975000381469727,25.624473571777344
17-02-2010,28.829999923706055,29.145000457763672,197000.0,29.344999313354492,29.045000076293945,25.68638038635254
18-02-2010,28.774999618530273,29.100000381469727,472600.0,29.34000015258789,29.21500015258789,25.83672332763672
19-02-2010,28.4950008392334,29.184999465942383,355600.0,29.704999923706055,29.44499969482422,26.040124893188477
22-02-2010,29.145000457763672,29.530000686645508,375800.0,29.8799991607666,29.71500015258789,26.278905868530273
23-02-2010,31.459999084472656,33.0099983215332,1533200.0,33.220001220703125,32.32500076293945,28.587093353271484
24-02-2010,31.985000610351562,32.51499938964844,770400.0,33.6150016784668,33.53499984741211,29.657180786132812
25-02-2010,32.755001068115234,33.03499984741211,434400.0,33.40999984741211,33.279998779296875,29.43166160583496
26-02-2010,32.7400016784668,33.20500183105469,472800.0,33.34000015258789,32.900001525878906,29.17890167236328
01-03-2010,33.06999969482422,33.130001068115234,558200.0,33.724998474121094,33.52000045776367,29.728778839111328
02-03-2010,33.025001525878906,33.505001068115234,867800.0,33.94499969482422,33.54499816894531,29.75093650817871
03-03-2010,33.53499984741211,33.720001220703125,398600.0,34.220001220703125,33.650001525878906,29.844070434570312
04-03-2010,33.525001525878906,33.744998931884766,290400.0,34.45500183105469,33.775001525878906,29.95493507385254
05-03-2010,33.904998779296875,33.904998779296875,346000.0,34.474998474121094,34.14500045776367,30.2830867767334
08-03-2010,33.90999984741211,34.03499984741211,314800.0,34.34000015258789,34.11000061035156,30.25204086303711
09-03-2010,33.9900016784668,33.9900016784668,495400.0,34.66999816894531,34.40999984741211,30.518108367919922
10-03-2010,34.310001373291016,34.310001373291016,582400.0,35.064998626708984,35.05500030517578,31.090167999267578
11-03-2010,34.44499969482422,34.720001220703125,402800.0,35.0,35.0,31.04138946533203
12-03-2010,34.6349983215332,35.0,557800.0,35.189998626708984,35.0,31.04138946533203
15-03-2010,34.53499984741211,34.82500076293945,323600.0,35.09000015258789,34.7599983215332,30.828523635864258
16-03-2010,34.4900016784668,34.939998626708984,286000.0,34.974998474121094,34.834999084472656,30.89504623413086
17-03-2010,34.82500076293945,35.04499816894531,301200.0,35.525001525878906,35.15999984741211,31.183284759521484
18-03-2010,35.029998779296875,35.029998779296875,509400.0,35.720001220703125,35.564998626708984,31.542482376098633
19-03-2010,33.709999084472656,35.82500076293945,853800.0,35.82500076293945,33.79499816894531,29.972665786743164
22-03-2010,33.02000045776367,33.53499984741211,392600.0,34.70000076293945,34.46500015258789,30.56690216064453
23-03-2010,34.334999084472656,34.400001525878906,443000.0,35.380001068115234,35.29499816894531,31.303016662597656
24-03-2010,34.23500061035156,34.959999084472656,732600.0,35.20000076293945,34.310001373291016,30.42943000793457
25-03-2010,34.19499969482422,34.77000045776367,519800.0,35.34000015258789,34.505001068115234,30.602357864379883
26-03-2010,34.099998474121094,34.689998626708984,334600.0,34.935001373291016,34.38999938964844,30.50037384033203
29-03-2010,34.10499954223633,34.439998626708984,358000.0,34.875,34.619998931884766,30.70437240600586
30-03-2010,34.31999969482422,34.73500061035156,211200.0,35.07500076293945,34.72999954223633,30.801929473876953
31-03-2010,33.875,34.45000076293945,572400.0,34.97999954223633,33.959999084472656,30.119009017944336
01-04-2010,33.75,34.119998931884766,401400.0,34.665000915527344,34.42499923706055,30.53141975402832
05-04-2010,34.28499984741211,34.43000030517578,194000.0,35.04499816894531,34.96500015258789,31.010332107543945
06-04-2010,34.3849983215332,34.6150016784668,254200.0,35.29999923706055,35.255001068115234,31.267549514770508
07-04-2010,34.95500183105469,35.04499816894531,579800.0,35.86000061035156,35.54499816894531,31.524747848510742
08-04-2010,34.970001220703125,35.33000183105469,320400.0,35.63999938964844,35.255001068115234,31.267549514770508
09-04-2010,34.775001525878906,35.35499954223633,219400.0,35.57500076293945,35.48500061035156,31.47152328491211
12-04-2010,35.3650016784668,35.619998931884766,506000.0,35.709999084472656,35.564998626708984,31.542482376098633
13-04-2010,35.09000015258789,35.5,295800.0,35.654998779296875,35.470001220703125,31.45821189880371
14-04-2010,35.369998931884766,35.599998474121094,471600.0,36.39500045776367,36.39500045776367,32.27861022949219
15-04-2010,36.099998474121094,36.099998474121094,263400.0,36.744998931884766,36.47999954223633,32.35398864746094
16-04-2010,35.80500030517578,36.470001220703125,336000.0,36.869998931884766,36.2400016784668,32.14113998413086
19-04-2010,35.10499954223633,35.959999084472656,278400.0,36.314998626708984,35.7599983215332,31.715421676635742
20-04-2010,35.7400016784668,35.845001220703125,349800.0,36.3849983215332,35.97999954223633,31.910547256469727
21-04-2010,35.875,35.875,301600.0,36.6150016784668,36.505001068115234,32.376155853271484
22-04-2010,35.93000030517578,36.20000076293945,595200.0,37.970001220703125,37.790000915527344,33.515830993652344
23-04-2010,37.54999923706055,37.70500183105469,385000.0,38.0,37.91999816894531,33.6311149597168
26-04-2010,37.60499954223633,37.78499984741211,268600.0,38.70000076293945,37.95500183105469,33.66215515136719
27-04-2010,36.8849983215332,37.81999969482422,393800.0,38.279998779296875,37.064998626708984,32.87281799316406
28-04-2010,36.724998474121094,37.375,261800.0,37.52000045776367,36.779998779296875,32.62005615234375
29-04-2010,36.755001068115234,36.974998474121094,388600.0,37.44499969482422,37.380001068115234,33.152191162109375
30-04-2010,35.900001525878906,37.35499954223633,532800.0,37.45500183105469,35.90999984741211,31.848461151123047
03-05-2010,36.08000183105469,36.189998626708984,569600.0,37.130001068115234,36.869998931884766,32.69988250732422
04-05-2010,35.415000915527344,36.185001373291016,581800.0,36.61000061035156,35.64500045776367,31.613428115844727
05-05-2010,34.595001220703125,35.41999816894531,486400.0,35.65999984741211,35.25,31.26309585571289
06-05-2010,32.3650016784668,35.07500076293945,515800.0,35.66999816894531,33.96500015258789,30.123445510864258
07-05-2010,32.5,33.83000183105469,754800.0,34.16999816894531,32.970001220703125,29.24098777770996
10-05-2010,33.60499954223633,34.65999984741211,463000.0,35.290000915527344,35.15999984741211,31.183284759521484
11-05-2010,34.57500076293945,34.80500030517578,227600.0,35.89500045776367,35.255001068115234,31.267549514770508
12-05-2010,35.459999084472656,35.459999084472656,413400.0,37.220001220703125,36.8650016784668,32.695438385009766
13-05-2010,36.08000183105469,36.665000915527344,335400.0,36.83000183105469,36.244998931884766,32.14556884765625
14-05-2010,34.86000061035156,35.939998626708984,278800.0,35.939998626708984,35.45500183105469,31.444915771484375
17-05-2010,33.91999816894531,35.7400016784668,249000.0,36.20000076293945,34.875,30.930519104003906
18-05-2010,34.060001373291016,35.36000061035156,290400.0,35.79999923706055,34.2599983215332,30.38508415222168
19-05-2010,32.95000076293945,34.189998626708984,374200.0,34.40999984741211,33.345001220703125,29.573575973510742
20-05-2010,31.190000534057617,32.650001525878906,492600.0,33.224998474121094,31.415000915527344,27.861862182617188
21-05-2010,32.01499938964844,32.45000076293945,1745600.0,34.125,34.04999923706055,30.198829650878906
24-05-2010,32.95000076293945,33.744998931884766,737800.0,33.875,33.099998474121094,29.356273651123047
25-05-2010,31.575000762939453,32.52000045776367,776200.0,32.915000915527344,32.77000045776367,29.063594818115234
26-05-2010,32.20500183105469,33.09000015258789,675200.0,33.8849983215332,32.439998626708984,28.770923614501953
27-05-2010,32.755001068115234,33.099998474121094,484200.0,33.959999084472656,33.93000030517578,30.18077278137207
28-05-2010,32.97999954223633,33.7400016784668,528800.0,34.08000183105469,33.314998626708984,29.63374137878418
01-06-2010,32.099998474121094,33.154998779296875,429800.0,33.654998779296875,32.099998474121094,28.552997589111328
02-06-2010,31.920000076293945,32.529998779296875,361200.0,33.16999816894531,33.09000015258789,29.433610916137695
03-06-2010,32.56999969482422,33.064998626708984,426200.0,33.40999984741211,33.22999954223633,29.558135986328125
04-06-2010,31.3700008392334,32.255001068115234,570400.0,33.08000183105469,31.489999771118164,28.010404586791992
07-06-2010,30.19499969482422,31.520000457763672,690000.0,31.635000228881836,30.264999389648438,26.920764923095703
08-06-2010,29.559999465942383,30.350000381469727,737800.0,30.790000915527344,30.280000686645508,26.934110641479492
09-06-2010,29.760000228881836,30.454999923706055,533400.0,30.93000030517578,29.940000534057617,26.63167381286621
10-06-2010,30.5,30.545000076293945,699600.0,31.274999618530273,30.875,27.463356018066406
11-06-2010,30.354999542236328,30.354999542236328,557400.0,31.190000534057617,31.09000015258789,27.654598236083984
14-06-2010,30.850000381469727,31.389999389648438,314000.0,31.75,30.989999771118164,27.565649032592773
15-06-2010,30.700000762939453,31.084999084472656,387800.0,31.975000381469727,31.915000915527344,28.388442993164062
16-06-2010,31.40999984741211,31.540000915527344,268800.0,32.15999984741211,31.625,28.13048553466797
17-06-2010,30.954999923706055,31.90999984741211,309000.0,31.90999984741211,31.454999923706055,27.97926902770996
18-06-2010,30.0049991607666,31.579999923706055,507600.0,32.0,31.520000457763672,28.037090301513672
21-06-2010,31.05500030517578,32.06999969482422,430000.0,32.19499969482422,31.354999542236328,27.89032554626465
22-06-2010,30.489999771118164,31.520000457763672,333200.0,32.11000061035156,30.575000762939453,27.196516036987305
23-06-2010,30.030000686645508,30.614999771118164,287400.0,31.059999465942383,30.545000076293945,27.16982078552246
24-06-2010,28.440000534057617,30.19499969482422,972600.0,30.43000030517578,28.625,25.46198272705078
25-06-2010,28.1299991607666,28.75,2650600.0,29.674999237060547,28.969999313354492,25.76886558532715
28-06-2010,28.989999771118164,29.0049991607666,543200.0,30.040000915527344,29.549999237060547,26.284774780273438
29-06-2010,28.1200008392334,29.010000228881836,675800.0,29.204999923706055,28.364999771118164,25.230712890625
30-06-2010,27.975000381469727,28.3700008392334,627000.0,28.90999984741211,28.040000915527344,24.94162368774414
01-07-2010,26.975000381469727,28.03499984741211,607800.0,28.239999771118164,27.385000228881836,24.35900115966797
02-07-2010,27.18000030517578,27.565000534057617,354600.0,27.7450008392334,27.405000686645508,24.376792907714844
06-07-2010,27.239999771118164,27.96500015258789,690200.0,28.235000610351562,27.415000915527344,24.385684967041016
07-07-2010,27.4950008392334,27.565000534057617,529600.0,28.520000457763672,28.489999771118164,25.341903686523438
08-07-2010,28.219999313354492,28.78499984741211,463800.0,28.9950008392334,28.94499969482422,25.746618270874023
09-07-2010,28.6299991607666,28.875,249400.0,29.235000610351562,29.075000762939453,25.862260818481445
12-07-2010,28.059999465942383,28.854999542236328,279000.0,29.065000534057617,28.385000228881836,25.248510360717773
13-07-2010,28.559999465942383,28.764999389648438,409600.0,29.645000457763672,29.524999618530273,26.26253318786621
14-07-2010,28.9950008392334,29.309999465942383,558200.0,29.78499984741211,29.725000381469727,26.440433502197266
15-07-2010,29.2549991607666,29.825000762939453,552200.0,30.0049991607666,29.739999771118164,26.45377540588379
16-07-2010,28.690000534057617,29.5049991607666,722600.0,29.71500015258789,28.78499984741211,25.60430145263672
19-07-2010,28.530000686645508,28.854999542236328,308200.0,29.15999984741211,29.135000228881836,25.915630340576172
20-07-2010,28.610000610351562,28.68000030517578,362000.0,29.81999969482422,29.7549991607666,26.467121124267578
21-07-2010,29.56999969482422,30.0,383800.0,30.280000686645508,29.7549991607666,26.467121124267578
22-07-2010,29.540000915527344,30.239999771118164,413800.0,30.950000762939453,30.559999465942383,27.18315887451172
23-07-2010,30.34000015258789,30.34000015258789,362400.0,31.399999618530273,31.200000762939453,27.752450942993164
26-07-2010,31.149999618530273,31.40999984741211,344800.0,32.0,31.969999313354492,28.43736457824707
27-07-2010,31.684999465942383,32.224998474121094,469800.0,32.51499938964844,31.829999923706055,28.31283187866211
28-07-2010,31.19499969482422,31.690000534057617,231200.0,32.07500076293945,31.315000534057617,27.854740142822266
29-07-2010,30.889999389648438,31.53499984741211,214800.0,31.764999389648438,31.3799991607666,27.912561416625977
30-07-2010,30.68000030517578,30.875,288200.0,31.665000915527344,31.524999618530273,28.041540145874023
02-08-2010,32.564998626708984,32.564998626708984,735600.0,33.459999084472656,33.32500076293945,29.64263916015625
03-08-2010,32.755001068115234,33.1150016784668,292600.0,33.64500045776367,32.88999938964844,29.255704879760742
04-08-2010,32.935001373291016,32.970001220703125,324600.0,33.70500183105469,33.65999984741211,29.94061851501465
05-08-2010,33.275001525878906,33.39500045776367,536400.0,33.98500061035156,33.89500045776367,30.149658203125
06-08-2010,33.14500045776367,33.39500045776367,445800.0,34.18000030517578,34.1150016784668,30.345338821411133
09-08-2010,34.040000915527344,34.209999084472656,300400.0,34.599998474121094,34.224998474121094,30.443185806274414
10-08-2010,33.6349983215332,33.75,332200.0,34.375,33.92499923706055,30.176328659057617
11-08-2010,32.0099983215332,33.08000183105469,482200.0,33.31999969482422,32.189998626708984,28.633058547973633
12-08-2010,31.270000457763672,31.600000381469727,294400.0,32.334999084472656,32.084999084472656,28.539657592773438
13-08-2010,31.700000762939453,32.04999923706055,381200.0,32.5,31.954999923706055,28.424020767211914
16-08-2010,31.3700008392334,31.514999389648438,218600.0,32.5099983215332,32.23500061035156,28.673078536987305
17-08-2010,32.5099983215332,32.619998931884766,246800.0,33.584999084472656,33.19499969482422,29.527006149291992
18-08-2010,32.494998931884766,32.96500015258789,300600.0,33.775001525878906,33.11000061035156,29.451396942138672
19-08-2010,32.150001525878906,32.79499816894531,448600.0,33.375,32.29499816894531,28.726442337036133
20-08-2010,32.04999923706055,33.96500015258789,621600.0,34.005001068115234,32.47999954223633,28.891008377075195
23-08-2010,31.875,32.7599983215332,353200.0,32.900001525878906,31.889999389648438,28.366201400756836
24-08-2010,30.8799991607666,31.510000228881836,598600.0,32.15999984741211,31.790000915527344,28.277250289916992
25-08-2010,31.225000381469727,31.5,367400.0,32.32500076293945,32.20500183105469,28.646400451660156
26-08-2010,31.704999923706055,32.29499816894531,315400.0,32.79999923706055,31.959999084472656,28.4284725189209
27-08-2010,31.764999389648438,32.30500030517578,305200.0,32.98500061035156,32.875,29.33875846862793
30-08-2010,31.6299991607666,32.619998931884766,299400.0,32.744998931884766,31.635000228881836,28.232133865356445
31-08-2010,31.389999389648438,31.5049991607666,346000.0,32.45000076293945,32.084999084472656,28.633729934692383
01-09-2010,32.564998626708984,32.994998931884766,394800.0,33.650001525878906,33.32500076293945,29.7403507232666
02-09-2010,33.060001373291016,33.334999084472656,340400.0,34.09000015258789,34.04499816894531,30.382896423339844
03-09-2010,34.38999938964844,34.525001525878906,384800.0,34.90999984741211,34.65999984741211,30.93175506591797
07-09-2010,33.89500045776367,34.96500015258789,297400.0,34.96500015258789,34.0,30.342741012573242
08-09-2010,33.96500015258789,34.14500045776367,309200.0,34.45500183105469,34.09000015258789,30.423063278198242
09-09-2010,33.81999969482422,34.45000076293945,316000.0,34.54999923706055,34.060001373291016,30.396284103393555
10-09-2010,33.96500015258789,34.20000076293945,315200.0,34.369998931884766,34.11000061035156,30.440906524658203
13-09-2010,34.03499984741211,34.54499816894531,500000.0,35.13999938964844,34.98500061035156,31.221784591674805
14-09-2010,34.709999084472656,34.935001373291016,342200.0,35.20500183105469,34.994998931884766,31.230710983276367
15-09-2010,34.53499984741211,34.86000061035156,289600.0,35.26499938964844,34.97999954223633,31.21731948852539
16-09-2010,34.81999969482422,34.845001220703125,272400.0,35.404998779296875,34.95500183105469,31.195011138916016
17-09-2010,34.595001220703125,35.38999938964844,566800.0,35.404998779296875,35.224998474121094,31.43597412109375
20-09-2010,35.06999969482422,35.28499984741211,511600.0,36.435001373291016,36.400001525878906,32.48457336425781
21-09-2010,36.209999084472656,36.3849983215332,393400.0,36.7599983215332,36.25,32.3507194519043
22-09-2010,35.564998626708984,36.005001068115234,219200.0,36.67499923706055,35.82500076293945,31.971431732177734
23-09-2010,34.650001525878906,35.400001525878906,602400.0,35.92499923706055,34.709999084472656,30.976364135742188
24-09-2010,35.095001220703125,35.224998474121094,383200.0,36.119998931884766,36.03499984741211,32.15883255004883
27-09-2010,35.35499954223633,36.005001068115234,344200.0,36.064998626708984,35.724998474121094,31.882179260253906
28-09-2010,35.209999084472656,35.97999954223633,330200.0,36.6150016784668,36.57500076293945,32.64076232910156
29-09-2010,36.244998931884766,36.36000061035156,240400.0,36.98500061035156,36.57500076293945,32.64076232910156
30-09-2010,36.75,36.95000076293945,430600.0,37.66999816894531,36.845001220703125,32.881717681884766
01-10-2010,36.23500061035156,37.33000183105469,333200.0,37.33000183105469,36.88999938964844,32.92186737060547
04-10-2010,35.584999084472656,36.744998931884766,270400.0,36.94499969482422,35.845001220703125,31.989276885986328
05-10-2010,35.904998779296875,36.35499954223633,392200.0,37.6150016784668,37.47999954223633,33.44841384887695
06-10-2010,37.095001220703125,37.255001068115234,311600.0,37.45000076293945,37.30500030517578,33.292236328125
07-10-2010,37.095001220703125,37.665000915527344,152400.0,37.70500183105469,37.46500015258789,33.43503189086914
08-10-2010,36.68000030517578,37.48500061035156,547400.0,37.869998931884766,37.63999938964844,33.59119415283203
11-10-2010,37.189998626708984,37.630001068115234,172200.0,37.75,37.400001525878906,33.37701416015625
12-10-2010,36.57500076293945,37.20000076293945,126800.0,37.43000030517578,37.22999954223633,33.225303649902344
13-10-2010,37.22999954223633,37.52000045776367,540800.0,37.810001373291016,37.6349983215332,33.586727142333984
14-10-2010,37.39500045776367,37.630001068115234,449000.0,38.150001525878906,37.81999969482422,33.75184631347656
15-10-2010,37.525001525878906,38.31999969482422,434600.0,38.36000061035156,38.0,33.91246032714844
18-10-2010,37.939998626708984,38.125,289600.0,38.630001068115234,38.625,34.47024154663086
19-10-2010,37.36000061035156,37.915000915527344,392400.0,38.64500045776367,37.89500045776367,33.81877517700195
20-10-2010,38.16999816894531,38.16999816894531,292200.0,39.314998626708984,38.83000183105469,34.653202056884766
21-10-2010,38.5099983215332,39.084999084472656,271200.0,39.415000915527344,38.994998931884766,34.80043029785156
22-10-2010,39.03499984741211,39.09000015258789,166000.0,39.2599983215332,39.185001373291016,34.97001266479492
25-10-2010,39.345001220703125,39.474998474121094,314600.0,40.084999084472656,39.880001068115234,35.59025573730469
26-10-2010,39.45500183105469,39.73500061035156,217400.0,40.040000915527344,39.70000076293945,35.42961883544922
27-10-2010,38.96500015258789,39.525001525878906,354000.0,39.599998474121094,39.255001068115234,35.032474517822266
28-10-2010,38.83000183105469,39.4900016784668,206200.0,39.685001373291016,39.13999938964844,34.92985153198242
29-10-2010,38.93000030517578,38.959999084472656,170200.0,39.290000915527344,39.0099983215332,34.81382751464844
01-11-2010,38.755001068115234,39.0099983215332,199000.0,39.904998779296875,39.14500045776367,34.9343147277832
02-11-2010,39.439998626708984,39.439998626708984,324800.0,40.11000061035156,40.060001373291016,35.75090026855469
03-11-2010,39.0099983215332,39.20000076293945,318800.0,39.8849983215332,39.650001525878906,35.38499069213867
04-11-2010,39.8849983215332,40.125,362200.0,41.08000183105469,41.040000915527344,36.62546920776367
05-11-2010,40.7400016784668,41.0,220400.0,41.125,41.125,36.70132064819336
08-11-2010,40.584999084472656,40.86000061035156,184200.0,41.17499923706055,40.994998931884766,36.585304260253906
09-11-2010,40.7400016784668,40.974998474121094,371400.0,41.2400016784668,41.125,36.70132064819336
10-11-2010,40.81999969482422,41.25,394800.0,41.599998474121094,41.505001068115234,37.04045486450195
11-11-2010,40.63999938964844,41.10499954223633,225000.0,41.7400016784668,40.970001220703125,36.563011169433594
12-11-2010,38.790000915527344,39.880001068115234,863800.0,40.119998931884766,38.80500030517578,34.63088607788086
15-11-2010,38.810001373291016,38.900001525878906,337800.0,39.75,39.064998626708984,34.8629150390625
16-11-2010,37.724998474121094,38.53499984741211,329600.0,38.73500061035156,38.060001373291016,33.96601486206055
17-11-2010,37.775001525878906,38.209999084472656,359400.0,38.474998474121094,38.415000915527344,34.28282928466797
18-11-2010,38.904998779296875,38.904998779296875,283800.0,39.52000045776367,39.25,35.02802276611328
19-11-2010,38.79999923706055,39.21500015258789,281400.0,39.91999816894531,39.505001068115234,35.255577087402344
22-11-2010,38.900001525878906,39.22999954223633,277000.0,39.95500183105469,39.82500076293945,35.541160583496094
23-11-2010,38.345001220703125,39.279998779296875,322600.0,39.595001220703125,39.41999816894531,35.179725646972656
24-11-2010,39.60499954223633,39.810001373291016,250400.0,40.42499923706055,40.42499923706055,36.076622009277344
26-11-2010,39.939998626708984,39.939998626708984,56800.0,40.65999984741211,40.32500076293945,35.98738098144531
29-11-2010,39.16999816894531,40.0,137400.0,40.2599983215332,40.150001525878906,35.83120346069336
30-11-2010,39.10499954223633,39.64500045776367,700200.0,40.22999954223633,39.71500015258789,35.44298553466797
01-12-2010,39.94499969482422,40.52000045776367,247600.0,41.310001373291016,41.119998931884766,36.69687271118164
02-12-2010,40.88999938964844,41.095001220703125,241400.0,42.224998474121094,42.17499923706055,37.63837814331055
03-12-2010,41.95500183105469,41.95500183105469,246200.0,42.97999954223633,42.82500076293945,38.21845626831055
06-12-2010,42.34000015258789,42.39500045776367,344800.0,43.54499816894531,43.474998474121094,38.798553466796875
07-12-2010,43.1150016784668,43.869998931884766,543200.0,44.59000015258789,43.314998626708984,38.655765533447266
08-12-2010,43.130001068115234,43.23500061035156,263800.0,43.77000045776367,43.224998474121094,38.575435638427734
09-12-2010,42.814998626708984,43.665000915527344,502000.0,43.92499923706055,42.8849983215332,38.27200698852539
10-12-2010,42.869998931884766,42.92499923706055,234600.0,44.08000183105469,44.0099983215332,39.2760009765625
13-12-2010,43.630001068115234,44.154998779296875,324600.0,44.32500076293945,43.73500061035156,39.03057861328125
14-12-2010,43.650001525878906,43.92499923706055,484200.0,44.05500030517578,43.814998626708984,39.10197448730469
15-12-2010,43.58000183105469,43.75,527000.0,44.39500045776367,43.584999084472656,38.896724700927734
16-12-2010,44.625,45.25,1313000.0,45.5,45.29999923706055,40.42723083496094
17-12-2010,44.7400016784668,45.0,1337800.0,46.060001373291016,45.61000061035156,40.7984619140625
20-12-2010,45.54499816894531,45.69499969482422,542200.0,46.494998931884766,46.22999954223633,41.353057861328125
21-12-2010,46.22999954223633,46.4900016784668,387000.0,47.1349983215332,47.10499954223633,42.1357421875
22-12-2010,46.8849983215332,47.07500076293945,425000.0,47.2599983215332,47.05500030517578,42.09102249145508
23-12-2010,46.56999969482422,47.0,211600.0,47.310001373291016,46.775001525878906,41.84055709838867
27-12-2010,46.51499938964844,46.67499923706055,100800.0,47.22999954223633,47.05500030517578,42.09102249145508
28-12-2010,46.244998931884766,47.05500030517578,286600.0,47.30500030517578,46.724998474121094,41.795833587646484
29-12-2010,46.3849983215332,46.875,103800.0,46.875,46.56999969482422,41.657188415527344
30-12-2010,46.1349983215332,46.44499969482422,145600.0,47.0,46.38999938964844,41.496177673339844
31-12-2010,45.939998626708984,46.334999084472656,247800.0,46.650001525878906,45.939998626708984,41.093650817871094
03-01-2011,46.54499816894531,46.54499816894531,646400.0,47.810001373291016,47.58000183105469,42.560638427734375
04-01-2011,46.125,47.90999984741211,355600.0,47.90999984741211,46.650001525878906,41.72874450683594
05-01-2011,46.095001220703125,46.5,249600.0,47.064998626708984,46.84000015258789,41.89871597290039
06-01-2011,45.76499938964844,46.779998779296875,226000.0,46.915000915527344,46.084999084472656,41.22335433959961
07-01-2011,44.92499923706055,46.29999923706055,225000.0,46.689998626708984,45.810001373291016,40.97736358642578
10-01-2011,45.04499816894531,45.44499969482422,425600.0,46.849998474121094,46.77000045776367,41.83607864379883
11-01-2011,46.55500030517578,46.88999938964844,303000.0,47.18000030517578,46.93000030517578,41.97920608520508
12-01-2011,46.814998626708984,47.5,261600.0,47.5,47.04999923706055,42.08653259277344
13-01-2011,46.54999923706055,46.91999816894531,182200.0,47.35499954223633,46.915000915527344,41.965789794921875
14-01-2011,46.400001525878906,46.80500030517578,340400.0,47.1349983215332,46.775001525878906,41.84055709838867
18-01-2011,46.04499816894531,46.540000915527344,690600.0,46.814998626708984,46.790000915527344,41.85397720336914
19-01-2011,45.380001068115234,46.70000076293945,379800.0,46.70000076293945,45.650001525878906,40.83424758911133
20-01-2011,44.619998931884766,45.290000915527344,292200.0,45.82500076293945,45.119998931884766,40.36014175415039
21-01-2011,44.685001373291016,45.44499969482422,477600.0,45.625,44.72999954223633,40.011287689208984
24-01-2011,44.755001068115234,44.80500030517578,236800.0,45.939998626708984,45.70000076293945,40.878963470458984
25-01-2011,44.7400016784668,45.345001220703125,285600.0,45.584999084472656,45.584999084472656,40.77608108520508
26-01-2011,45.53499984741211,45.86000061035156,318400.0,46.845001220703125,46.75,41.81819152832031
27-01-2011,46.275001525878906,46.84000015258789,265800.0,47.095001220703125,46.70500183105469,41.7779426574707
28-01-2011,45.619998931884766,46.584999084472656,425600.0,47.0,46.03499984741211,41.17863082885742
31-01-2011,45.68000030517578,46.23500061035156,261200.0,46.869998931884766,46.154998779296875,41.28596878051758
01-02-2011,46.05500030517578,46.5099983215332,442200.0,47.709999084472656,47.560001373291016,42.54275131225586
02-02-2011,47.36000061035156,47.36000061035156,350400.0,48.349998474121094,47.849998474121094,42.80215835571289
03-02-2011,47.290000915527344,47.84000015258789,201800.0,48.154998779296875,47.96500015258789,42.905029296875
04-02-2011,47.63999938964844,47.98500061035156,289200.0,48.35499954223633,48.029998779296875,42.963165283203125
07-02-2011,48.040000915527344,48.040000915527344,375000.0,48.97999954223633,48.689998626708984,43.55354690551758
08-02-2011,48.400001525878906,48.685001373291016,235000.0,48.935001373291016,48.59000015258789,43.46409225463867
09-02-2011,47.650001525878906,48.279998779296875,173200.0,48.48500061035156,48.08000183105469,43.00788879394531
10-02-2011,47.67499923706055,47.82500076293945,376600.0,48.72999954223633,48.404998779296875,43.29860305786133
11-02-2011,48.25,48.25,293200.0,49.099998474121094,49.02000045776367,43.848731994628906
14-02-2011,48.58000183105469,48.93000030517578,412800.0,49.310001373291016,48.970001220703125,43.80400466918945
15-02-2011,48.724998474121094,48.81999969482422,286000.0,49.25,48.95000076293945,43.78610610961914
16-02-2011,48.86000061035156,49.19499969482422,273800.0,49.375,49.255001068115234,44.05894470214844
17-02-2011,49.005001068115234,49.119998931884766,335400.0,49.900001525878906,49.685001373291016,44.44356918334961
18-02-2011,49.54499816894531,50.0,516600.0,50.125,50.03499984741211,44.756656646728516
22-02-2011,48.10499954223633,49.47999954223633,313200.0,50.099998474121094,48.25,43.15995788574219
23-02-2011,52.82500076293945,55.04999923706055,2196800.0,56.89500045776367,54.22999954223633,48.509098052978516
24-02-2011,53.875,54.07500076293945,806200.0,55.994998931884766,54.90999984741211,49.117374420166016
25-02-2011,54.369998931884766,54.88999938964844,513600.0,55.525001525878906,54.91999816894531,49.220428466796875
28-02-2011,54.040000915527344,55.29499816894531,487400.0,55.98500061035156,54.45500183105469,48.80369567871094
01-03-2011,53.07500076293945,54.724998474121094,471400.0,55.0,53.279998779296875,47.750640869140625
02-03-2011,53.290000915527344,53.31999969482422,474000.0,54.70000076293945,53.744998931884766,48.16737365722656
03-03-2011,54.07500076293945,54.095001220703125,523400.0,55.5,55.19499969482422,49.466888427734375
04-03-2011,54.65999984741211,55.349998474121094,344800.0,55.89500045776367,55.20500183105469,49.47586441040039
07-03-2011,54.334999084472656,55.5,422000.0,55.5,54.90999984741211,49.21147537231445
08-03-2011,54.525001525878906,55.09000015258789,327200.0,56.654998779296875,55.834999084472656,50.04048156738281
09-03-2011,54.790000915527344,55.84000015258789,242000.0,56.25,55.0099983215332,49.30109405517578
10-03-2011,52.2400016784668,54.279998779296875,517200.0,54.66999816894531,52.439998626708984,46.997825622558594
11-03-2011,51.71500015258789,52.29999923706055,315000.0,53.400001525878906,52.9900016784668,47.49074935913086
14-03-2011,52.025001525878906,52.43000030517578,323800.0,53.45500183105469,53.209999084472656,47.68791198730469
15-03-2011,50.15999984741211,51.439998626708984,365400.0,54.470001220703125,52.59000015258789,47.13224792480469
16-03-2011,51.540000915527344,52.5,449600.0,53.130001068115234,51.78499984741211,46.410789489746094
17-03-2011,51.89500045776367,52.625,427400.0,52.97999954223633,52.39500045776367,46.95747756958008
18-03-2011,52.43000030517578,52.90999984741211,488000.0,53.400001525878906,52.755001068115234,47.280128479003906
21-03-2011,52.404998779296875,53.42499923706055,308600.0,54.89500045776367,54.53499984741211,48.875389099121094
22-03-2011,53.65999984741211,54.779998779296875,157000.0,54.97999954223633,53.935001373291016,48.33767318725586
23-03-2011,52.849998474121094,53.744998931884766,236200.0,54.404998779296875,54.165000915527344,48.543792724609375
24-03-2011,53.935001373291016,54.48500061035156,231400.0,55.17499923706055,54.900001525878906,49.202518463134766
25-03-2011,55.0,55.25,451200.0,56.81999969482422,56.224998474121094,50.390010833740234
28-03-2011,55.80500030517578,57.845001220703125,342800.0,57.849998474121094,56.154998779296875,50.327266693115234
29-03-2011,55.505001068115234,56.15999984741211,339400.0,57.5,57.11000061035156,51.183162689208984
30-03-2011,56.790000915527344,57.529998779296875,166800.0,57.88999938964844,57.435001373291016,51.47443389892578
31-03-2011,56.97999954223633,57.369998931884766,229600.0,57.619998931884766,57.529998779296875,51.55957794189453
01-04-2011,57.005001068115234,58.04999923706055,346000.0,58.494998931884766,57.59000015258789,51.61334991455078
04-04-2011,57.33000183105469,58.005001068115234,273400.0,58.005001068115234,57.834999084472656,51.832923889160156
05-04-2011,57.625,57.79999923706055,284600.0,58.654998779296875,58.19499969482422,52.15557098388672
06-04-2011,58.154998779296875,58.779998779296875,297600.0,59.04999923706055,58.744998931884766,52.64846420288086
07-04-2011,57.400001525878906,58.90999984741211,414200.0,59.415000915527344,57.53499984741211,51.564056396484375
08-04-2011,56.40999984741211,58.244998931884766,285200.0,58.69499969482422,57.04999923706055,51.12939453125
11-04-2011,56.79999923706055,57.1150016784668,225800.0,57.54999923706055,56.93000030517578,51.02183532714844
12-04-2011,55.52000045776367,56.5,249400.0,56.84000015258789,55.55500030517578,49.78953552246094
13-04-2011,54.25,56.11000061035156,489900.0,56.119998931884766,55.400001525878906,49.6506233215332
14-04-2011,54.58000183105469,55.119998931884766,221000.0,55.43000030517578,55.38999938964844,49.64166259765625
15-04-2011,54.75,55.099998474121094,336800.0,56.2599983215332,55.599998474121094,49.829864501953125
18-04-2011,53.13999938964844,54.93000030517578,335600.0,54.93000030517578,53.650001525878906,48.082237243652344
19-04-2011,53.25,53.880001068115234,310800.0,54.599998474121094,54.099998474121094,48.485530853271484
20-04-2011,54.36000061035156,55.189998626708984,227400.0,55.33000183105469,55.220001220703125,49.489315032958984
21-04-2011,54.869998931884766,55.83000183105469,255600.0,56.209999084472656,55.16999816894531,49.44449234008789
25-04-2011,54.06999969482422,54.88999938964844,230900.0,55.150001525878906,54.58000183105469,48.91572189331055
26-04-2011,54.77000045776367,54.849998474121094,364400.0,55.90999984741211,55.31999969482422,49.57891845703125
27-04-2011,54.56999969482422,55.2400016784668,426600.0,55.79999923706055,55.68000030517578,49.90155792236328
28-04-2011,55.369998931884766,55.68000030517578,249000.0,56.040000915527344,55.7400016784668,49.95535659790039
29-04-2011,55.970001220703125,55.970001220703125,335000.0,57.61000061035156,56.970001220703125,51.05768966674805
02-05-2011,55.40999984741211,57.36000061035156,315200.0,58.0099983215332,55.43000030517578,49.67752456665039
03-05-2011,53.84000015258789,55.45000076293945,392100.0,56.439998626708984,54.369998931884766,48.72752380371094
04-05-2011,52.02000045776367,54.41999816894531,400100.0,54.599998474121094,52.810001373291016,47.32941436767578
05-05-2011,51.560001373291016,52.15999984741211,282500.0,53.45000076293945,52.529998779296875,47.07845687866211
06-05-2011,51.869998931884766,53.290000915527344,242000.0,53.7400016784668,52.18000030517578,46.764801025390625
09-05-2011,51.810001373291016,52.2599983215332,249000.0,53.779998779296875,53.16999816894531,47.652061462402344
10-05-2011,52.9900016784668,53.61000061035156,159300.0,53.959999084472656,53.349998474121094,47.81337356567383
11-05-2011,51.630001068115234,53.209999084472656,305900.0,53.2400016784668,51.7400016784668,46.37045669555664
12-05-2011,50.779998779296875,51.400001525878906,225300.0,52.720001220703125,52.2599983215332,46.836490631103516
13-05-2011,51.33000183105469,52.560001373291016,387100.0,52.83000183105469,51.880001068115234,46.49592971801758
16-05-2011,50.970001220703125,51.380001068115234,256700.0,52.25,51.0099983215332,45.71620559692383
17-05-2011,50.130001068115234,50.540000915527344,320800.0,51.119998931884766,50.810001373291016,45.53697967529297
18-05-2011,50.61000061035156,51.04999923706055,399500.0,52.349998474121094,52.27000045776367,46.8454475402832
19-05-2011,52.79999923706055,52.79999923706055,923200.0,54.650001525878906,54.40999984741211,48.763370513916016
20-05-2011,50.560001373291016,50.959999084472656,1522700.0,52.939998626708984,50.65999984741211,45.40253448486328
23-05-2011,49.25,50.0,542200.0,50.79999923706055,50.2599983215332,45.04404067993164
24-05-2011,49.400001525878906,50.36000061035156,406500.0,50.5099983215332,49.41999816894531,44.291221618652344
25-05-2011,48.630001068115234,49.130001068115234,482700.0,50.13999938964844,49.72999954223633,44.56905746459961
26-05-2011,49.29999923706055,49.5,365500.0,50.41999816894531,50.29999923706055,45.07990646362305
27-05-2011,50.150001525878906,50.54999923706055,308000.0,51.029998779296875,50.41999816894531,45.28197479248047
31-05-2011,50.459999084472656,51.290000915527344,767000.0,52.040000915527344,52.02000045776367,46.718929290771484
01-06-2011,50.470001220703125,51.970001220703125,572300.0,52.709999084472656,50.65999984741211,45.49751281738281
02-06-2011,49.65999984741211,50.61000061035156,345400.0,51.31999969482422,51.11000061035156,45.90166091918945
03-06-2011,49.709999084472656,50.09000015258789,460000.0,51.45000076293945,50.900001525878906,45.71305465698242
06-06-2011,50.290000915527344,50.77000045776367,475000.0,51.15999984741211,50.540000915527344,45.38975143432617
07-06-2011,50.310001373291016,51.09000015258789,367000.0,51.31999969482422,50.790000915527344,45.614261627197266
08-06-2011,50.310001373291016,50.470001220703125,443200.0,50.959999084472656,50.630001068115234,45.47056579589844
09-06-2011,50.43000030517578,50.810001373291016,385300.0,51.18000030517578,50.43000030517578,45.29095458984375
10-06-2011,48.959999084472656,49.9900016784668,439700.0,50.40999984741211,48.97999954223633,43.98872375488281
13-06-2011,48.7599983215332,49.2599983215332,479400.0,49.650001525878906,48.9900016784668,43.99769592285156
14-06-2011,49.7599983215332,49.77000045776367,828100.0,51.619998931884766,51.41999816894531,46.18006134033203
15-06-2011,50.2400016784668,50.63999938964844,650300.0,51.5,50.599998474121094,45.443626403808594
16-06-2011,49.7599983215332,50.529998779296875,362900.0,51.2400016784668,50.380001068115234,45.24604034423828
17-06-2011,50.310001373291016,50.83000183105469,559800.0,51.63999938964844,50.52000045776367,45.37177276611328
20-06-2011,50.060001373291016,50.279998779296875,585900.0,51.0,50.459999084472656,45.317893981933594
21-06-2011,50.630001068115234,51.0,554100.0,52.09000015258789,51.869998931884766,46.584205627441406
22-06-2011,51.34000015258789,51.650001525878906,512500.0,52.470001220703125,51.4900016784668,46.24293518066406
23-06-2011,49.560001373291016,50.720001220703125,590400.0,52.0,51.84000015258789,46.55727005004883
24-06-2011,50.7400016784668,51.9900016784668,8337900.0,52.25,51.34000015258789,46.108219146728516
27-06-2011,51.13999938964844,51.68000030517578,656200.0,52.369998931884766,51.61000061035156,46.3507080078125
28-06-2011,51.630001068115234,51.91999816894531,642000.0,53.61000061035156,53.400001525878906,47.958290100097656
29-06-2011,53.02000045776367,53.81999969482422,381000.0,54.349998474121094,54.0099983215332,48.506134033203125
30-06-2011,53.939998626708984,54.209999084472656,315200.0,55.38999938964844,54.849998474121094,49.260536193847656
01-07-2011,54.95000076293945,55.04999923706055,355100.0,56.33000183105469,56.119998931884766,50.40110778808594
05-07-2011,55.7599983215332,56.0099983215332,348800.0,56.41999816894531,56.09000015258789,50.37416458129883
06-07-2011,55.810001373291016,56.08000183105469,453000.0,57.52000045776367,57.52000045776367,51.658451080322266
07-07-2011,57.439998626708984,57.93000030517578,827900.0,59.06999969482422,59.0099983215332,52.996612548828125
08-07-2011,57.90999984741211,58.220001220703125,499300.0,58.90999984741211,58.650001525878906,52.67330551147461
11-07-2011,56.54999923706055,57.91999816894531,266400.0,58.13999938964844,56.810001373291016,51.020809173583984
12-07-2011,55.7400016784668,56.83000183105469,351500.0,57.060001373291016,55.86000061035156,50.16761016845703
13-07-2011,55.5099983215332,55.88999938964844,346300.0,57.0099983215332,55.849998474121094,50.158626556396484
14-07-2011,54.970001220703125,56.16999816894531,279300.0,56.849998474121094,55.09000015258789,49.47608184814453
15-07-2011,54.22999954223633,55.38999938964844,573100.0,55.4900016784668,54.81999969482422,49.23358917236328
18-07-2011,53.209999084472656,54.68000030517578,471100.0,54.75,53.66999816894531,48.20077133178711
19-07-2011,53.81999969482422,54.040000915527344,433000.0,55.34000015258789,55.209999084472656,49.583839416503906
20-07-2011,54.08000183105469,55.27000045776367,299500.0,56.25,55.2599983215332,49.628761291503906
21-07-2011,54.7599983215332,55.61000061035156,322800.0,56.4900016784668,55.77000045776367,50.0867805480957
22-07-2011,55.11000061035156,55.709999084472656,239700.0,56.36000061035156,55.95000076293945,50.24843978881836
25-07-2011,55.189998626708984,55.310001373291016,458500.0,56.779998779296875,56.47999954223633,50.724430084228516
26-07-2011,55.08000183105469,56.349998474121094,280300.0,56.93000030517578,55.25,49.619773864746094
27-07-2011,52.459999084472656,54.86000061035156,387900.0,54.97999954223633,52.599998474121094,47.23982620239258
28-07-2011,51.150001525878906,52.75,557600.0,53.5,51.279998779296875,46.0543327331543
29-07-2011,49.849998474121094,50.5,477600.0,51.470001220703125,51.029998779296875,45.829795837402344
01-08-2011,49.790000915527344,51.720001220703125,516500.0,51.790000915527344,50.5,45.35382080078125
02-08-2011,48.380001068115234,50.0,575700.0,50.779998779296875,48.47999954223633,43.53966522216797
03-08-2011,46.75,48.65999984741211,608200.0,48.65999984741211,47.90999984741211,43.02775192260742
04-08-2011,44.38999938964844,47.15999984741211,975000.0,47.15999984741211,44.41999816894531,39.893402099609375
05-08-2011,42.029998779296875,45.2599983215332,779000.0,45.2599983215332,43.130001068115234,38.73485565185547
08-08-2011,38.40999984741211,41.45000076293945,769600.0,42.38999938964844,38.5,34.57667541503906
09-08-2011,38.099998474121094,39.380001068115234,1123800.0,41.79999923706055,41.7599983215332,37.50446319580078
10-08-2011,39.79999923706055,40.380001068115234,577300.0,41.47999954223633,39.88999938964844,35.82502746582031
11-08-2011,39.939998626708984,40.150001525878906,804800.0,43.65999984741211,43.0,38.61809539794922
12-08-2011,42.900001525878906,43.41999816894531,635800.0,44.86000061035156,44.060001373291016,39.5700798034668
15-08-2011,44.349998474121094,44.650001525878906,440400.0,45.31999969482422,45.29999923706055,40.6837158203125
16-08-2011,44.150001525878906,44.72999954223633,835200.0,45.34000015258789,44.52000045776367,39.98321533203125
17-08-2011,43.470001220703125,44.849998474121094,464600.0,45.209999084472656,43.900001525878906,39.426395416259766
18-08-2011,40.869998931884766,42.2599983215332,505500.0,43.68000030517578,41.290000915527344,37.082359313964844
19-08-2011,36.119998931884766,36.5099983215332,1680000.0,41.130001068115234,39.310001373291016,35.304134368896484
22-08-2011,38.04999923706055,40.41999816894531,773400.0,40.41999816894531,38.209999084472656,34.31623458862305
23-08-2011,37.88999938964844,38.2400016784668,670900.0,40.06999969482422,40.06999969482422,35.9866828918457
24-08-2011,39.08000183105469,40.0,570300.0,40.75,40.56999969482422,36.43571472167969
25-08-2011,39.290000915527344,40.970001220703125,349000.0,41.349998474121094,39.72999954223633,35.68134689331055
26-08-2011,38.70000076293945,39.150001525878906,563600.0,41.810001373291016,41.72999954223633,37.59579849243164
29-08-2011,41.880001068115234,42.380001068115234,448500.0,44.029998779296875,43.93000030517578,39.577842712402344
30-08-2011,43.08000183105469,43.560001373291016,354500.0,44.459999084472656,44.040000915527344,39.676963806152344
31-08-2011,43.470001220703125,44.43000030517578,286500.0,45.25,43.900001525878906,39.55083465576172
01-09-2011,42.88999938964844,43.93000030517578,341200.0,44.61000061035156,43.09000015258789,38.821067810058594
02-09-2011,41.22999954223633,42.040000915527344,622400.0,42.88999938964844,41.45000076293945,37.34355163574219
06-09-2011,39.369998931884766,39.7599983215332,933300.0,41.02000045776367,40.61000061035156,36.586761474609375
07-09-2011,41.290000915527344,41.52000045776367,713400.0,42.959999084472656,42.619998931884766,38.39762878417969
08-09-2011,41.52000045776367,42.04999923706055,944400.0,42.880001068115234,41.63999938964844,37.514713287353516
09-09-2011,40.09000015258789,41.15999984741211,1205300.0,42.36000061035156,40.5099983215332,36.49668502807617
12-09-2011,39.13999938964844,39.790000915527344,617300.0,40.869998931884766,40.40999984741211,36.40658950805664
13-09-2011,40.65999984741211,40.779998779296875,729000.0,42.709999084472656,42.5,38.28951644897461
14-09-2011,41.88999938964844,42.93000030517578,577500.0,44.4900016784668,43.75,39.41569137573242
15-09-2011,43.86000061035156,44.27000045776367,428000.0,44.869998931884766,44.56999969482422,40.154449462890625
16-09-2011,44.0099983215332,44.75,1556000.0,45.130001068115234,44.619998931884766,40.19949722290039
19-09-2011,43.20000076293945,43.619998931884766,455200.0,44.650001525878906,44.130001068115234,39.75803756713867
20-09-2011,43.130001068115234,44.290000915527344,696500.0,44.439998626708984,43.15999984741211,38.88413619995117
21-09-2011,41.880001068115234,43.0099983215332,667800.0,43.34000015258789,41.95000076293945,37.79402160644531
22-09-2011,38.90999984741211,40.33000183105469,605700.0,40.4900016784668,39.5099983215332,35.59573745727539
23-09-2011,38.869998931884766,39.22999954223633,515400.0,40.25,39.099998474121094,35.226356506347656
26-09-2011,38.36000061035156,39.4900016784668,472900.0,40.9900016784668,40.93000030517578,36.87507629394531
27-09-2011,41.7400016784668,41.97999954223633,283900.0,43.459999084472656,42.09000015258789,37.920127868652344
28-09-2011,39.90999984741211,42.2400016784668,317900.0,42.560001373291016,40.02000045776367,36.055206298828125
29-09-2011,39.970001220703125,40.970001220703125,524400.0,41.400001525878906,41.209999084472656,37.1273193359375
30-09-2011,39.66999816894531,40.34000015258789,446100.0,40.84000015258789,39.7400016784668,35.80295944213867
03-10-2011,37.150001525878906,39.43000030517578,510400.0,39.900001525878906,37.209999084472656,33.52360153198242
04-10-2011,36.61000061035156,36.61000061035156,579300.0,40.4900016784668,40.40999984741211,36.40658950805664
05-10-2011,39.869998931884766,40.29999923706055,652800.0,40.9900016784668,40.400001525878906,36.39755630493164
06-10-2011,39.709999084472656,40.400001525878906,1196400.0,41.13999938964844,41.11000061035156,37.0372428894043
07-10-2011,40.29999923706055,41.25,323300.0,41.810001373291016,40.650001525878906,36.622798919677734
10-10-2011,41.540000915527344,41.63999938964844,317100.0,42.59000015258789,42.560001373291016,38.34357452392578
11-10-2011,42.08000183105469,42.15999984741211,177800.0,43.279998779296875,43.029998779296875,38.76701736450195
12-10-2011,43.13999938964844,43.45000076293945,388100.0,45.34000015258789,44.70000076293945,40.271575927734375
13-10-2011,42.9900016784668,44.16999816894531,389800.0,45.060001373291016,43.540000915527344,39.22648620605469
14-10-2011,43.72999954223633,44.2400016784668,345600.0,45.36000061035156,45.15999984741211,40.68599319458008
17-10-2011,43.33000183105469,44.849998474121094,258400.0,45.11000061035156,43.619998931884766,39.298545837402344
18-10-2011,43.220001220703125,43.900001525878906,273300.0,45.880001068115234,45.16999816894531,40.69500732421875
19-10-2011,43.43000030517578,45.04999923706055,398300.0,45.150001525878906,43.650001525878906,39.32558059692383
20-10-2011,42.18000030517578,43.709999084472656,282900.0,44.459999084472656,43.25,38.96521759033203
21-10-2011,43.40999984741211,44.150001525878906,333300.0,44.5,44.439998626708984,40.03733825683594
24-10-2011,44.209999084472656,44.66999816894531,163600.0,46.34000015258789,46.22999954223633,41.649993896484375
25-10-2011,44.33000183105469,45.7400016784668,259000.0,46.189998626708984,44.47999954223633,40.07337188720703
26-10-2011,43.56999969482422,45.369998931884766,497100.0,45.61000061035156,45.20000076293945,40.72203063964844
27-10-2011,46.779998779296875,46.779998779296875,356400.0,48.70000076293945,47.9900016784668,43.235626220703125
28-10-2011,47.040000915527344,47.810001373291016,283600.0,48.220001220703125,47.56999969482422,42.857234954833984
31-10-2011,46.0099983215332,46.63999938964844,351100.0,47.77000045776367,46.369998931884766,41.7761116027832
01-11-2011,44.310001373291016,44.72999954223633,349600.0,46.18000030517578,45.20000076293945,40.72203063964844
02-11-2011,45.22999954223633,45.95000076293945,227300.0,46.72999954223633,46.2400016784668,41.65899658203125
03-11-2011,45.7599983215332,46.90999984741211,340800.0,47.790000915527344,47.59000015258789,42.87525177001953
04-11-2011,46.18000030517578,47.0099983215332,149600.0,47.810001373291016,47.689998626708984,42.96534729003906
07-11-2011,45.349998474121094,47.33000183105469,379800.0,47.88999938964844,46.029998779296875,41.46980667114258
08-11-2011,45.7400016784668,46.540000915527344,238200.0,47.13999938964844,46.779998779296875,42.14551544189453
09-11-2011,43.59000015258789,45.38999938964844,349600.0,46.060001373291016,44.0,39.64091110229492
10-11-2011,43.90999984741211,44.7400016784668,228000.0,45.040000915527344,44.43000030517578,40.028316497802734
11-11-2011,44.709999084472656,45.13999938964844,181200.0,45.869998931884766,45.5,40.99230194091797
14-11-2011,43.97999954223633,45.349998474121094,232100.0,45.66999816894531,44.58000183105469,40.1634635925293
15-11-2011,43.90999984741211,44.349998474121094,164200.0,45.709999084472656,45.41999816894531,40.92023849487305
16-11-2011,44.66999816894531,44.79999923706055,177100.0,46.029998779296875,44.84000015258789,40.3976936340332
17-11-2011,43.540000915527344,44.84000015258789,310100.0,45.04999923706055,43.79999923706055,39.46073913574219
18-11-2011,43.40999984741211,44.099998474121094,146700.0,44.119998931884766,43.810001373291016,39.46974563598633
21-11-2011,42.33000183105469,42.939998626708984,237100.0,43.209999084472656,42.88999938964844,38.6408805847168
22-11-2011,42.540000915527344,42.86000061035156,218900.0,43.54999923706055,43.09000015258789,38.821067810058594
23-11-2011,41.900001525878906,42.70000076293945,268600.0,42.720001220703125,42.08000183105469,37.91114044189453
25-11-2011,41.779998779296875,41.779998779296875,170500.0,42.86000061035156,42.209999084472656,38.02825164794922
28-11-2011,43.040000915527344,43.41999816894531,405800.0,44.16999816894531,43.72999954223633,39.397682189941406
29-11-2011,43.61000061035156,43.65999984741211,263500.0,44.5,44.040000915527344,39.676963806152344
30-11-2011,45.900001525878906,45.900001525878906,571100.0,47.06999969482422,47.060001373291016,42.39776611328125
01-12-2011,46.29999923706055,46.650001525878906,229100.0,47.52000045776367,46.52000045776367,41.9112663269043
02-12-2011,46.83000183105469,47.22999954223633,188800.0,47.689998626708984,47.06999969482422,42.40678787231445
05-12-2011,47.27000045776367,47.959999084472656,244200.0,48.56999969482422,47.959999084472656,43.2086067199707
06-12-2011,47.650001525878906,48.09000015258789,269000.0,48.959999084472656,48.38999938964844,43.596012115478516
07-12-2011,46.97999954223633,47.9900016784668,232300.0,48.4900016784668,48.04999923706055,43.28968048095703
08-12-2011,45.95000076293945,47.439998626708984,262300.0,47.709999084472656,46.2400016784668,41.65899658203125
09-12-2011,46.16999816894531,46.54999923706055,458200.0,47.709999084472656,47.31999969482422,42.63200759887695
12-12-2011,45.95000076293945,46.630001068115234,272600.0,46.72999954223633,46.650001525878906,42.02838897705078
13-12-2011,45.959999084472656,47.189998626708984,325600.0,47.630001068115234,46.22999954223633,41.649993896484375
14-12-2011,44.34000015258789,45.810001373291016,562400.0,46.029998779296875,44.529998779296875,40.118412017822266
15-12-2011,39.380001068115234,43.93000030517578,1830800.0,44.310001373291016,40.43000030517578,36.42459487915039
16-12-2011,39.97999954223633,40.560001373291016,1138400.0,41.779998779296875,40.25,36.3748779296875
19-12-2011,39.5,40.540000915527344,469900.0,40.540000915527344,39.650001525878906,35.832645416259766
20-12-2011,40.27000045776367,40.529998779296875,290600.0,41.95000076293945,41.34000015258789,37.359954833984375
21-12-2011,39.849998474121094,41.060001373291016,311100.0,41.34000015258789,41.0099983215332,37.061710357666016
22-12-2011,40.72999954223633,41.209999084472656,250800.0,41.54999923706055,40.959999084472656,37.016544342041016
23-12-2011,40.939998626708984,40.939998626708984,180800.0,42.130001068115234,41.36000061035156,37.37803268432617
27-12-2011,40.9900016784668,41.06999969482422,124900.0,41.66999816894531,41.220001220703125,37.25151443481445
28-12-2011,40.2599983215332,41.18000030517578,139600.0,41.290000915527344,40.380001068115234,36.49237823486328
29-12-2011,40.400001525878906,40.400001525878906,142800.0,41.52000045776367,41.400001525878906,37.41417694091797
30-12-2011,41.119998931884766,41.22999954223633,202100.0,41.65999984741211,41.18000030517578,37.215362548828125
03-01-2012,41.45000076293945,42.13999938964844,412100.0,42.709999084472656,41.59000015258789,37.58588409423828
04-01-2012,40.81999969482422,41.16999816894531,470100.0,41.75,41.599998474121094,37.59490966796875
05-01-2012,41.04999923706055,41.369998931884766,378500.0,42.349998474121094,42.040000915527344,37.9925537109375
06-01-2012,41.630001068115234,42.060001373291016,336400.0,42.209999084472656,41.849998474121094,37.82085418701172
09-01-2012,41.2400016784668,42.0099983215332,444300.0,42.18000030517578,41.31999969482422,37.34187316894531
10-01-2012,41.619998931884766,42.0,314900.0,42.130001068115234,42.0099983215332,37.96544647216797
11-01-2012,41.91999816894531,41.95000076293945,692400.0,42.34000015258789,41.9900016784668,37.9473762512207
12-01-2012,41.709999084472656,42.2400016784668,621600.0,42.59000015258789,42.41999816894531,38.33597183227539
13-01-2012,41.7400016784668,42.040000915527344,283000.0,42.279998779296875,42.15999984741211,38.10101318359375
17-01-2012,42.77000045776367,42.77000045776367,306000.0,43.31999969482422,42.86000061035156,38.73361587524414
18-01-2012,42.65999984741211,42.83000183105469,341700.0,43.939998626708984,43.720001220703125,39.51081466674805
19-01-2012,43.7599983215332,43.83000183105469,381700.0,45.18000030517578,45.0,40.66757583618164
20-01-2012,44.43000030517578,44.66999816894531,336100.0,45.099998474121094,44.91999816894531,40.59526824951172
23-01-2012,44.810001373291016,44.810001373291016,239300.0,45.56999969482422,45.400001525878906,41.02907180786133
24-01-2012,44.63999938964844,44.970001220703125,202900.0,45.77000045776367,45.54999923706055,41.164634704589844
25-01-2012,45.0099983215332,45.529998779296875,196200.0,46.0099983215332,45.939998626708984,41.51708984375
26-01-2012,45.720001220703125,46.209999084472656,298200.0,46.58000183105469,45.83000183105469,41.41768264770508
27-01-2012,45.470001220703125,45.650001525878906,189000.0,46.13999938964844,46.11000061035156,41.670711517333984
30-01-2012,44.790000915527344,45.439998626708984,162400.0,45.81999969482422,45.65999984741211,41.264041900634766
31-01-2012,44.9900016784668,45.93000030517578,230100.0,46.15999984741211,45.34000015258789,40.974857330322266
01-02-2012,45.5,45.72999954223633,199100.0,46.68000030517578,46.349998474121094,41.88759994506836
02-02-2012,46.150001525878906,46.36000061035156,230700.0,46.689998626708984,46.4900016784668,42.014129638671875
03-02-2012,46.709999084472656,46.93000030517578,415000.0,47.959999084472656,47.900001525878906,43.28837585449219
06-02-2012,47.25,47.400001525878906,335900.0,48.529998779296875,48.5099983215332,43.83965301513672
07-02-2012,48.02000045776367,48.290000915527344,286800.0,49.029998779296875,49.0099983215332,44.2915153503418
08-02-2012,48.689998626708984,48.9900016784668,306800.0,49.349998474121094,49.060001373291016,44.336708068847656
09-02-2012,48.93000030517578,49.119998931884766,527400.0,50.650001525878906,50.540000915527344,45.67420959472656
10-02-2012,49.099998474121094,49.810001373291016,438200.0,50.060001373291016,49.88999938964844,45.08678436279297
13-02-2012,49.59000015258789,50.130001068115234,313600.0,50.58000183105469,50.25,45.412139892578125
14-02-2012,49.689998626708984,49.810001373291016,210300.0,50.77000045776367,50.68000030517578,45.80073165893555
15-02-2012,50.470001220703125,50.95000076293945,396900.0,51.459999084472656,51.18000030517578,46.252601623535156
16-02-2012,51.02000045776367,51.02000045776367,332600.0,52.29999923706055,52.209999084472656,47.18342590332031
17-02-2012,51.97999954223633,52.380001068115234,250500.0,52.900001525878906,52.459999084472656,47.40936279296875
21-02-2012,52.290000915527344,52.709999084472656,313000.0,52.959999084472656,52.90999984741211,47.81604766845703
22-02-2012,51.689998626708984,51.9900016784668,476400.0,52.790000915527344,51.86000061035156,46.867130279541016
23-02-2012,50.540000915527344,51.97999954223633,753400.0,51.97999954223633,50.95000076293945,46.04475021362305
24-02-2012,53.9900016784668,54.15999984741211,2441000.0,59.0,54.459999084472656,49.337860107421875
27-02-2012,53.7599983215332,54.099998474121094,856200.0,55.279998779296875,54.810001373291016,49.65494155883789
28-02-2012,54.5,54.52000045776367,423800.0,55.08000183105469,54.880001068115234,49.71835708618164
29-02-2012,54.33000183105469,54.86000061035156,383800.0,55.400001525878906,54.970001220703125,49.79988098144531
01-03-2012,55.279998779296875,55.349998474121094,296900.0,55.84000015258789,55.58000183105469,50.35251998901367
02-03-2012,54.63999938964844,55.599998474121094,193200.0,55.810001373291016,54.88999938964844,49.727420806884766
05-03-2012,54.0,54.81999969482422,249000.0,54.900001525878906,54.47999954223633,49.35597610473633
06-03-2012,52.52000045776367,53.84000015258789,304100.0,54.33000183105469,52.7599983215332,47.7977409362793
07-03-2012,52.65999984741211,53.68000030517578,236500.0,54.029998779296875,53.560001373291016,48.52250289916992
08-03-2012,53.70000076293945,54.060001373291016,254600.0,55.11000061035156,54.959999084472656,49.79083251953125
09-03-2012,54.45000076293945,54.97999954223633,192100.0,55.779998779296875,55.150001525878906,49.962955474853516
12-03-2012,54.5,54.97999954223633,171600.0,55.0,54.709999084472656,49.56433868408203
13-03-2012,54.880001068115234,55.0,265100.0,56.31999969482422,56.310001373291016,51.013858795166016
14-03-2012,55.060001373291016,55.939998626708984,303100.0,56.459999084472656,55.25,50.05356216430664
15-03-2012,54.869998931884766,54.93000030517578,214400.0,56.15999984741211,56.0099983215332,50.74208068847656
16-03-2012,55.630001068115234,56.16999816894531,794300.0,56.349998474121094,55.84000015258789,50.58806228637695
19-03-2012,55.41999816894531,55.81999969482422,321200.0,56.9900016784668,56.459999084472656,51.14974594116211
20-03-2012,55.38999938964844,56.5,410400.0,56.63999938964844,55.529998779296875,50.307220458984375
21-03-2012,54.61000061035156,55.529998779296875,469800.0,55.619998931884766,54.849998474121094,49.691165924072266
22-03-2012,53.20000076293945,54.470001220703125,360600.0,54.59000015258789,53.619998931884766,48.576866149902344
23-03-2012,53.029998779296875,53.779998779296875,246900.0,54.119998931884766,53.7400016784668,48.68558120727539
26-03-2012,54.119998931884766,54.5,295200.0,54.9900016784668,54.900001525878906,49.73646926879883
27-03-2012,54.689998626708984,54.790000915527344,289500.0,55.779998779296875,55.150001525878906,49.962955474853516
28-03-2012,54.290000915527344,55.400001525878906,282200.0,55.400001525878906,54.81999969482422,49.663997650146484
29-03-2012,54.060001373291016,54.2599983215332,205300.0,54.90999984741211,54.709999084472656,49.56433868408203
30-03-2012,54.060001373291016,54.959999084472656,592900.0,55.06999969482422,54.5099983215332,49.38315963745117
02-04-2012,53.7400016784668,54.369998931884766,296300.0,55.08000183105469,54.52000045776367,49.3922004699707
03-04-2012,54.0099983215332,54.31999969482422,241700.0,54.93000030517578,54.5,49.37409973144531
04-04-2012,53.380001068115234,53.790000915527344,310000.0,54.20000076293945,53.66999816894531,48.622169494628906
05-04-2012,53.13999938964844,53.13999938964844,193600.0,53.7599983215332,53.45000076293945,48.42284393310547
09-04-2012,52.09000015258789,52.560001373291016,239700.0,52.81999969482422,52.27000045776367,47.353824615478516
10-04-2012,50.880001068115234,52.11000061035156,287800.0,52.130001068115234,51.0,46.203277587890625
11-04-2012,51.27000045776367,51.65999984741211,211600.0,52.040000915527344,51.630001068115234,46.774024963378906
12-04-2012,51.560001373291016,51.68000030517578,324700.0,53.16999816894531,53.02000045776367,48.03328323364258
13-04-2012,52.310001373291016,52.720001220703125,244400.0,53.08000183105469,52.72999954223633,47.77056884765625
16-04-2012,52.279998779296875,52.9900016784668,182400.0,53.27000045776367,52.66999816894531,47.71620178222656
17-04-2012,52.88999938964844,53.33000183105469,241200.0,53.959999084472656,53.54999923706055,48.513427734375
18-04-2012,52.59000015258789,53.09000015258789,258400.0,53.38999938964844,52.7599983215332,47.7977409362793
19-04-2012,52.11000061035156,52.7400016784668,205100.0,53.709999084472656,52.40999984741211,47.48065948486328
20-04-2012,52.380001068115234,52.529998779296875,172200.0,53.16999816894531,52.54999923706055,47.60750198364258
23-04-2012,50.959999084472656,51.84000015258789,318000.0,51.959999084472656,51.65999984741211,46.801204681396484
24-04-2012,51.619998931884766,51.70000076293945,180300.0,52.47999954223633,52.36000061035156,47.435367584228516
25-04-2012,51.47999954223633,52.9900016784668,174100.0,53.380001068115234,53.13999938964844,48.141998291015625
26-04-2012,52.400001525878906,53.0,120800.0,53.709999084472656,53.439998626708984,48.413787841796875
27-04-2012,53.47999954223633,53.720001220703125,283800.0,54.7599983215332,54.41999816894531,49.30161666870117
30-04-2012,53.650001525878906,54.29999923706055,308900.0,54.369998931884766,53.900001525878906,48.83052444458008
01-05-2012,53.529998779296875,53.7400016784668,215000.0,55.0,54.119998931884766,49.02983856201172
02-05-2012,53.59000015258789,53.65999984741211,176300.0,54.529998779296875,54.189998626708984,49.09325408935547
03-05-2012,53.22999954223633,54.16999816894531,129200.0,54.41999816894531,53.40999984741211,48.38661193847656
04-05-2012,50.779998779296875,53.029998779296875,549100.0,53.029998779296875,51.36000061035156,46.529422760009766
07-05-2012,50.619998931884766,51.2599983215332,295000.0,51.38999938964844,51.08000183105469,46.275753021240234
08-05-2012,49.77000045776367,50.650001525878906,361900.0,51.029998779296875,50.880001068115234,46.094566345214844
09-05-2012,49.86000061035156,50.119998931884766,300000.0,51.470001220703125,51.18000030517578,46.366363525390625
10-05-2012,51.2599983215332,51.66999816894531,159000.0,51.939998626708984,51.65999984741211,46.801204681396484
11-05-2012,51.31999969482422,51.31999969482422,181100.0,52.529998779296875,51.97999954223633,47.091102600097656
14-05-2012,50.61000061035156,51.4900016784668,160900.0,51.79999923706055,51.279998779296875,46.45694351196289
15-05-2012,50.72999954223633,51.2599983215332,210000.0,51.77000045776367,50.869998931884766,46.08551025390625
16-05-2012,50.77000045776367,51.13999938964844,172100.0,51.939998626708984,50.869998931884766,46.08551025390625
17-05-2012,48.38999938964844,50.9900016784668,298300.0,50.9900016784668,48.43000030517578,43.87499237060547
18-05-2012,48.08000183105469,48.900001525878906,451100.0,49.36000061035156,48.20000076293945,43.66663360595703
21-05-2012,48.15999984741211,48.470001220703125,561500.0,49.290000915527344,49.0,44.39139175415039
22-05-2012,52.22999954223633,54.0,1085600.0,54.31999969482422,53.279998779296875,48.268829345703125
23-05-2012,52.2599983215332,52.97999954223633,480000.0,53.97999954223633,53.75,48.69463348388672
24-05-2012,53.16999816894531,53.810001373291016,284900.0,54.31999969482422,53.79999923706055,48.85354232788086
25-05-2012,53.13999938964844,53.68000030517578,214400.0,54.0099983215332,53.349998474121094,48.444908142089844
29-05-2012,53.529998779296875,53.720001220703125,164100.0,54.79999923706055,54.099998474121094,49.12595748901367
30-05-2012,53.029998779296875,53.470001220703125,250800.0,53.65999984741211,53.54999923706055,48.62651443481445
31-05-2012,52.5,53.459999084472656,526400.0,53.880001068115234,53.61000061035156,48.68100357055664
01-06-2012,51.5099983215332,52.130001068115234,456600.0,52.5099983215332,51.880001068115234,47.11007308959961
04-06-2012,49.70000076293945,51.869998931884766,400500.0,51.97999954223633,50.119998931884766,45.51188659667969
05-06-2012,49.0,50.0099983215332,347600.0,50.2400016784668,49.63999938964844,45.07602310180664
06-06-2012,49.970001220703125,50.209999084472656,395600.0,50.790000915527344,50.56999969482422,45.92051315307617
07-06-2012,51.099998474121094,51.099998474121094,283700.0,52.11000061035156,51.209999084472656,46.50166702270508
08-06-2012,50.5099983215332,50.900001525878906,126600.0,51.81999969482422,51.650001525878906,46.901222229003906
11-06-2012,50.369998931884766,52.15999984741211,145800.0,52.54999923706055,50.43000030517578,45.793392181396484
12-06-2012,49.5,50.72999954223633,233100.0,51.810001373291016,51.720001220703125,46.96478271484375
13-06-2012,50.38999938964844,51.720001220703125,284300.0,51.95000076293945,50.619998931884766,45.96591567993164
14-06-2012,50.720001220703125,50.720001220703125,383200.0,52.25,51.95000076293945,47.173622131347656
15-06-2012,51.41999816894531,52.22999954223633,335800.0,52.38999938964844,51.5099983215332,46.774085998535156
18-06-2012,50.84000015258789,51.20000076293945,185500.0,52.5,52.380001068115234,47.56410217285156
19-06-2012,52.38999938964844,52.630001068115234,199500.0,54.029998779296875,53.470001220703125,48.55387878417969
20-06-2012,52.7400016784668,53.36000061035156,144300.0,53.709999084472656,53.20000076293945,48.308692932128906
21-06-2012,50.720001220703125,53.189998626708984,205000.0,53.33000183105469,50.79999923706055,46.12937545776367
22-06-2012,50.33000183105469,50.97999954223633,639700.0,51.02000045776367,50.43000030517578,45.793392181396484
25-06-2012,48.5,50.0099983215332,232100.0,50.0099983215332,48.84000015258789,44.34957504272461
26-06-2012,47.81999969482422,48.849998474121094,461800.0,49.13999938964844,47.849998474121094,43.45060348510742
27-06-2012,48.029998779296875,49.0,363900.0,49.029998779296875,48.95000076293945,44.4494743347168
28-06-2012,48.36000061035156,48.560001373291016,568300.0,49.52000045776367,49.369998931884766,44.83085250854492
29-06-2012,50.18000030517578,50.5,529300.0,51.31999969482422,51.290000915527344,46.57431411743164
02-07-2012,50.470001220703125,51.31999969482422,286800.0,51.47999954223633,50.97999954223633,46.292816162109375
03-07-2012,51.06999969482422,51.06999969482422,134200.0,52.38999938964844,52.38999938964844,47.57318878173828
05-07-2012,51.709999084472656,52.09000015258789,213500.0,52.939998626708984,52.599998474121094,47.76388168334961
06-07-2012,50.95000076293945,51.91999816894531,267400.0,52.15999984741211,51.2400016784668,46.528926849365234
09-07-2012,50.90999984741211,51.060001373291016,266300.0,51.720001220703125,51.43000030517578,46.701446533203125
10-07-2012,49.95000076293945,51.63999938964844,208200.0,52.349998474121094,50.400001525878906,45.76613235473633
11-07-2012,49.52000045776367,50.439998626708984,299800.0,50.720001220703125,50.11000061035156,45.50279998779297
12-07-2012,48.88999938964844,49.58000183105469,494600.0,49.720001220703125,49.40999984741211,44.867164611816406
13-07-2012,49.5,49.7599983215332,305600.0,51.150001525878906,50.88999938964844,46.211090087890625
16-07-2012,49.83000183105469,51.09000015258789,289500.0,51.119998931884766,50.810001373291016,46.13844299316406
17-07-2012,50.369998931884766,51.0,496800.0,51.720001220703125,51.09000015258789,46.39271926879883
18-07-2012,50.77000045776367,51.02000045776367,277600.0,52.369998931884766,52.279998779296875,47.47330856323242
19-07-2012,52.20000076293945,52.400001525878906,330500.0,53.209999084472656,53.06999969482422,48.19066619873047
20-07-2012,50.95000076293945,52.43000030517578,2582600.0,52.560001373291016,51.91999816894531,47.146385192871094
23-07-2012,50.5,50.869998931884766,153600.0,51.56999969482422,51.119998931884766,46.41995620727539
24-07-2012,49.220001220703125,51.16999816894531,215400.0,51.279998779296875,49.650001525878906,45.08510208129883
25-07-2012,48.97999954223633,49.70000076293945,253200.0,50.119998931884766,49.38999938964844,44.84901428222656
26-07-2012,49.5,50.029998779296875,153600.0,50.59000015258789,50.560001373291016,45.911434173583984
27-07-2012,50.470001220703125,50.470001220703125,251900.0,52.279998779296875,52.0099983215332,47.228111267089844
30-07-2012,51.380001068115234,52.119998931884766,116300.0,52.38999938964844,51.599998474121094,46.85581970214844
31-07-2012,51.189998626708984,51.41999816894531,140400.0,52.380001068115234,51.2599983215332,46.547080993652344
01-08-2012,50.380001068115234,51.380001068115234,118900.0,51.90999984741211,50.63999938964844,45.98408508300781
02-08-2012,49.529998779296875,50.060001373291016,136400.0,50.72999954223633,50.16999816894531,45.55728530883789
03-08-2012,50.869998931884766,50.97999954223633,152100.0,52.689998626708984,51.83000183105469,47.06466293334961
06-08-2012,51.2599983215332,52.02000045776367,212700.0,52.52000045776367,51.27000045776367,46.55615234375
07-08-2012,51.54999923706055,51.54999923706055,219200.0,52.97999954223633,52.40999984741211,47.59134292602539
08-08-2012,50.849998474121094,51.040000915527344,259300.0,53.33000183105469,53.220001220703125,48.32687759399414
09-08-2012,53.2400016784668,53.2400016784668,218100.0,53.9900016784668,53.7599983215332,48.81722640991211
10-08-2012,53.13999938964844,53.630001068115234,194200.0,54.0,53.93000030517578,48.971595764160156
13-08-2012,53.560001373291016,53.88999938964844,174600.0,54.18000030517578,53.93000030517578,48.971595764160156
14-08-2012,53.93000030517578,54.290000915527344,352400.0,54.88999938964844,54.40999984741211,49.4074592590332
15-08-2012,53.65999984741211,53.83000183105469,343000.0,54.470001220703125,54.349998474121094,49.35297775268555
16-08-2012,53.81999969482422,54.22999954223633,212500.0,55.349998474121094,55.04999923706055,49.98860549926758
17-08-2012,54.849998474121094,55.099998474121094,178000.0,55.650001525878906,55.2400016784668,50.16114807128906
20-08-2012,54.22999954223633,54.59000015258789,383100.0,55.439998626708984,55.0,49.94322204589844
21-08-2012,59.150001525878906,60.5,2321100.0,62.439998626708984,61.06999969482422,55.45512771606445
22-08-2012,60.02000045776367,60.09000015258789,602100.0,61.65999984741211,61.290000915527344,55.65489959716797
23-08-2012,59.20000076293945,61.18000030517578,453600.0,61.18000030517578,59.2400016784668,53.793392181396484
24-08-2012,58.439998626708984,58.86000061035156,259800.0,59.810001373291016,59.369998931884766,54.048282623291016
27-08-2012,58.959999084472656,59.59000015258789,208500.0,60.0,59.529998779296875,54.19394302368164
28-08-2012,59.150001525878906,59.52000045776367,222800.0,60.150001525878906,59.47999954223633,54.14842987060547
29-08-2012,58.63999938964844,59.47999954223633,278400.0,59.869998931884766,59.279998779296875,53.96636199951172
30-08-2012,58.34000015258789,58.93000030517578,367800.0,59.45000076293945,59.040000915527344,53.747859954833984
31-08-2012,58.540000915527344,59.4900016784668,207100.0,59.790000915527344,58.810001373291016,53.538490295410156
04-09-2012,58.02000045776367,58.91999816894531,272700.0,59.810001373291016,59.709999084472656,54.3577995300293
05-09-2012,59.65999984741211,60.0,448900.0,61.20000076293945,60.209999084472656,54.81299591064453
06-09-2012,60.779998779296875,60.779998779296875,265400.0,62.20000076293945,62.119998931884766,56.55178451538086
07-09-2012,61.9900016784668,61.9900016784668,222000.0,63.2400016784668,62.810001373291016,57.179927825927734
10-09-2012,62.2400016784668,62.43000030517578,200900.0,62.880001068115234,62.36000061035156,56.77027130126953
11-09-2012,61.47999954223633,62.540000915527344,160100.0,62.540000915527344,61.560001373291016,56.04197311401367
12-09-2012,61.13999938964844,61.540000915527344,359100.0,62.119998931884766,61.93000030517578,56.37881088256836
13-09-2012,61.22999954223633,61.95000076293945,205700.0,62.5,62.38999938964844,56.79758071899414
14-09-2012,61.88999938964844,62.400001525878906,351700.0,62.61000061035156,62.400001525878906,56.80669021606445
17-09-2012,61.880001068115234,62.22999954223633,204000.0,62.43000030517578,62.09000015258789,56.52448272705078
18-09-2012,61.630001068115234,62.0,199900.0,62.2599983215332,61.90999984741211,56.360599517822266
19-09-2012,61.54999923706055,61.75,238200.0,62.900001525878906,62.560001373291016,56.95234680175781
20-09-2012,61.04999923706055,61.91999816894531,196100.0,62.220001220703125,61.36000061035156,55.85991668701172
21-09-2012,61.0,61.81999969482422,412400.0,62.290000915527344,61.0099983215332,55.54127502441406
24-09-2012,60.29999923706055,60.7400016784668,168900.0,61.25,60.91999816894531,55.4593505859375
25-09-2012,59.08000183105469,61.150001525878906,217200.0,61.150001525878906,59.290000915527344,53.975460052490234
26-09-2012,57.72999954223633,59.209999084472656,222200.0,59.68000030517578,58.380001068115234,53.147029876708984
27-09-2012,58.099998474121094,58.54999923706055,173400.0,59.33000183105469,59.060001373291016,53.766075134277344
28-09-2012,58.150001525878906,58.61000061035156,172800.0,59.0,58.54999923706055,53.301788330078125
01-10-2012,57.2400016784668,58.849998474121094,301900.0,58.849998474121094,58.08000183105469,52.873924255371094
02-10-2012,57.529998779296875,58.27000045776367,155600.0,58.459999084472656,57.95000076293945,52.75556945800781
03-10-2012,57.5099983215332,58.22999954223633,253300.0,58.95000076293945,58.5,53.25627899169922
04-10-2012,57.59000015258789,58.720001220703125,226900.0,59.16999816894531,58.86000061035156,53.58399963378906
05-10-2012,58.290000915527344,59.060001373291016,146300.0,59.75,58.5,53.25627899169922
08-10-2012,57.849998474121094,57.959999084472656,87300.0,58.34000015258789,58.16999816894531,52.95583724975586
09-10-2012,57.56999969482422,58.220001220703125,263900.0,58.459999084472656,57.630001068115234,52.46424865722656
10-10-2012,57.0099983215332,57.7400016784668,163500.0,58.09000015258789,57.08000183105469,51.96356201171875
11-10-2012,57.06999969482422,57.529998779296875,207800.0,57.959999084472656,57.22999954223633,52.10011291503906
12-10-2012,56.63999938964844,57.43000030517578,130200.0,57.4900016784668,56.939998626708984,51.83610534667969
15-10-2012,56.58000183105469,57.189998626708984,89600.0,57.5,57.25,52.11830520629883
16-10-2012,57.04999923706055,57.439998626708984,166700.0,57.7599983215332,57.63999938964844,52.473350524902344
17-10-2012,57.54999923706055,57.869998931884766,206300.0,58.16999816894531,58.029998779296875,52.828399658203125
18-10-2012,57.720001220703125,57.880001068115234,116200.0,58.56999969482422,58.4900016784668,53.24715805053711
19-10-2012,57.290000915527344,58.43000030517578,277500.0,58.43000030517578,57.5,52.34590148925781
22-10-2012,57.11000061035156,57.5099983215332,126400.0,58.099998474121094,57.45000076293945,52.300384521484375
23-10-2012,56.150001525878906,56.869998931884766,278600.0,57.90999984741211,57.79999923706055,52.6190071105957
24-10-2012,57.45000076293945,58.18000030517578,222800.0,58.18000030517578,57.810001373291016,52.62812042236328
25-10-2012,57.56999969482422,58.34000015258789,107900.0,58.459999084472656,58.119998931884766,52.91032028198242
26-10-2012,57.310001373291016,58.060001373291016,114700.0,58.43000030517578,58.349998474121094,53.11971664428711
31-10-2012,57.7400016784668,58.7599983215332,177400.0,59.849998474121094,59.029998779296875,53.7387580871582
01-11-2012,58.84000015258789,58.970001220703125,294500.0,61.849998474121094,61.029998779296875,55.559478759765625
02-11-2012,59.959999084472656,61.18000030517578,175000.0,61.91999816894531,60.029998779296875,54.64912414550781
05-11-2012,59.52000045776367,59.849998474121094,364500.0,61.900001525878906,61.33000183105469,55.83259963989258
06-11-2012,61.02000045776367,61.439998626708984,245300.0,62.02000045776367,61.84000015258789,56.296871185302734
07-11-2012,60.040000915527344,61.02000045776367,170300.0,61.38999938964844,60.209999084472656,54.81299591064453
08-11-2012,59.7400016784668,59.97999954223633,172600.0,60.40999984741211,59.790000915527344,54.43064498901367
09-11-2012,59.220001220703125,59.290000915527344,169200.0,60.790000915527344,59.91999816894531,54.548980712890625
12-11-2012,59.79999923706055,60.470001220703125,151300.0,60.470001220703125,60.119998931884766,54.731056213378906
13-11-2012,59.619998931884766,59.939998626708984,209300.0,61.56999969482422,60.470001220703125,55.0496826171875
14-11-2012,58.810001373291016,60.529998779296875,215000.0,61.18000030517578,58.88999938964844,53.61130905151367
15-11-2012,58.40999984741211,58.7400016784668,201300.0,59.599998474121094,59.52000045776367,54.184844970703125
16-11-2012,59.15999984741211,59.66999816894531,177300.0,60.279998779296875,59.810001373291016,54.44884490966797
19-11-2012,59.20000076293945,60.27000045776367,170500.0,60.86000061035156,60.59000015258789,55.1589241027832
20-11-2012,57.95000076293945,60.38999938964844,181500.0,61.130001068115234,60.95000076293945,55.486656188964844
21-11-2012,60.5099983215332,61.029998779296875,109900.0,61.560001373291016,61.33000183105469,55.83259963989258
23-11-2012,61.31999969482422,61.61000061035156,86500.0,62.29999923706055,61.5,55.98735427856445
26-11-2012,61.16999816894531,61.16999816894531,304300.0,62.209999084472656,62.16999816894531,56.59730911254883
27-11-2012,61.59000015258789,62.0,247700.0,62.75,62.029998779296875,56.46985626220703
28-11-2012,60.75,61.56999969482422,225100.0,61.72999954223633,61.59000015258789,56.06929016113281
29-11-2012,60.689998626708984,62.0,311500.0,62.04999923706055,61.5099983215332,55.9964714050293
30-11-2012,60.189998626708984,61.81999969482422,2188400.0,61.81999969482422,61.189998626708984,55.70515060424805
03-12-2012,60.720001220703125,61.529998779296875,237700.0,62.13999938964844,61.5099983215332,55.9964714050293
04-12-2012,61.09000015258789,61.36000061035156,179600.0,61.93000030517578,61.68000030517578,56.151222229003906
05-12-2012,61.540000915527344,61.65999984741211,233600.0,62.81999969482422,62.59000015258789,56.979652404785156
06-12-2012,61.90999984741211,62.369998931884766,209200.0,63.119998931884766,63.04999923706055,57.3984260559082
07-12-2012,62.310001373291016,63.040000915527344,163200.0,63.380001068115234,63.279998779296875,57.6077995300293
10-12-2012,62.779998779296875,63.0,414300.0,64.5,63.70000076293945,57.99015808105469
11-12-2012,62.65999984741211,64.13999938964844,291400.0,64.38999938964844,62.77000045776367,57.14352035522461
12-12-2012,61.7599983215332,62.709999084472656,446400.0,63.0,61.9900016784668,56.43342971801758
13-12-2012,61.599998474121094,62.0,310700.0,62.34000015258789,61.970001220703125,56.41523361206055
14-12-2012,60.779998779296875,64.5,428700.0,64.73999786376953,61.099998474121094,55.623207092285156
17-12-2012,60.75,61.099998474121094,305200.0,62.16999816894531,61.099998474121094,55.623207092285156
18-12-2012,60.72999954223633,61.2599983215332,563500.0,62.369998931884766,62.0,56.44254684448242
19-12-2012,61.810001373291016,62.15999984741211,315800.0,62.400001525878906,62.29999923706055,56.85319519042969
20-12-2012,62.18000030517578,62.439998626708984,220200.0,63.09000015258789,63.02000045776367,57.51024627685547
21-12-2012,61.38999938964844,62.0,739200.0,62.75,62.709999084472656,57.22734069824219
24-12-2012,62.13999938964844,62.5,101600.0,63.0099983215332,62.54999923706055,57.08134841918945
26-12-2012,62.04999923706055,62.61000061035156,133600.0,62.97999954223633,62.11000061035156,56.67981719970703
27-12-2012,61.880001068115234,62.31999969482422,251800.0,62.5099983215332,62.11000061035156,56.67981719970703
28-12-2012,61.540000915527344,61.95000076293945,175100.0,62.75,61.849998474121094,56.44253158569336
31-12-2012,61.41999816894531,61.7400016784668,237500.0,63.349998474121094,63.119998931884766,57.60151672363281
02-01-2013,64.08999633789062,64.58000183105469,362500.0,65.45999908447266,65.29000091552734,59.581787109375
03-01-2013,64.63999938964844,65.16999816894531,205100.0,65.87999725341797,65.02999877929688,59.34452819824219
04-01-2013,64.7699966430664,65.11000061035156,158000.0,65.69999694824219,65.5199966430664,59.791664123535156
07-01-2013,65.04000091552734,65.23999786376953,179900.0,65.76000213623047,65.08000183105469,59.39015197753906
08-01-2013,63.970001220703125,64.94000244140625,192100.0,65.37999725341797,64.36000061035156,58.733089447021484
09-01-2013,64.2300033569336,64.80000305175781,137900.0,65.55000305175781,65.44999694824219,59.72779846191406
10-01-2013,64.36000061035156,65.76000213623047,136000.0,65.83000183105469,64.91000366210938,59.23500442504883
11-01-2013,64.08000183105469,64.87000274658203,231800.0,65.0999984741211,64.48999786376953,58.85173416137695
14-01-2013,64.0,64.0999984741211,216700.0,64.81999969482422,64.37999725341797,58.7513427734375
15-01-2013,64.11000061035156,64.20999908447266,164000.0,64.8499984741211,64.62999725341797,58.979469299316406
16-01-2013,64.4800033569336,64.58000183105469,172300.0,65.66999816894531,65.62999725341797,59.89207077026367
17-01-2013,65.61000061035156,65.88999938964844,159700.0,66.29000091552734,66.05999755859375,60.284446716308594
18-01-2013,65.43000030517578,65.9000015258789,585100.0,66.47000122070312,66.0999984741211,60.32096481323242
22-01-2013,65.9800033569336,65.9800033569336,159800.0,66.86000061035156,66.69000244140625,60.859397888183594
23-01-2013,66.3499984741211,66.62999725341797,108600.0,66.87000274658203,66.48999786376953,60.67687225341797
24-01-2013,66.33999633789062,66.44000244140625,212800.0,67.25,67.02999877929688,61.16965103149414
25-01-2013,67.13999938964844,67.5,118900.0,67.80000305175781,67.62000274658203,61.70808029174805
28-01-2013,66.69000244140625,67.75,251000.0,68.06999969482422,66.86000061035156,61.014530181884766
29-01-2013,66.66999816894531,66.66999816894531,140000.0,67.4000015258789,67.26000213623047,61.37955093383789
30-01-2013,66.33999633789062,67.0,193700.0,67.29000091552734,66.41000366210938,60.60386276245117
31-01-2013,66.08999633789062,66.36000061035156,391700.0,67.79000091552734,67.62000274658203,61.70808029174805
01-02-2013,67.26000213623047,67.66999816894531,239900.0,69.29000091552734,69.0199966430664,62.98567581176758
04-02-2013,67.98999786376953,68.29000091552734,196200.0,69.01000213623047,68.41000366210938,62.42902374267578
05-02-2013,68.11000061035156,69.0199966430664,163500.0,69.5,69.26000213623047,63.20469665527344
06-02-2013,68.87000274658203,68.98999786376953,151200.0,69.58000183105469,69.58000183105469,63.49671936035156
07-02-2013,68.31999969482422,69.61000061035156,350300.0,69.61000061035156,69.11000061035156,63.067813873291016
08-02-2013,69.12000274658203,69.12000274658203,138300.0,69.69999694824219,69.68000030517578,63.58797073364258
11-02-2013,68.94999694824219,69.43000030517578,139700.0,69.6500015258789,69.19999694824219,63.14993667602539
12-02-2013,69.2300033569336,69.2300033569336,107100.0,70.1500015258789,69.94000244140625,63.82522964477539
13-02-2013,69.77999877929688,69.94999694824219,165900.0,70.30999755859375,70.13999938964844,64.00777435302734
14-02-2013,70.05999755859375,70.05999755859375,107000.0,70.66999816894531,70.16999816894531,64.0351333618164
15-02-2013,69.87999725341797,70.02999877929688,149600.0,70.83999633789062,69.98999786376953,63.870872497558594
19-02-2013,69.81999969482422,69.94000244140625,258600.0,70.79000091552734,70.5999984741211,64.42754364013672
20-02-2013,68.70999908447266,70.52999877929688,257500.0,70.80000305175781,68.75,62.73927307128906
21-02-2013,66.58000183105469,68.56999969482422,383800.0,68.58999633789062,66.86000061035156,61.014530181884766
22-02-2013,60.7599983215332,64.12000274658203,1630600.0,64.12000274658203,62.0,56.706661224365234
25-02-2013,61.31999969482422,63.560001373291016,598400.0,64.5199966430664,61.33000183105469,56.09385681152344
26-02-2013,61.459999084472656,61.70000076293945,436600.0,62.95000076293945,62.77000045776367,57.41090774536133
27-02-2013,62.91999816894531,62.91999816894531,530700.0,64.37000274658203,63.709999084472656,58.270652770996094
28-02-2013,63.380001068115234,63.7599983215332,299000.0,64.29000091552734,63.400001525878906,57.98713684082031
01-03-2013,62.290000915527344,63.11000061035156,663300.0,63.599998474121094,62.95000076293945,57.575531005859375
04-03-2013,61.880001068115234,62.83000183105469,277900.0,62.970001220703125,62.83000183105469,57.46577453613281
05-03-2013,63.0099983215332,63.0099983215332,280600.0,63.849998474121094,63.779998779296875,58.33468246459961
06-03-2013,63.88999938964844,64.0199966430664,317800.0,64.88999938964844,64.80000305175781,59.267608642578125
07-03-2013,64.66999816894531,64.75,327000.0,65.6500015258789,65.51000213623047,59.91697692871094
08-03-2013,66.20999908447266,66.2300033569336,201000.0,66.9000015258789,66.62999725341797,60.94135665893555
11-03-2013,66.31999969482422,66.37999725341797,339100.0,67.66999816894531,67.4000015258789,61.64561080932617
12-03-2013,66.45999908447266,67.3499984741211,163200.0,67.44000244140625,66.66999816894531,60.97792434692383
13-03-2013,66.4800033569336,66.73999786376953,120100.0,66.83000183105469,66.62000274658203,60.932220458984375
14-03-2013,66.72000122070312,66.91999816894531,152900.0,67.5199966430664,67.3499984741211,61.59988784790039
15-03-2013,67.1500015258789,67.45999908447266,550900.0,68.06999969482422,67.72000122070312,61.93831253051758
18-03-2013,67.0199966430664,67.0199966430664,330900.0,68.41999816894531,68.02999877929688,62.221824645996094
19-03-2013,66.5999984741211,67.94999694824219,127400.0,68.41000366210938,67.2699966430664,61.5267219543457
20-03-2013,66.94999694824219,67.41999816894531,150700.0,67.80999755859375,67.66000366210938,61.88343048095703
21-03-2013,66.63999938964844,67.1500015258789,146500.0,67.58000183105469,66.66999816894531,60.97792434692383
22-03-2013,66.51000213623047,66.7300033569336,131100.0,67.12999725341797,66.98999786376953,61.2706184387207
25-03-2013,64.61000061035156,67.01000213623047,403800.0,67.27999877929688,64.77999877929688,59.249298095703125
26-03-2013,64.7300033569336,64.97000122070312,219800.0,65.19999694824219,65.04000091552734,59.48711013793945
27-03-2013,64.06999969482422,64.68000030517578,175000.0,64.80000305175781,64.5999984741211,59.084659576416016
28-03-2013,64.47000122070312,64.62999725341797,205300.0,66.05999755859375,65.94999694824219,60.31939697265625
01-04-2013,64.0999984741211,65.77999877929688,327500.0,65.77999877929688,64.94000244140625,59.39563751220703
02-04-2013,64.44999694824219,65.33999633789062,505900.0,65.33999633789062,64.83000183105469,59.2950553894043
03-04-2013,64.19999694824219,64.88999938964844,311200.0,65.08999633789062,64.33999633789062,58.84687042236328
04-04-2013,64.27999877929688,64.3499984741211,162400.0,64.9800033569336,64.80999755859375,59.276737213134766
05-04-2013,63.66999816894531,64.19999694824219,354200.0,65.66000366210938,65.55999755859375,59.96271896362305
08-04-2013,65.19999694824219,65.19999694824219,272200.0,67.16999816894531,67.0999984741211,61.37122344970703
09-04-2013,66.6500015258789,67.37999725341797,232100.0,67.37999725341797,67.0199966430664,61.29806137084961
10-04-2013,67.01000213623047,67.08999633789062,261400.0,68.06999969482422,68.01000213623047,62.20354080200195
11-04-2013,67.69999694824219,68.13999938964844,434400.0,68.43000030517578,67.98999786376953,62.18523406982422
12-04-2013,67.4800033569336,67.6500015258789,223100.0,68.2699966430664,67.93000030517578,62.13037872314453
15-04-2013,66.29000091552734,67.54000091552734,571100.0,67.5999984741211,66.44000244140625,60.767574310302734
16-04-2013,66.9800033569336,67.18000030517578,269800.0,68.0999984741211,68.04000091552734,62.23098373413086
17-04-2013,66.54000091552734,67.5999984741211,315300.0,67.7300033569336,67.18000030517578,61.444393157958984
18-04-2013,64.79000091552734,67.29000091552734,589200.0,67.37999725341797,65.43000030517578,59.843807220458984
19-04-2013,64.70999908447266,65.5999984741211,403300.0,66.5999984741211,66.5199966430664,60.84074401855469
22-04-2013,65.43000030517578,66.66000366210938,320100.0,66.66000366210938,66.01000213623047,60.374290466308594
23-04-2013,65.75,66.19999694824219,219100.0,67.20999908447266,67.12999725341797,61.3986701965332
24-04-2013,66.9800033569336,66.9800033569336,321700.0,67.94000244140625,67.58000183105469,61.81024932861328
25-04-2013,67.62000274658203,67.62000274658203,288300.0,69.26000213623047,68.69000244140625,62.825477600097656
26-04-2013,67.58000183105469,68.69999694824219,211400.0,69.0,67.98999786376953,62.18523406982422
29-04-2013,67.61000061035156,68.23999786376953,165400.0,68.91999816894531,68.73999786376953,62.8712158203125
30-04-2013,67.91000366210938,68.66999816894531,299200.0,69.48999786376953,69.48999786376953,63.557167053222656
01-05-2013,67.79000091552734,69.0999984741211,323100.0,69.4800033569336,68.08000183105469,62.267555236816406
02-05-2013,67.76000213623047,68.12999725341797,407400.0,69.30999755859375,69.12000274658203,63.21877670288086
03-05-2013,69.81999969482422,69.91999816894531,392200.0,71.62999725341797,71.36000061035156,65.26752471923828
06-05-2013,71.12999725341797,71.1500015258789,276300.0,72.18000030517578,71.6500015258789,65.53276062011719
07-05-2013,71.58000183105469,71.62999725341797,217100.0,73.20999908447266,73.16000366210938,66.91383361816406
08-05-2013,72.44000244140625,73.1500015258789,235800.0,73.43000030517578,72.73999786376953,66.52970123291016
09-05-2013,72.56999969482422,72.56999969482422,277100.0,73.8499984741211,73.0,66.76749420166016
10-05-2013,72.79000091552734,72.83999633789062,118500.0,73.12000274658203,73.01000213623047,66.77664947509766
13-05-2013,71.77999877929688,72.58000183105469,208700.0,73.01000213623047,72.5199966430664,66.32848358154297
14-05-2013,72.44999694824219,72.66999816894531,317200.0,73.3499984741211,73.0999984741211,66.85894012451172
15-05-2013,72.62999725341797,72.62999725341797,224500.0,73.69999694824219,73.69999694824219,67.40772247314453
16-05-2013,72.93000030517578,73.70999908447266,144800.0,74.36000061035156,73.0,66.76749420166016
17-05-2013,73.04000091552734,73.43000030517578,178600.0,74.20999908447266,74.0999984741211,67.77357482910156
20-05-2013,73.91999816894531,74.0199966430664,226200.0,75.1500015258789,75.0,68.59677124023438
21-05-2013,74.8499984741211,74.93000030517578,225300.0,75.23999786376953,75.0,68.59677124023438
22-05-2013,72.97000122070312,75.23999786376953,308800.0,75.25,73.4000015258789,67.13335418701172
23-05-2013,71.7300033569336,72.87000274658203,337800.0,73.31999969482422,73.13999938964844,67.03254699707031
24-05-2013,65.45999908447266,66.5,1522000.0,70.0,68.0,62.32174301147461
28-05-2013,68.05000305175781,68.63999938964844,488600.0,69.29000091552734,69.23999786376953,63.458168029785156
29-05-2013,68.58999633789062,68.58999633789062,321700.0,69.62000274658203,69.18000030517578,63.40320587158203
30-05-2013,69.37000274658203,69.56999969482422,237500.0,71.04000091552734,70.73999786376953,64.83294677734375
31-05-2013,70.08999633789062,70.16000366210938,268900.0,71.52999877929688,71.22000122070312,65.27288818359375
03-06-2013,70.75,71.08999633789062,410400.0,71.86000061035156,71.30000305175781,65.34617614746094
04-06-2013,69.95999908447266,71.3499984741211,291200.0,71.8499984741211,70.54000091552734,64.64965057373047
05-06-2013,68.22000122070312,70.37999725341797,252100.0,70.37999725341797,68.37000274658203,62.66086196899414
06-06-2013,67.9800033569336,68.08000183105469,371800.0,69.41999816894531,69.36000061035156,63.56818771362305
07-06-2013,69.08000183105469,69.69000244140625,111500.0,70.38999938964844,70.25,64.38386535644531
10-06-2013,69.29000091552734,70.58999633789062,197100.0,70.83999633789062,70.02999877929688,64.1822509765625
11-06-2013,68.73999786376953,69.4800033569336,260400.0,70.69000244140625,69.83000183105469,63.99891662597656
12-06-2013,68.33999633789062,70.5199966430664,156900.0,70.5199966430664,68.44999694824219,62.734161376953125
13-06-2013,68.19999694824219,68.2300033569336,300900.0,69.13999938964844,69.05000305175781,63.284088134765625
14-06-2013,68.44999694824219,69.08999633789062,160900.0,69.4000015258789,69.05999755859375,63.293216705322266
17-06-2013,69.41000366210938,69.54000091552734,235800.0,70.22000122070312,69.8499984741211,64.01725006103516
18-06-2013,69.9000015258789,69.95999908447266,160800.0,71.16000366210938,70.94999694824219,65.02542114257812
19-06-2013,70.05000305175781,71.04000091552734,172500.0,71.20999908447266,70.05999755859375,64.2097396850586
20-06-2013,67.48999786376953,69.26000213623047,285900.0,69.7300033569336,67.55999755859375,61.91849136352539
21-06-2013,67.38999938964844,67.88999938964844,757300.0,68.52999877929688,67.55999755859375,61.91849136352539
24-06-2013,66.5,67.05999755859375,391800.0,67.86000061035156,67.26000213623047,61.64354705810547
25-06-2013,67.31999969482422,67.91999816894531,192200.0,68.0999984741211,67.75,62.09260940551758
26-06-2013,67.93000030517578,68.23999786376953,166200.0,68.87000274658203,68.37000274658203,62.66086196899414
27-06-2013,68.91999816894531,68.91999816894531,172700.0,69.94999694824219,69.77999877929688,63.95311737060547
28-06-2013,69.2300033569336,69.3499984741211,339600.0,69.98999786376953,69.30999755859375,63.522369384765625
01-07-2013,69.01000213623047,70.0,207200.0,70.75,70.41999816894531,64.5396728515625
02-07-2013,69.2699966430664,70.33000183105469,216900.0,70.97000122070312,69.38999938964844,63.59566879272461
03-07-2013,68.08000183105469,68.7300033569336,186700.0,69.12999725341797,69.06999969482422,63.30241394042969
05-07-2013,69.38999938964844,69.5,117600.0,70.91000366210938,70.87999725341797,64.96124267578125
08-07-2013,70.41000366210938,71.0,184300.0,71.0,70.80000305175781,64.88795471191406
09-07-2013,71.02999877929688,71.02999877929688,143300.0,72.61000061035156,72.30000305175781,66.26268768310547
10-07-2013,71.69999694824219,72.19999694824219,154300.0,72.75,72.2699966430664,66.23517608642578
11-07-2013,72.75,72.75,101300.0,73.5,73.41999816894531,67.28916931152344
12-07-2013,72.91000366210938,73.29000091552734,171300.0,74.37000274658203,74.33000183105469,68.12317657470703
15-07-2013,73.87000274658203,74.12999725341797,128500.0,74.62999725341797,74.19000244140625,67.99485778808594
16-07-2013,73.75,74.16000366210938,177100.0,74.91999816894531,73.77999877929688,67.61910247802734
17-07-2013,73.25,74.0999984741211,97300.0,74.0999984741211,73.58000183105469,67.4358139038086
18-07-2013,73.5,73.75,124200.0,74.5,73.95999908447266,67.78406524658203
19-07-2013,73.20999908447266,73.68000030517578,408700.0,73.91999816894531,73.7300033569336,67.57328033447266
22-07-2013,73.45999908447266,73.62999725341797,91000.0,74.16000366210938,73.7300033569336,67.57328033447266
23-07-2013,73.26000213623047,74.0,124700.0,74.0,73.52999877929688,67.38996124267578
24-07-2013,72.4800033569336,73.66000366210938,93200.0,73.93000030517578,72.55999755859375,66.50096893310547
25-07-2013,72.05999755859375,72.16999816894531,137300.0,72.91999816894531,72.44000244140625,66.3909912109375
26-07-2013,71.25,72.0,199500.0,72.04000091552734,71.72000122070312,65.73112487792969
29-07-2013,70.61000061035156,71.2300033569336,185300.0,71.62000274658203,70.7300033569336,64.82378387451172
30-07-2013,70.55999755859375,70.94000244140625,197400.0,71.44000244140625,71.37999725341797,65.41949462890625
31-07-2013,71.38999938964844,71.80000305175781,146300.0,72.87999725341797,72.16000366210938,66.13436126708984
01-08-2013,72.27999877929688,73.06999969482422,397700.0,75.87999725341797,74.6500015258789,68.4164810180664
02-08-2013,73.62999725341797,74.33999633789062,145900.0,74.56999969482422,74.18000030517578,67.98567962646484
05-08-2013,73.75,73.88999938964844,63500.0,74.62000274658203,74.48999786376953,68.26982116699219
06-08-2013,73.25,74.18000030517578,96300.0,74.4800033569336,73.87999725341797,67.71076202392578
07-08-2013,72.13999938964844,73.63999938964844,246700.0,73.63999938964844,72.37000274658203,66.32684326171875
08-08-2013,72.3499984741211,72.3499984741211,124900.0,74.16999816894531,73.66999816894531,67.5182876586914
09-08-2013,73.18000030517578,73.51000213623047,95500.0,73.94999694824219,73.4000015258789,67.27082824707031
12-08-2013,72.41999816894531,72.9800033569336,102200.0,74.01000213623047,73.58000183105469,67.4358139038086
13-08-2013,72.66999816894531,73.69999694824219,89200.0,74.11000061035156,73.76000213623047,67.60076141357422
14-08-2013,72.69999694824219,73.94999694824219,198400.0,74.33000183105469,72.87999725341797,66.79426574707031
15-08-2013,69.87999725341797,71.83000183105469,252900.0,73.22000122070312,70.05000305175781,64.20057678222656
16-08-2013,69.94000244140625,70.2699966430664,240100.0,71.41999816894531,70.33999633789062,64.46633911132812
19-08-2013,69.44999694824219,70.51000213623047,159300.0,70.87000274658203,69.5,63.69649887084961
20-08-2013,69.48999786376953,69.58999633789062,237700.0,70.33000183105469,69.94999694824219,64.10891723632812
21-08-2013,69.37999725341797,69.76000213623047,138400.0,70.68000030517578,69.68000030517578,63.86146926879883
22-08-2013,69.72000122070312,69.72000122070312,119500.0,71.41999816894531,71.37000274658203,65.41034698486328
23-08-2013,65.77999877929688,69.0,919900.0,70.44999694824219,69.75,64.08724975585938
26-08-2013,69.0199966430664,69.68000030517578,210200.0,70.16999816894531,69.2699966430664,63.64622497558594
27-08-2013,67.05000305175781,68.4000015258789,213300.0,68.51000213623047,67.06999969482422,61.62485122680664
28-08-2013,66.66000366210938,67.0,414800.0,68.16000366210938,67.88999938964844,62.37823486328125
29-08-2013,67.41999816894531,67.77999877929688,196100.0,68.86000061035156,67.47000122070312,61.99235534667969
30-08-2013,66.55000305175781,67.5999984741211,237300.0,67.5999984741211,66.6500015258789,61.238929748535156
03-09-2013,66.0,67.66999816894531,463100.0,69.20999908447266,67.11000061035156,61.66158676147461
04-09-2013,67.02999877929688,67.08999633789062,366300.0,68.72000122070312,68.55000305175781,62.98468017578125
05-09-2013,68.62999725341797,68.69999694824219,181600.0,69.55999755859375,69.23999786376953,63.61861801147461
06-09-2013,68.54000091552734,69.37000274658203,149700.0,69.83000183105469,68.81999969482422,63.23278045654297
09-09-2013,68.83000183105469,68.94000244140625,247700.0,70.26000213623047,70.18000030517578,64.48234558105469
10-09-2013,70.44000244140625,70.73999786376953,232400.0,72.1500015258789,72.0999984741211,66.24646759033203
11-09-2013,71.06999969482422,72.0,221300.0,72.2699966430664,71.6500015258789,65.83299255371094
12-09-2013,71.48999786376953,71.63999938964844,174200.0,72.36000061035156,71.86000061035156,66.02594757080078
13-09-2013,71.6500015258789,72.16999816894531,161600.0,72.37000274658203,72.08999633789062,66.23728942871094
16-09-2013,72.94999694824219,73.16999816894531,166200.0,73.5999984741211,73.08000183105469,67.14691162109375
17-09-2013,72.66999816894531,73.1500015258789,197400.0,73.76000213623047,73.73999786376953,67.75331115722656
18-09-2013,72.93000030517578,73.66999816894531,217400.0,74.56999969482422,74.48999786376953,68.44243621826172
19-09-2013,74.12999725341797,74.51000213623047,242800.0,74.94000244140625,74.13999938964844,68.12085723876953
20-09-2013,73.69999694824219,74.44999694824219,787400.0,74.44999694824219,74.06999969482422,68.05650329589844
23-09-2013,73.16000366210938,73.98999786376953,191500.0,74.13999938964844,74.06999969482422,68.05650329589844
24-09-2013,73.66000366210938,74.08000183105469,204400.0,75.12000274658203,74.44000244140625,68.39649200439453
25-09-2013,73.5199966430664,74.54000091552734,266800.0,74.87000274658203,73.62999725341797,67.6522445678711
26-09-2013,73.30999755859375,73.58999633789062,245100.0,74.48999786376953,74.2699966430664,68.24027252197266
27-09-2013,73.08999633789062,73.70999908447266,252400.0,74.06999969482422,73.44000244140625,67.47766876220703
30-09-2013,72.44999694824219,72.45999908447266,326800.0,73.95999908447266,73.62999725341797,67.6522445678711
01-10-2013,73.12999725341797,73.66999816894531,644400.0,75.12000274658203,74.9000015258789,68.81912994384766
02-10-2013,74.16000366210938,74.5999984741211,281100.0,75.12000274658203,74.76000213623047,68.69051361083984
03-10-2013,73.7699966430664,74.3499984741211,350900.0,75.0199966430664,74.27999877929688,68.24947357177734
04-10-2013,73.83000183105469,74.18000030517578,386300.0,74.73999786376953,73.98999786376953,67.98301696777344
07-10-2013,72.63999938964844,73.33999633789062,296200.0,73.94000244140625,72.63999938964844,66.74264526367188
08-10-2013,71.2699966430664,72.68000030517578,191100.0,73.0999984741211,71.3499984741211,65.55734252929688
09-10-2013,70.19000244140625,71.41999816894531,222100.0,71.80000305175781,70.72000122070312,64.97848510742188
10-10-2013,71.25,71.77999877929688,192700.0,72.55999755859375,72.55000305175781,66.65992736816406
11-10-2013,72.12999725341797,72.4000015258789,151600.0,73.22000122070312,73.16000366210938,67.22040557861328
14-10-2013,72.41999816894531,72.41999816894531,167800.0,73.80999755859375,73.7699966430664,67.78087615966797
15-10-2013,72.58000183105469,73.61000061035156,200300.0,73.61000061035156,72.83999633789062,66.92637634277344
16-10-2013,72.2699966430664,73.2300033569336,191400.0,73.70999908447266,72.9800033569336,67.0550308227539
17-10-2013,72.69000244140625,72.69000244140625,202800.0,74.1500015258789,74.0,67.99220275878906
18-10-2013,73.87000274658203,74.22000122070312,607900.0,74.9800033569336,74.75,68.68131256103516
21-10-2013,74.12000274658203,74.6500015258789,191500.0,75.08000183105469,74.58999633789062,68.53430938720703
22-10-2013,73.66999816894531,74.75,225900.0,74.97000122070312,74.1500015258789,68.13003540039062
23-10-2013,72.97000122070312,73.8499984741211,98300.0,74.41999816894531,73.54000091552734,67.56954193115234
24-10-2013,73.19999694824219,73.8499984741211,186400.0,74.04000091552734,73.45999908447266,67.49604034423828
25-10-2013,73.05000305175781,73.52999877929688,166500.0,73.6500015258789,73.41000366210938,67.45013427734375
28-10-2013,72.72000122070312,73.37999725341797,140500.0,73.56999969482422,73.06999969482422,67.1377182006836
29-10-2013,72.5,73.02999877929688,234800.0,73.43000030517578,72.73999786376953,66.83451080322266
30-10-2013,71.6500015258789,72.73999786376953,261900.0,73.37999725341797,71.91000366210938,66.07188415527344
31-10-2013,71.91999816894531,71.91999816894531,182200.0,73.19000244140625,72.08999633789062,66.23728942871094
01-11-2013,71.0199966430664,72.16000366210938,242600.0,72.44999694824219,71.81999969482422,65.98917388916016
04-11-2013,71.62000274658203,73.11000061035156,245800.0,73.31999969482422,73.0,67.0733871459961
05-11-2013,71.87000274658203,72.3499984741211,189600.0,72.88999938964844,72.37999725341797,66.50374603271484
06-11-2013,71.6500015258789,72.87999725341797,112900.0,72.87999725341797,71.95999908447266,66.11783599853516
07-11-2013,70.0199966430664,71.98999786376953,148500.0,72.37000274658203,70.06999969482422,64.38127136230469
08-11-2013,69.93000030517578,70.27999877929688,182300.0,70.7699966430664,70.73999786376953,64.99687194824219
11-11-2013,70.79000091552734,70.79000091552734,84400.0,71.25,71.0199966430664,65.25413513183594
12-11-2013,70.23999786376953,71.0,157600.0,71.04000091552734,70.94000244140625,65.18064880371094
13-11-2013,70.5,70.5,207500.0,72.6500015258789,72.29000091552734,66.42105102539062
14-11-2013,71.69999694824219,72.11000061035156,94600.0,72.5199966430664,72.31999969482422,66.44860076904297
15-11-2013,71.98999786376953,72.56999969482422,148100.0,73.23999786376953,73.19000244140625,67.24797058105469
18-11-2013,71.91000366210938,73.06999969482422,160200.0,73.08000183105469,72.05999755859375,66.2096939086914
19-11-2013,71.33999633789062,72.1500015258789,112800.0,72.2300033569336,71.4000015258789,65.60328674316406
20-11-2013,70.5999984741211,71.5,90300.0,71.80999755859375,70.86000061035156,65.10717010498047
21-11-2013,70.94999694824219,71.04000091552734,101600.0,71.6500015258789,71.58999633789062,65.77786254882812
22-11-2013,71.55000305175781,71.61000061035156,104800.0,72.12999725341797,71.7699966430664,65.94325256347656
25-11-2013,71.52999877929688,71.8499984741211,234400.0,72.66000366210938,71.75,65.92487335205078
26-11-2013,71.38999938964844,71.9000015258789,150600.0,72.0,71.93000030517578,66.09024810791016
27-11-2013,71.63999938964844,71.9800033569336,109800.0,72.33999633789062,72.11000061035156,66.25562286376953
29-11-2013,71.81999969482422,72.06999969482422,67700.0,72.62000274658203,72.12000274658203,66.26485443115234
02-12-2013,71.76000213623047,72.0199966430664,172700.0,72.8499984741211,72.08000183105469,66.22809600830078
03-12-2013,71.33000183105469,71.62000274658203,187300.0,72.33999633789062,71.95999908447266,66.11783599853516
04-12-2013,71.1500015258789,71.37000274658203,223700.0,72.36000061035156,72.08000183105469,66.22809600830078
05-12-2013,71.47000122070312,71.83999633789062,164200.0,72.47000122070312,72.43000030517578,66.5496597290039
06-12-2013,72.43000030517578,73.0,237400.0,74.33999633789062,73.7699966430664,67.78087615966797
09-12-2013,73.47000122070312,73.58000183105469,178800.0,74.44000244140625,74.30000305175781,68.26786041259766
10-12-2013,73.19000244140625,73.95999908447266,351200.0,74.5,73.2300033569336,67.28474426269531
11-12-2013,71.37000274658203,73.2699966430664,299600.0,73.2699966430664,71.76000213623047,65.93406677246094
12-12-2013,70.0,70.2699966430664,592200.0,71.66000366210938,71.56999969482422,65.75949096679688
13-12-2013,71.4800033569336,71.58000183105469,271000.0,72.66000366210938,72.19000244140625,66.32917022705078
16-12-2013,71.7699966430664,72.37999725341797,325100.0,72.37999725341797,72.19000244140625,66.32917022705078
17-12-2013,71.93000030517578,72.13999938964844,348000.0,72.48999786376953,72.2699966430664,66.40264129638672
18-12-2013,71.38999938964844,72.1500015258789,314600.0,73.20999908447266,73.16999816894531,67.3974609375
19-12-2013,72.5199966430664,72.97000122070312,278600.0,73.94000244140625,73.41000366210938,67.61854553222656
20-12-2013,73.75,73.76000213623047,579200.0,74.73999786376953,74.0199966430664,68.18037414550781
23-12-2013,74.22000122070312,74.66000366210938,141100.0,74.93000030517578,74.5999984741211,68.71464538574219
24-12-2013,74.23999786376953,74.61000061035156,132700.0,75.23999786376953,75.0199966430664,69.10152435302734
26-12-2013,74.36000061035156,75.19999694824219,183800.0,75.52999877929688,74.83000183105469,68.92650604248047
27-12-2013,74.48999786376953,74.98999786376953,143000.0,75.0999984741211,74.62000274658203,68.73307800292969
30-12-2013,74.1500015258789,74.69999694824219,174400.0,75.05000305175781,74.7699966430664,68.87123107910156
31-12-2013,74.19999694824219,74.7300033569336,304400.0,75.26000213623047,74.30000305175781,68.43831634521484
02-01-2014,72.98999786376953,74.25,193900.0,74.41999816894531,73.55000305175781,67.74748229980469
03-01-2014,73.0999984741211,73.5,212600.0,74.2699966430664,73.7699966430664,67.95011138916016
06-01-2014,72.0199966430664,73.87000274658203,319000.0,74.2300033569336,72.5,66.78030395507812
07-01-2014,72.1500015258789,72.94999694824219,241100.0,73.1500015258789,72.23999786376953,66.54082489013672
08-01-2014,71.41999816894531,72.38999938964844,301900.0,72.5199966430664,71.70999908447266,66.05260467529297
09-01-2014,71.18000030517578,72.0199966430664,213000.0,72.48999786376953,71.88999938964844,66.21842956542969
10-01-2014,71.44999694824219,72.11000061035156,251000.0,72.68000030517578,72.29000091552734,66.58689880371094
13-01-2014,70.56999969482422,71.87000274658203,189300.0,72.37999725341797,70.87000274658203,65.27891540527344
14-01-2014,70.45999908447266,71.16999816894531,205900.0,71.98999786376953,71.88999938964844,66.21842956542969
15-01-2014,71.55999755859375,72.0,227500.0,72.79000091552734,72.33000183105469,66.62371826171875
16-01-2014,71.7699966430664,72.23999786376953,155500.0,72.63999938964844,72.04000091552734,66.35659790039062
17-01-2014,71.5999984741211,71.91000366210938,422400.0,72.7699966430664,72.45999908447266,66.74345397949219
21-01-2014,72.08000183105469,73.18000030517578,217700.0,73.18000030517578,72.41000366210938,66.6974105834961
22-01-2014,72.4000015258789,72.69999694824219,211900.0,73.08999633789062,73.08000183105469,67.3145523071289
23-01-2014,72.0,72.69999694824219,251400.0,73.0199966430664,72.30000305175781,66.59609985351562
24-01-2014,70.43000030517578,71.62999725341797,372800.0,71.86000061035156,70.4800033569336,64.91968536376953
27-01-2014,69.37000274658203,70.7300033569336,252500.0,70.94999694824219,69.69999694824219,64.20122528076172
28-01-2014,69.5,69.9800033569336,197400.0,70.5999984741211,70.05000305175781,64.52362060546875
29-01-2014,69.06999969482422,69.5,247300.0,70.33000183105469,69.13999938964844,63.685394287109375
30-01-2014,69.05000305175781,69.94000244140625,341200.0,70.2300033569336,69.75,64.24726867675781
31-01-2014,68.80999755859375,69.0,271200.0,70.05000305175781,69.31999969482422,63.85117721557617
03-02-2014,67.05999755859375,69.44999694824219,746600.0,69.77999877929688,67.9800033569336,62.616912841796875
04-02-2014,67.38999938964844,68.22000122070312,496300.0,69.44999694824219,69.37999725341797,63.906463623046875
05-02-2014,67.58999633789062,69.0999984741211,515000.0,69.0999984741211,68.0,62.63531494140625
06-02-2014,67.56999969482422,68.12999725341797,274100.0,68.69999694824219,68.3499984741211,62.957706451416016
07-02-2014,68.3499984741211,68.55999755859375,308700.0,69.44999694824219,69.12999725341797,63.67617416381836
10-02-2014,68.55000305175781,68.9800033569336,299200.0,69.61000061035156,69.30999755859375,63.84198760986328
11-02-2014,69.33000183105469,69.33999633789062,134600.0,70.38999938964844,70.2300033569336,64.68941497802734
12-02-2014,70.19999694824219,70.19999694824219,217500.0,71.44000244140625,70.8499984741211,65.26050567626953
13-02-2014,69.63999938964844,70.33999633789062,302000.0,70.81999969482422,70.68000030517578,65.10388946533203
14-02-2014,70.18000030517578,70.58000183105469,282700.0,70.83999633789062,70.45999908447266,64.90125274658203
18-02-2014,69.77999877929688,70.4000015258789,288800.0,70.62999725341797,70.12000274658203,64.58806610107422
19-02-2014,69.66999816894531,69.79000091552734,211500.0,70.38999938964844,69.80000305175781,64.2933120727539
20-02-2014,69.80999755859375,69.91000366210938,171700.0,70.37000274658203,70.2699966430664,64.72624206542969
21-02-2014,69.79000091552734,70.41999816894531,210100.0,70.45999908447266,69.80000305175781,64.45844268798828
24-02-2014,69.80999755859375,69.86000061035156,313700.0,70.77999877929688,70.01000213623047,64.65238189697266
25-02-2014,70.25,71.27999877929688,380800.0,71.27999877929688,70.87999725341797,65.45577239990234
26-02-2014,69.6500015258789,70.47000122070312,396500.0,71.75,71.41000366210938,65.94522857666016
27-02-2014,71.9000015258789,72.47000122070312,404700.0,73.22000122070312,72.44000244140625,66.89642333984375
28-02-2014,72.16000366210938,72.75,310000.0,73.87000274658203,73.16000366210938,67.56131744384766
03-03-2014,71.5199966430664,72.37000274658203,233300.0,72.6500015258789,72.04000091552734,66.52702331542969
04-03-2014,72.7699966430664,73.02999877929688,243700.0,73.5,72.87000274658203,67.2934799194336
05-03-2014,72.55000305175781,73.0,154200.0,73.2699966430664,72.83999633789062,67.26579284667969
06-03-2014,72.16999816894531,72.7699966430664,217200.0,73.37000274658203,72.86000061035156,67.28425598144531
07-03-2014,72.58000183105469,73.06999969482422,184300.0,73.47000122070312,73.11000061035156,67.51512908935547
10-03-2014,72.30000305175781,72.93000030517578,120800.0,73.4000015258789,72.76000213623047,67.19192504882812
11-03-2014,71.52999877929688,72.81999969482422,118300.0,73.02999877929688,71.77999877929688,66.28692626953125
12-03-2014,70.73999786376953,71.44000244140625,177600.0,71.79000091552734,71.55000305175781,66.07452392578125
13-03-2014,69.72000122070312,71.87999725341797,207600.0,72.23999786376953,70.2699966430664,64.8924560546875
14-03-2014,70.0,70.19999694824219,207900.0,70.86000061035156,70.0999984741211,64.73548126220703
17-03-2014,70.5,70.54000091552734,265900.0,71.52999877929688,71.0,65.56659698486328
18-03-2014,70.51000213623047,71.0,460500.0,71.62000274658203,70.94999694824219,65.52044677734375
19-03-2014,70.45999908447266,70.83999633789062,274200.0,71.45999908447266,70.83000183105469,65.40960693359375
20-03-2014,70.44000244140625,70.62000274658203,147900.0,71.44999694824219,71.08000183105469,65.64047241210938
21-03-2014,71.16999816894531,71.2300033569336,464700.0,72.51000213623047,71.83000183105469,66.33308410644531
24-03-2014,70.0,71.91000366210938,182200.0,72.19000244140625,70.36000061035156,64.97557830810547
25-03-2014,69.97000122070312,70.47000122070312,158600.0,71.04000091552734,70.30999755859375,64.92943572998047
26-03-2014,69.08999633789062,70.5999984741211,204100.0,70.5999984741211,69.12999725341797,63.839698791503906
27-03-2014,68.36000061035156,69.02999877929688,212900.0,69.22000122070312,68.83000183105469,63.562679290771484
28-03-2014,68.45999908447266,68.91000366210938,250100.0,69.80000305175781,69.08000183105469,63.79352569580078
31-03-2014,69.36000061035156,69.55999755859375,266300.0,70.61000061035156,70.48999786376953,65.09563446044922
01-04-2014,70.45999908447266,70.54000091552734,239000.0,71.33999633789062,71.06999969482422,65.63124084472656
02-04-2014,71.13999938964844,71.1500015258789,151700.0,72.12000274658203,71.55000305175781,66.07452392578125
03-04-2014,71.30000305175781,71.80000305175781,225400.0,72.08999633789062,71.76000213623047,66.26846313476562
04-04-2014,71.44999694824219,72.19999694824219,477400.0,72.3499984741211,71.51000213623047,66.0375747680664
07-04-2014,69.88999938964844,71.5999984741211,396900.0,71.5999984741211,70.4800033569336,65.08639526367188
08-04-2014,70.18000030517578,70.62000274658203,309800.0,71.30999755859375,71.2699966430664,65.8159408569336
09-04-2014,71.41999816894531,71.72000122070312,233700.0,72.5999984741211,72.5,66.95182037353516
10-04-2014,71.30999755859375,72.27999877929688,365400.0,72.5999984741211,71.36000061035156,65.8990478515625
11-04-2014,70.26000213623047,71.2300033569336,260200.0,71.62999725341797,70.5,65.1048583984375
14-04-2014,70.25,71.0999984741211,211300.0,71.5999984741211,70.52999877929688,65.132568359375
15-04-2014,70.16000366210938,70.69000244140625,277300.0,71.86000061035156,71.76000213623047,66.26846313476562
16-04-2014,71.83000183105469,72.08000183105469,222100.0,73.0999984741211,73.0,67.4135513305664
17-04-2014,72.77999877929688,72.91999816894531,263600.0,73.97000122070312,73.77999877929688,68.13384246826172
21-04-2014,73.4000015258789,73.58999633789062,255300.0,74.05000305175781,73.72000122070312,68.07843017578125
22-04-2014,73.55000305175781,73.72000122070312,392400.0,74.41000366210938,73.69999694824219,68.05997467041016
23-04-2014,73.16000366210938,73.69999694824219,304400.0,74.3499984741211,73.9000015258789,68.24467468261719
24-04-2014,73.5199966430664,74.05000305175781,254300.0,75.0,74.54000091552734,68.835693359375
25-04-2014,73.68000030517578,74.08999633789062,306700.0,74.97000122070312,74.04000091552734,68.37396240234375
28-04-2014,73.54000091552734,74.29000091552734,385100.0,74.83000183105469,74.31999969482422,68.6325454711914
29-04-2014,73.94999694824219,74.63999938964844,265900.0,75.22000122070312,74.37000274658203,68.67869567871094
30-04-2014,73.9000015258789,74.19000244140625,270500.0,74.77999877929688,74.3499984741211,68.66024017333984
01-05-2014,73.8499984741211,74.52999877929688,197100.0,75.22000122070312,74.48999786376953,68.78954315185547
02-05-2014,73.94000244140625,74.56999969482422,247500.0,75.13999938964844,74.61000061035156,68.90033721923828
05-05-2014,73.54000091552734,74.20999908447266,165100.0,74.88999938964844,74.3499984741211,68.66024017333984
06-05-2014,74.05000305175781,74.26000213623047,179500.0,74.98999786376953,74.47000122070312,68.77106475830078
07-05-2014,73.91999816894531,74.58999633789062,216700.0,74.94000244140625,74.81999969482422,69.09426879882812
08-05-2014,74.0999984741211,74.45999908447266,336200.0,75.62000274658203,75.0999984741211,69.35285949707031
09-05-2014,74.31999969482422,74.8499984741211,241700.0,75.12000274658203,74.94000244140625,69.20509338378906
12-05-2014,74.61000061035156,74.95999908447266,180700.0,76.11000061035156,75.7699966430664,69.9715576171875
13-05-2014,75.30000305175781,75.7699966430664,152700.0,76.58999633789062,75.44999694824219,69.67606353759766
14-05-2014,74.91000366210938,75.25,117100.0,77.41000366210938,75.08000183105469,69.33438873291016
15-05-2014,73.58000183105469,74.83000183105469,118300.0,75.0,74.54000091552734,68.835693359375
16-05-2014,74.37000274658203,74.52999877929688,100300.0,75.1500015258789,75.05999755859375,69.31591796875
19-05-2014,74.91000366210938,74.93000030517578,121500.0,76.08000183105469,75.5,69.72222137451172
20-05-2014,73.94000244140625,75.33999633789062,156300.0,75.68000030517578,74.08000183105469,68.4109115600586
21-05-2014,73.9000015258789,74.5199966430664,153200.0,75.13999938964844,74.94999694824219,69.21429443359375
22-05-2014,74.76000213623047,75.0199966430664,171700.0,75.37999725341797,74.87999725341797,69.31616973876953
23-05-2014,78.0,78.0,821000.0,82.23999786376953,81.86000061035156,75.96011352539062
27-05-2014,81.91999816894531,81.91999816894531,371800.0,84.5199966430664,83.33000183105469,77.32415771484375
28-05-2014,82.1500015258789,83.41999816894531,335800.0,83.98999786376953,82.16999816894531,76.24775695800781
29-05-2014,81.70999908447266,82.81999969482422,285800.0,82.86000061035156,82.69000244140625,76.73027038574219
30-05-2014,81.54000091552734,82.48999786376953,381800.0,83.4000015258789,81.54000091552734,75.66315460205078
02-06-2014,81.02999877929688,81.9800033569336,246200.0,82.63999938964844,82.4000015258789,76.46119689941406
03-06-2014,81.3499984741211,82.44999694824219,175900.0,82.4800033569336,81.55000305175781,75.6724624633789
04-06-2014,81.31999969482422,81.68000030517578,204700.0,82.3499984741211,81.5999984741211,75.71883392333984
05-06-2014,81.16000366210938,81.79000091552734,178100.0,82.70999908447266,82.69999694824219,76.73957824707031
06-06-2014,82.9000015258789,82.94000244140625,147200.0,83.83000183105469,83.69000244140625,77.6582260131836
09-06-2014,82.55999755859375,83.7699966430664,183500.0,84.94999694824219,84.30000305175781,78.22425842285156
10-06-2014,83.51000213623047,84.31999969482422,259800.0,84.31999969482422,83.9000015258789,77.85308074951172
11-06-2014,82.66000366210938,83.66999816894531,155600.0,83.72000122070312,83.0,77.0179443359375
12-06-2014,81.94000244140625,82.8499984741211,143000.0,82.98999786376953,82.0,76.09001922607422
13-06-2014,81.62000274658203,82.19999694824219,142200.0,82.31999969482422,82.0,76.09001922607422
16-06-2014,81.18000030517578,81.80000305175781,188200.0,81.98999786376953,81.29000091552734,75.43119812011719
17-06-2014,80.98999786376953,81.44999694824219,378200.0,82.94000244140625,81.91999816894531,76.01578521728516
18-06-2014,81.86000061035156,82.73999786376953,411300.0,84.11000061035156,82.20999908447266,76.28489685058594
19-06-2014,81.4800033569336,82.05999755859375,232500.0,82.31999969482422,81.88999938964844,75.98793029785156
20-06-2014,79.5,81.75,786800.0,82.29000091552734,79.91000366210938,74.1506576538086
23-06-2014,79.94999694824219,80.16000366210938,223100.0,81.58000183105469,80.87000274658203,75.0414810180664
24-06-2014,79.51000213623047,80.62000274658203,294800.0,81.0,79.76000213623047,74.0114517211914
25-06-2014,79.16000366210938,79.66000366210938,309000.0,80.19999694824219,79.45999908447266,73.73308563232422
26-06-2014,78.27999877929688,79.62000274658203,312400.0,79.68000030517578,79.0999984741211,73.3990249633789
27-06-2014,78.61000061035156,78.95999908447266,340400.0,79.44999694824219,79.16000366210938,73.4547119140625
30-06-2014,78.69999694824219,79.27999877929688,586700.0,80.33999633789062,80.19000244140625,74.41046142578125
01-07-2014,80.37999725341797,80.43000030517578,332200.0,81.23999786376953,80.5999984741211,74.7909164428711
02-07-2014,79.68000030517578,80.5999984741211,214500.0,81.05000305175781,80.02999877929688,74.26201629638672
03-07-2014,79.76000213623047,80.33999633789062,155700.0,80.93000030517578,80.68000030517578,74.86516571044922
07-07-2014,78.8499984741211,80.0199966430664,206800.0,80.4800033569336,79.01000213623047,73.31551361083984
08-07-2014,78.16999816894531,79.05999755859375,212600.0,79.41999816894531,78.61000061035156,72.9443588256836
09-07-2014,77.88999938964844,78.91000366210938,157500.0,79.02999877929688,78.30999755859375,72.66596984863281
10-07-2014,76.58999633789062,77.4000015258789,182400.0,77.56999969482422,77.0999984741211,71.54315185546875
11-07-2014,76.7300033569336,77.2300033569336,149600.0,77.56999969482422,77.05999755859375,71.50605010986328
14-07-2014,78.41000366210938,78.52999877929688,239200.0,79.83999633789062,78.5199966430664,72.86083221435547
15-07-2014,77.58999633789062,78.66999816894531,181200.0,78.81999969482422,77.79000091552734,72.1834487915039
16-07-2014,77.19000244140625,78.08999633789062,260600.0,78.4800033569336,78.02999877929688,72.40615844726562
17-07-2014,76.87000274658203,77.68000030517578,296400.0,77.9800033569336,77.3499984741211,71.77515411376953
18-07-2014,77.55000305175781,77.6500015258789,436300.0,78.77999877929688,78.70999908447266,73.0371322631836
21-07-2014,77.12999725341797,78.41000366210938,185600.0,78.97000122070312,78.36000061035156,72.71234893798828
22-07-2014,78.44999694824219,78.7699966430664,169200.0,79.7699966430664,78.83999633789062,73.15775299072266
23-07-2014,77.91999816894531,79.16999816894531,211300.0,79.16999816894531,78.31999969482422,72.67523956298828
24-07-2014,77.76000213623047,78.55999755859375,142300.0,79.01000213623047,78.37000274658203,72.72164154052734
25-07-2014,77.75,78.23999786376953,192300.0,78.7300033569336,78.20999908447266,72.57317352294922
28-07-2014,77.16000366210938,78.30000305175781,163900.0,78.30000305175781,77.88999938964844,72.2762451171875
29-07-2014,77.19999694824219,77.9000015258789,198400.0,78.5,77.20999908447266,71.64523315429688
30-07-2014,76.55999755859375,77.58000183105469,197700.0,78.12999725341797,77.16999816894531,71.60813903808594
31-07-2014,75.0999984741211,76.69000244140625,227700.0,77.18000030517578,75.16999816894531,69.75228118896484
01-08-2014,73.45999908447266,75.04000091552734,307600.0,75.33999633789062,74.5,69.13056182861328
04-08-2014,74.08999633789062,74.7300033569336,172000.0,75.12999725341797,75.0,69.59454345703125
05-08-2014,74.26000213623047,74.5999984741211,160100.0,75.27999877929688,74.86000061035156,69.46461486816406
06-08-2014,73.72000122070312,74.4000015258789,154000.0,75.18000030517578,74.27999877929688,68.92642211914062
07-08-2014,74.38999938964844,74.62999725341797,172500.0,75.18000030517578,74.5,69.13056182861328
08-08-2014,74.2300033569336,74.62000274658203,147700.0,75.91000366210938,75.9000015258789,70.4296646118164
11-08-2014,75.87999725341797,75.87999725341797,177500.0,76.8499984741211,76.48999786376953,70.97713470458984
12-08-2014,75.94999694824219,76.16000366210938,102700.0,76.94999694824219,76.37999725341797,70.87506866455078
13-08-2014,76.38999938964844,76.55999755859375,177400.0,77.93000030517578,77.27999877929688,71.71021270751953
14-08-2014,76.91000366210938,77.41000366210938,118300.0,77.9800033569336,77.87999725341797,72.26695251464844
15-08-2014,76.81999969482422,78.0,196200.0,78.30999755859375,77.95999908447266,72.3412094116211
18-08-2014,78.0,78.38999938964844,162700.0,79.6500015258789,79.58999633789062,73.85372161865234
19-08-2014,79.2699966430664,79.72000122070312,133900.0,80.06999969482422,79.63999938964844,73.9001235961914
20-08-2014,79.04000091552734,79.4000015258789,178600.0,79.80999755859375,79.7300033569336,73.98362731933594
21-08-2014,79.05000305175781,79.75,196400.0,80.16999816894531,79.80000305175781,74.04859161376953
22-08-2014,78.76000213623047,81.76000213623047,347500.0,81.94000244140625,80.36000061035156,74.77436065673828
25-08-2014,80.19000244140625,80.8499984741211,351000.0,81.87000274658203,81.13999938964844,75.5001449584961
26-08-2014,80.73999786376953,81.29000091552734,185500.0,81.55999755859375,81.33999633789062,75.68624114990234
27-08-2014,80.54000091552734,81.48999786376953,107800.0,81.48999786376953,80.83999633789062,75.22100067138672
28-08-2014,80.01000213623047,80.73999786376953,125400.0,81.11000061035156,80.7300033569336,75.11865234375
29-08-2014,80.5,81.0,201300.0,81.1500015258789,81.05999755859375,75.42568969726562
02-09-2014,80.91000366210938,81.19999694824219,338900.0,82.5999984741211,81.33999633789062,75.68624114990234
03-09-2014,80.77999877929688,81.77999877929688,158200.0,81.77999877929688,81.22000122070312,75.57457733154297
04-09-2014,81.02999877929688,81.51000213623047,255500.0,82.0,81.5,75.83512878417969
05-09-2014,80.55999755859375,81.23999786376953,179200.0,81.63999938964844,81.2300033569336,75.5838851928711
08-09-2014,80.36000061035156,80.87000274658203,196200.0,81.26000213623047,80.91999816894531,75.29541778564453
09-09-2014,80.25,80.87000274658203,171100.0,81.0999984741211,80.41000366210938,74.82089233398438
10-09-2014,79.36000061035156,80.51000213623047,197000.0,80.7300033569336,80.30999755859375,74.72785186767578
11-09-2014,79.55999755859375,79.91999816894531,226000.0,80.16999816894531,79.87999725341797,74.32772827148438
12-09-2014,79.19999694824219,79.70999908447266,131000.0,79.94999694824219,79.3499984741211,73.8345718383789
15-09-2014,78.8499984741211,79.45999908447266,153300.0,79.45999908447266,79.2300033569336,73.72289276123047
16-09-2014,78.72000122070312,79.11000061035156,273700.0,79.69999694824219,79.3499984741211,73.8345718383789
17-09-2014,78.70999908447266,79.45999908447266,123000.0,79.73999786376953,78.95999908447266,73.4716567993164
18-09-2014,78.80000305175781,79.30000305175781,135600.0,79.86000061035156,79.37999725341797,73.86248016357422
19-09-2014,78.0199966430664,79.44999694824219,432800.0,79.79000091552734,78.45999908447266,73.00641632080078
22-09-2014,76.55999755859375,78.43000030517578,313500.0,78.43000030517578,76.83999633789062,71.49901580810547
23-09-2014,75.81999969482422,76.44000244140625,256500.0,77.18000030517578,76.25,70.95002746582031
24-09-2014,75.91999816894531,76.5199966430664,195200.0,77.12000274658203,76.56999969482422,71.24779510498047
25-09-2014,75.48999786376953,76.22000122070312,175000.0,76.72000122070312,75.62999725341797,70.37313079833984
26-09-2014,75.37000274658203,75.68000030517578,212700.0,76.94999694824219,76.55000305175781,71.22917938232422
29-09-2014,75.58999633789062,75.58999633789062,224000.0,76.98999786376953,76.86000061035156,71.51763916015625
30-09-2014,76.05000305175781,76.80999755859375,292500.0,77.2699966430664,76.06999969482422,70.78254699707031
01-10-2014,74.37000274658203,75.7699966430664,421400.0,76.47000122070312,74.63999938964844,69.45195770263672
02-10-2014,73.51000213623047,74.3499984741211,162400.0,74.81999969482422,74.0999984741211,68.94947052001953
03-10-2014,74.12999725341797,74.6500015258789,229900.0,74.9800033569336,74.18000030517578,69.02391815185547
06-10-2014,73.91000366210938,74.55999755859375,301200.0,75.20999908447266,74.75,69.55429077148438
07-10-2014,73.06999969482422,74.12000274658203,183100.0,74.4000015258789,73.11000061035156,68.02828979492188
08-10-2014,72.48999786376953,73.0199966430664,194800.0,74.38999938964844,74.29000091552734,69.12625885009766
09-10-2014,71.66000366210938,73.98999786376953,286200.0,74.22000122070312,71.88999938964844,66.8930892944336
10-10-2014,67.97000122070312,70.19999694824219,523100.0,70.70999908447266,69.7300033569336,64.88323974609375
13-10-2014,67.63999938964844,69.52999877929688,465400.0,69.98999786376953,67.75,63.04085159301758
14-10-2014,67.80999755859375,67.94000244140625,486900.0,70.12999725341797,69.62999725341797,64.79017639160156
15-10-2014,66.7699966430664,68.43000030517578,559900.0,68.91999816894531,68.41000366210938,63.65499496459961
16-10-2014,66.80000305175781,66.87999725341797,538100.0,69.7699966430664,69.61000061035156,64.77157592773438
17-10-2014,69.37999725341797,70.4800033569336,1052700.0,71.38999938964844,70.12000274658203,65.24610900878906
20-10-2014,69.51000213623047,69.77999877929688,250200.0,70.6500015258789,70.38999938964844,65.49736022949219
21-10-2014,70.12999725341797,70.79000091552734,276200.0,72.23999786376953,72.18000030517578,67.16293334960938
22-10-2014,71.2300033569336,72.48999786376953,157400.0,72.79000091552734,71.3499984741211,66.39061737060547
23-10-2014,72.29000091552734,72.33000183105469,182000.0,73.87000274658203,73.37000274658203,68.27022552490234
24-10-2014,73.11000061035156,73.4000015258789,177100.0,73.97000122070312,73.94999694824219,68.80990600585938
27-10-2014,72.98999786376953,73.41999816894531,170000.0,73.94999694824219,73.6500015258789,68.53076934814453
28-10-2014,73.98999786376953,74.2300033569336,175500.0,75.51000213623047,75.37000274658203,70.13121032714844
29-10-2014,74.93000030517578,75.51000213623047,209200.0,75.98999786376953,75.2300033569336,70.00094604492188
30-10-2014,74.3499984741211,75.19000244140625,192000.0,75.83999633789062,75.58999633789062,70.33590698242188
31-10-2014,75.80999755859375,76.26000213623047,269400.0,76.7300033569336,76.55000305175781,71.22917938232422
03-11-2014,75.93000030517578,76.83999633789062,246400.0,77.16999816894531,76.19000244140625,70.89421081542969
04-11-2014,75.3499984741211,76.12000274658203,196800.0,76.30999755859375,75.4000015258789,70.15913391113281
05-11-2014,75.5999984741211,76.13999938964844,171900.0,76.98999786376953,76.11000061035156,70.81977081298828
06-11-2014,76.2699966430664,76.2699966430664,187200.0,77.45999908447266,77.18000030517578,71.81538391113281
07-11-2014,77.16000366210938,77.33000183105469,218500.0,77.97000122070312,77.63999938964844,72.243408203125
10-11-2014,77.66000366210938,77.83000183105469,163500.0,78.47000122070312,77.88999938964844,72.47604370117188
11-11-2014,77.2699966430664,77.7300033569336,223700.0,78.55000305175781,78.19999694824219,72.7645034790039
12-11-2014,77.58999633789062,77.58999633789062,199800.0,79.06999969482422,78.56999969482422,73.10877990722656
13-11-2014,77.66999816894531,78.51000213623047,149900.0,78.68000030517578,77.9800033569336,72.55978393554688
14-11-2014,77.66000366210938,77.86000061035156,140100.0,78.5999984741211,77.98999786376953,72.56909942626953
17-11-2014,77.26000213623047,77.97000122070312,219400.0,78.41000366210938,78.0199966430664,72.5970230102539
18-11-2014,78.16999816894531,78.16999816894531,249500.0,79.62999725341797,78.44999694824219,72.99712371826172
19-11-2014,77.0,78.16999816894531,174600.0,78.16999816894531,77.66000366210938,72.2620620727539
20-11-2014,76.69000244140625,77.11000061035156,322600.0,78.31999969482422,77.08999633789062,71.73165130615234
21-11-2014,77.81999969482422,77.98999786376953,250900.0,79.93000030517578,79.51000213623047,73.98344421386719
24-11-2014,79.58000183105469,79.6500015258789,197000.0,80.16999816894531,79.66000366210938,74.12301635742188
25-11-2014,79.11000061035156,79.5199966430664,126300.0,80.20999908447266,79.70999908447266,74.16957092285156
26-11-2014,78.94000244140625,79.66999816894531,117900.0,79.91999816894531,79.23999786376953,73.73220825195312
28-11-2014,77.91000366210938,79.05999755859375,99900.0,79.08000183105469,78.1500015258789,72.71797943115234
01-12-2014,76.91000366210938,77.63999938964844,188400.0,78.73999786376953,77.22000122070312,71.85262298583984
02-12-2014,77.5999984741211,77.80999755859375,195200.0,78.94999694824219,78.3499984741211,72.9040756225586
03-12-2014,78.56999969482422,78.58999633789062,406500.0,79.22000122070312,79.01000213623047,73.5182113647461
04-12-2014,77.98999786376953,78.68000030517578,184700.0,78.87000274658203,78.52999877929688,73.0715560913086
05-12-2014,78.20999908447266,78.5199966430664,142000.0,78.98999786376953,78.87999725341797,73.39722442626953
08-12-2014,76.86000061035156,78.43000030517578,215600.0,79.36000061035156,77.29000091552734,71.91776275634766
09-12-2014,75.58000183105469,76.43000030517578,230300.0,77.0999984741211,76.97000122070312,71.62000274658203
10-12-2014,75.16000366210938,76.62000274658203,175400.0,77.01000213623047,75.26000213623047,70.02885437011719
11-12-2014,75.16000366210938,75.5199966430664,288900.0,77.02999877929688,76.44999694824219,71.1361312866211
12-12-2014,74.52999877929688,75.91000366210938,404700.0,77.48999786376953,76.98999786376953,71.63858795166016
15-12-2014,75.08000183105469,77.52999877929688,313100.0,77.52999877929688,75.19000244140625,69.9637222290039
16-12-2014,74.01000213623047,74.83000183105469,288600.0,75.75,74.58000183105469,69.39611053466797
17-12-2014,73.69999694824219,74.58000183105469,196100.0,76.1500015258789,75.88999938964844,70.82398223876953
18-12-2014,76.7699966430664,77.47000122070312,207100.0,78.11000061035156,77.87999725341797,72.68114471435547
19-12-2014,77.31999969482422,77.91000366210938,468900.0,78.68000030517578,77.73999786376953,72.55046844482422
22-12-2014,77.55999755859375,77.98999786376953,176400.0,78.7699966430664,78.44999694824219,73.21308135986328
23-12-2014,78.72000122070312,78.97000122070312,229100.0,79.4000015258789,78.80000305175781,73.53971099853516
24-12-2014,78.44000244140625,78.80000305175781,92900.0,79.77999877929688,79.25,73.95967102050781
26-12-2014,79.47000122070312,79.58999633789062,144500.0,80.41999816894531,79.48999786376953,74.18365478515625
29-12-2014,79.0,79.3499984741211,102500.0,80.4000015258789,79.72000122070312,74.39830017089844
30-12-2014,78.58999633789062,79.55000305175781,124600.0,79.58999633789062,78.95999908447266,73.68903350830078
31-12-2014,77.93000030517578,79.08999633789062,162300.0,79.69000244140625,77.95999908447266,72.75579833984375
02-01-2015,76.76000213623047,78.06999969482422,169100.0,78.66000366210938,78.25,73.02643585205078
05-01-2015,75.6500015258789,78.08999633789062,268400.0,78.0999984741211,75.69999694824219,70.64664459228516
06-01-2015,74.33000183105469,76.0,257600.0,76.36000061035156,74.70999908447266,69.72274780273438
07-01-2015,73.75,75.2699966430664,358700.0,75.94000244140625,73.93000030517578,68.99481964111328
08-01-2015,74.25,74.5199966430664,286900.0,76.0,75.33000183105469,70.30138397216797
09-01-2015,73.95999908447266,75.58000183105469,226300.0,75.73999786376953,74.16999816894531,69.21878051757812
12-01-2015,72.97000122070312,74.26000213623047,375600.0,74.26000213623047,73.36000061035156,68.4628677368164
13-01-2015,72.44000244140625,73.87999725341797,349800.0,74.97000122070312,73.52999877929688,68.62149810791016
14-01-2015,72.5,72.51000213623047,182900.0,73.6500015258789,73.25,68.36022186279297
15-01-2015,72.06999969482422,73.36000061035156,229100.0,73.95999908447266,72.19000244140625,67.3709716796875
16-01-2015,71.58000183105469,72.02999877929688,286200.0,72.91999816894531,72.52999877929688,67.68826293945312
20-01-2015,71.88999938964844,72.66000366210938,259100.0,73.36000061035156,72.20999908447266,67.3896255493164
21-01-2015,71.81999969482422,72.0,355100.0,73.11000061035156,72.76000213623047,67.9029312133789
22-01-2015,72.05999755859375,73.08000183105469,347700.0,73.72000122070312,73.01000213623047,68.13623809814453
23-01-2015,72.2300033569336,72.86000061035156,263300.0,73.48999786376953,72.5,67.66026306152344
26-01-2015,71.94000244140625,72.18000030517578,297100.0,73.76000213623047,73.52999877929688,68.62149810791016
27-01-2015,72.62000274658203,72.62000274658203,271900.0,73.94999694824219,73.38999938964844,68.49085235595703
28-01-2015,72.41999816894531,73.69000244140625,150300.0,74.47000122070312,72.51000213623047,67.66961669921875
29-01-2015,72.0199966430664,72.55000305175781,248900.0,73.83999633789062,73.68000030517578,68.76151275634766
30-01-2015,72.6500015258789,73.18000030517578,390900.0,74.19999694824219,72.86000061035156,67.9962387084961
02-02-2015,72.0999984741211,73.02999877929688,342500.0,73.62000274658203,73.45999908447266,68.5561752319336
03-02-2015,73.38999938964844,73.73999786376953,616800.0,75.41000366210938,75.30999755859375,70.28268432617188
04-02-2015,74.33000183105469,75.12999725341797,189400.0,75.44999694824219,74.43000030517578,69.4614486694336
05-02-2015,74.80999755859375,75.01000213623047,193800.0,75.55999755859375,75.36000061035156,70.32936096191406
06-02-2015,74.93000030517578,76.12000274658203,207300.0,76.18000030517578,75.75,70.69332122802734
09-02-2015,75.08999633789062,75.22000122070312,115100.0,76.13999938964844,75.69999694824219,70.64664459228516
10-02-2015,75.0,76.31999969482422,160300.0,76.31999969482422,75.72000122070312,70.66532897949219
11-02-2015,75.22000122070312,75.68000030517578,102500.0,76.33999633789062,76.0999984741211,71.01997375488281
12-02-2015,75.94000244140625,76.05000305175781,188200.0,76.75,76.66999816894531,71.55193328857422
13-02-2015,76.61000061035156,76.61000061035156,163100.0,78.36000061035156,78.04000091552734,72.83045959472656
17-02-2015,77.27999877929688,77.83000183105469,133400.0,78.33000183105469,77.68000030517578,72.4944839477539
18-02-2015,77.33999633789062,77.33999633789062,153200.0,78.83000183105469,78.26000213623047,73.03578186035156
19-02-2015,77.61000061035156,77.87000274658203,143400.0,78.56999969482422,78.29000091552734,73.06376647949219
20-02-2015,77.5,78.0199966430664,138200.0,78.51000213623047,78.45999908447266,73.42877197265625
23-02-2015,77.52999877929688,78.37999725341797,221300.0,78.61000061035156,78.5999984741211,73.5597915649414
24-02-2015,77.83000183105469,78.62999725341797,411500.0,79.12999725341797,78.41000366210938,73.3819808959961
25-02-2015,77.41999816894531,77.72000122070312,552300.0,80.5,78.5999984741211,73.5597915649414
26-02-2015,77.08999633789062,78.37999725341797,290800.0,78.62000274658203,77.55000305175781,72.57711029052734
27-02-2015,76.66999816894531,76.94000244140625,170100.0,77.4800033569336,76.93000030517578,71.99687957763672
02-03-2015,76.95999908447266,76.97000122070312,172100.0,77.94000244140625,77.91999816894531,72.92338562011719
03-03-2015,77.30000305175781,77.94000244140625,151300.0,78.33999633789062,77.44999694824219,72.4835205078125
04-03-2015,76.1500015258789,77.02999877929688,120500.0,77.69000244140625,76.43000030517578,71.52893829345703
05-03-2015,75.9000015258789,76.55999755859375,155800.0,76.9800033569336,76.5,71.59443664550781
06-03-2015,75.06999969482422,76.1500015258789,177300.0,76.61000061035156,75.41000366210938,70.57433319091797
09-03-2015,75.26000213623047,75.56999969482422,175200.0,76.12000274658203,75.31999969482422,70.49010467529297
10-03-2015,73.68000030517578,74.51000213623047,228300.0,75.83000183105469,73.69999694824219,68.97399139404297
11-03-2015,72.93000030517578,73.33000183105469,347300.0,73.95999908447266,73.80000305175781,69.06757354736328
12-03-2015,74.37000274658203,74.41999816894531,241800.0,75.87000274658203,75.58000183105469,70.73343658447266
13-03-2015,74.68000030517578,75.55999755859375,273700.0,75.97000122070312,75.27999877929688,70.45266723632812
16-03-2015,74.87000274658203,75.88999938964844,234900.0,76.94000244140625,76.80000305175781,71.87520599365234
17-03-2015,76.44000244140625,76.83999633789062,379700.0,77.87999725341797,77.7699966430664,72.78300476074219
18-03-2015,77.0999984741211,77.30000305175781,271500.0,79.4000015258789,79.01000213623047,73.9435043334961
19-03-2015,77.83999633789062,78.87000274658203,176300.0,79.0,78.12999725341797,73.11991119384766
20-03-2015,78.19999694824219,78.55000305175781,410900.0,79.0999984741211,78.26000213623047,73.2416000366211
23-03-2015,77.80000305175781,78.38999938964844,163300.0,78.93000030517578,77.87999725341797,72.8859634399414
24-03-2015,77.01000213623047,77.87999725341797,173000.0,78.0199966430664,77.16999816894531,72.22150421142578
25-03-2015,76.3499984741211,77.45999908447266,125700.0,77.93000030517578,76.44999694824219,71.54766082763672
26-03-2015,75.62999725341797,76.0,167900.0,76.81999969482422,76.43000030517578,71.52893829345703
27-03-2015,76.2300033569336,76.56999969482422,242600.0,77.83000183105469,77.41999816894531,72.4554672241211
30-03-2015,77.91000366210938,77.91999816894531,158700.0,78.69999694824219,78.5199966430664,73.48490142822266
31-03-2015,77.63999938964844,77.91000366210938,155500.0,78.4000015258789,78.33999633789062,73.31647491455078
01-04-2015,76.52999877929688,78.27999877929688,254600.0,78.4800033569336,76.72000122070312,71.80033874511719
02-04-2015,76.37000274658203,76.87000274658203,198600.0,77.56999969482422,77.23999786376953,72.28697967529297
06-04-2015,76.9000015258789,76.94000244140625,276700.0,79.01000213623047,78.77999877929688,73.72823333740234
07-04-2015,78.31999969482422,79.0,223600.0,79.0,78.43000030517578,73.40068054199219
08-04-2015,77.87000274658203,78.3499984741211,189800.0,78.93000030517578,78.6500015258789,73.6065673828125
09-04-2015,77.9800033569336,78.33999633789062,127500.0,78.81999969482422,78.68000030517578,73.6346664428711
10-04-2015,78.5,78.62999725341797,152600.0,79.5199966430664,78.80000305175781,73.74695587158203
13-04-2015,78.30000305175781,78.55999755859375,185600.0,79.48999786376953,78.30000305175781,73.27902221679688
14-04-2015,77.87000274658203,78.36000061035156,247600.0,79.05999755859375,78.83000183105469,73.77503967285156
15-04-2015,79.0,79.16000366210938,171000.0,79.98999786376953,79.26000213623047,74.17743682861328
16-04-2015,78.69999694824219,79.0999984741211,164100.0,79.41999816894531,79.01000213623047,73.9435043334961
17-04-2015,78.30999755859375,78.62000274658203,359300.0,79.20999908447266,79.0,73.93413543701172
20-04-2015,79.33999633789062,79.33999633789062,126900.0,80.33999633789062,79.83999633789062,74.72027587890625
21-04-2015,79.19000244140625,80.0,157400.0,80.25,79.58999633789062,74.4863052368164
22-04-2015,78.83999633789062,79.5999984741211,116600.0,80.47000122070312,80.38999938964844,75.2350082397461
23-04-2015,79.98999786376953,80.0,263300.0,81.05000305175781,80.08000183105469,74.94487762451172
24-04-2015,79.36000061035156,80.16999816894531,190900.0,80.47000122070312,79.68000030517578,74.57054138183594
27-04-2015,79.38999938964844,79.9800033569336,226600.0,80.37000274658203,79.94000244140625,74.81385040283203
28-04-2015,79.4000015258789,80.0999984741211,131600.0,80.16999816894531,80.01000213623047,74.87940216064453
29-04-2015,79.11000061035156,79.55000305175781,216700.0,80.55999755859375,80.45999908447266,75.3005142211914
30-04-2015,79.16999816894531,79.83000183105469,446800.0,80.33999633789062,79.6500015258789,74.54247283935547
01-05-2015,79.91000366210938,80.16000366210938,267100.0,80.9800033569336,80.68000030517578,75.50640869140625
04-05-2015,80.56999969482422,80.68000030517578,262200.0,81.9800033569336,81.62999725341797,76.3954849243164
05-05-2015,80.5199966430664,81.0199966430664,245700.0,82.12999725341797,80.83999633789062,75.65613555908203
06-05-2015,80.4000015258789,81.16999816894531,244700.0,81.16999816894531,80.86000061035156,75.67487335205078
07-05-2015,80.45999908447266,80.9800033569336,143400.0,81.16999816894531,81.1500015258789,75.94625091552734
08-05-2015,81.2300033569336,81.44999694824219,170700.0,82.05999755859375,81.69000244140625,76.45166015625
11-05-2015,81.26000213623047,81.44999694824219,136600.0,82.06999969482422,81.91000366210938,76.65754699707031
12-05-2015,81.0,81.41000366210938,563200.0,82.11000061035156,82.0,76.74176025390625
13-05-2015,81.70999908447266,82.0,402300.0,82.3499984741211,81.91000366210938,76.65754699707031
14-05-2015,81.88999938964844,82.25,334000.0,83.38999938964844,83.05999755859375,77.73379516601562
15-05-2015,82.62000274658203,83.29000091552734,197700.0,83.5,83.12000274658203,77.7899398803711
18-05-2015,82.86000061035156,83.13999938964844,232600.0,84.02999877929688,83.97000122070312,78.58541870117188
19-05-2015,83.11000061035156,83.5,344500.0,84.44999694824219,83.55000305175781,78.1923599243164
20-05-2015,79.26000213623047,82.19000244140625,919400.0,83.2300033569336,82.79000091552734,77.48111724853516
21-05-2015,82.0999984741211,82.30999755859375,254100.0,83.30000305175781,82.9000015258789,77.790771484375
22-05-2015,82.7300033569336,82.7300033569336,359200.0,83.47000122070312,82.98999786376953,77.87521362304688
26-05-2015,81.87000274658203,82.88999938964844,256300.0,83.30000305175781,82.0999984741211,77.04008483886719
27-05-2015,81.98999786376953,82.33999633789062,152700.0,82.75,82.51000213623047,77.4248046875
28-05-2015,81.76000213623047,82.56999969482422,211400.0,83.30999755859375,82.68000030517578,77.58432006835938
29-05-2015,80.83999633789062,82.37000274658203,186300.0,82.91000366210938,80.91000366210938,75.92340850830078
01-06-2015,80.3499984741211,80.95999908447266,139200.0,81.58000183105469,81.0,76.00786590576172
02-06-2015,80.3499984741211,80.69999694824219,124800.0,81.76000213623047,81.18000030517578,76.1767578125
03-06-2015,81.12999725341797,81.33000183105469,179300.0,82.81999969482422,81.97000122070312,76.9180679321289
04-06-2015,81.1500015258789,81.36000061035156,186300.0,81.9800033569336,81.58999633789062,76.56149291992188
05-06-2015,81.08999633789062,81.30999755859375,162800.0,82.19999694824219,82.11000061035156,77.04944610595703
08-06-2015,80.9800033569336,82.05999755859375,128500.0,82.05999755859375,81.0999984741211,76.1017074584961
09-06-2015,80.80000305175781,80.9800033569336,108900.0,81.70999908447266,81.27999877929688,76.27061462402344
10-06-2015,81.45999908447266,81.72000122070312,155400.0,82.62000274658203,82.1500015258789,77.08697509765625
11-06-2015,81.7300033569336,82.47000122070312,170300.0,82.47000122070312,82.2300033569336,77.16205596923828
12-06-2015,81.26000213623047,82.02999877929688,130100.0,82.20999908447266,81.38999938964844,76.37382507324219
15-06-2015,79.61000061035156,80.75,149300.0,81.08000183105469,80.54000091552734,75.57620239257812
16-06-2015,80.33000183105469,80.62000274658203,197100.0,80.94999694824219,80.47000122070312,75.5105209350586
17-06-2015,79.52999877929688,80.81999969482422,192700.0,80.93000030517578,80.36000061035156,75.40731811523438
18-06-2015,79.91000366210938,80.44999694824219,310500.0,80.86000061035156,80.37000274658203,75.41670227050781
19-06-2015,79.86000061035156,80.56999969482422,495200.0,80.56999969482422,80.26000213623047,75.3134765625
22-06-2015,80.45999908447266,80.75,145400.0,81.0199966430664,80.69999694824219,75.72634887695312
23-06-2015,79.80000305175781,80.66000366210938,215000.0,80.83000183105469,80.08999633789062,75.15393829345703
24-06-2015,79.5999984741211,80.08000183105469,132000.0,80.4800033569336,79.69999694824219,74.78799438476562
25-06-2015,79.33000183105469,79.87000274658203,139300.0,81.26000213623047,79.52999877929688,74.62846374511719
26-06-2015,79.4000015258789,79.72000122070312,389000.0,80.1500015258789,80.08999633789062,75.15393829345703
29-06-2015,78.05999755859375,79.26000213623047,136400.0,79.5199966430664,78.12999725341797,73.3147201538086
30-06-2015,77.80000305175781,78.62999725341797,215600.0,79.13999938964844,77.88999938964844,73.08951568603516
01-07-2015,77.73999786376953,78.41000366210938,174300.0,78.87000274658203,78.08000183105469,73.26785278320312
02-07-2015,77.54000091552734,78.12000274658203,141200.0,78.4000015258789,77.72000122070312,72.93000030517578
06-07-2015,76.91999816894531,77.45999908447266,122800.0,77.9800033569336,77.41000366210938,72.63912200927734
07-07-2015,75.97000122070312,77.44999694824219,158200.0,77.51000213623047,77.43000030517578,72.6578598022461
08-07-2015,75.51000213623047,76.73999786376953,331000.0,77.43000030517578,76.25,71.55060577392578
09-07-2015,75.58999633789062,77.18000030517578,241500.0,77.38999938964844,75.63999938964844,70.97822570800781
10-07-2015,75.61000061035156,76.23999786376953,159300.0,76.72000122070312,75.9000015258789,71.22219848632812
13-07-2015,76.0199966430664,76.44000244140625,218800.0,77.23999786376953,76.8499984741211,72.1136245727539
14-07-2015,76.77999877929688,76.91000366210938,182100.0,77.5,77.33999633789062,72.57343292236328
15-07-2015,75.94999694824219,77.22000122070312,181800.0,77.93000030517578,76.04000091552734,71.35356140136719
16-07-2015,75.0199966430664,76.55999755859375,262200.0,76.97000122070312,75.30000305175781,70.6591796875
17-07-2015,74.08000183105469,75.51000213623047,303300.0,75.79000091552734,75.13999938964844,70.50902557373047
20-07-2015,74.7300033569336,75.30999755859375,149100.0,75.69000244140625,74.76000213623047,70.1524429321289
21-07-2015,74.0999984741211,74.5999984741211,132800.0,75.0199966430664,74.30000305175781,69.72078704833984
22-07-2015,73.36000061035156,74.16000366210938,225200.0,74.68000030517578,73.38999938964844,68.86687469482422
23-07-2015,73.19000244140625,73.63999938964844,227200.0,74.11000061035156,73.70999908447266,69.16716766357422
24-07-2015,72.4800033569336,73.55999755859375,176300.0,73.87000274658203,72.62000274658203,68.14435577392578
27-07-2015,71.75,72.33999633789062,158400.0,72.97000122070312,72.29000091552734,67.83466339111328
28-07-2015,71.98999786376953,72.52999877929688,203600.0,73.52999877929688,73.29000091552734,68.7730484008789
29-07-2015,73.08000183105469,73.12000274658203,171000.0,74.45999908447266,74.41999816894531,69.8333969116211
30-07-2015,73.75,74.0999984741211,149900.0,74.83000183105469,74.47000122070312,69.88031005859375
31-07-2015,74.0,74.80999755859375,262200.0,74.91000366210938,74.11000061035156,69.54251861572266
03-08-2015,73.23999786376953,74.19999694824219,148900.0,74.44999694824219,73.83000183105469,69.27975463867188
04-08-2015,73.1500015258789,73.83000183105469,124000.0,74.41000366210938,73.5199966430664,68.98886108398438
05-08-2015,73.66999816894531,73.91999816894531,193500.0,74.75,74.08999633789062,69.52373504638672
06-08-2015,73.72000122070312,74.16999816894531,129500.0,74.98999786376953,74.05000305175781,69.4862060546875
07-08-2015,73.41000366210938,73.91000366210938,135700.0,74.2699966430664,74.12999725341797,69.561279296875
10-08-2015,74.54000091552734,74.54000091552734,165100.0,75.94999694824219,75.5999984741211,70.94065856933594
11-08-2015,73.98999786376953,74.80000305175781,170600.0,75.33999633789062,74.30000305175781,69.72078704833984
12-08-2015,72.97000122070312,73.4800033569336,186900.0,74.55999755859375,74.36000061035156,69.77708435058594
13-08-2015,73.4800033569336,74.33000183105469,190400.0,74.37999725341797,74.0999984741211,69.53314208984375
14-08-2015,73.61000061035156,73.98999786376953,239800.0,74.20999908447266,74.11000061035156,69.54251861572266
17-08-2015,73.29000091552734,73.93000030517578,382400.0,74.3499984741211,74.31999969482422,69.73957824707031
18-08-2015,73.79000091552734,74.06999969482422,249600.0,75.75,73.91000366210938,69.35485076904297
19-08-2015,72.52999877929688,73.44999694824219,386500.0,73.83999633789062,73.2699966430664,68.75428009033203
20-08-2015,70.95999908447266,72.58999633789062,424400.0,73.0,71.1500015258789,66.76493072509766
21-08-2015,62.349998474121094,67.13999938964844,1418500.0,68.0,62.439998626708984,58.79004669189453
24-08-2015,58.52000045776367,58.959999084472656,1034800.0,65.33999633789062,63.040000915527344,59.354976654052734
25-08-2015,62.869998931884766,65.5,456800.0,65.51000213623047,63.0099983215332,59.326717376708984
26-08-2015,62.349998474121094,64.19999694824219,500600.0,64.31999969482422,64.04000091552734,60.2965202331543
27-08-2015,64.30999755859375,64.97000122070312,386500.0,66.54000091552734,66.2699966430664,62.396156311035156
28-08-2015,65.62000274658203,66.0,388700.0,66.9000015258789,66.73999786376953,62.83870315551758
31-08-2015,65.94999694824219,66.31999969482422,353400.0,67.0999984741211,66.5199966430664,62.63154602050781
01-09-2015,63.65999984741211,64.9000015258789,469900.0,65.83999633789062,63.81999969482422,60.089378356933594
02-09-2015,63.029998779296875,64.45999908447266,538100.0,64.75,64.56999969482422,60.7955436706543
03-09-2015,64.33999633789062,64.5999984741211,284700.0,65.69000244140625,65.12000274658203,61.31338882446289
04-09-2015,64.08999633789062,64.16999816894531,276800.0,65.18000030517578,64.44000244140625,60.673133850097656
08-09-2015,65.19999694824219,65.61000061035156,444400.0,66.08000183105469,65.88999938964844,62.03837966918945
09-09-2015,65.16000366210938,66.16999816894531,313700.0,66.69999694824219,65.3499984741211,61.52995300292969
10-09-2015,65.06999969482422,65.25,433800.0,66.58000183105469,66.11000061035156,62.24551773071289
11-09-2015,65.58999633789062,65.83000183105469,287300.0,66.75,66.63999938964844,62.74452590942383
14-09-2015,65.48999786376953,66.62000274658203,188700.0,66.62000274658203,65.58999633789062,61.75591278076172
15-09-2015,65.56999969482422,65.63999938964844,210800.0,66.5,66.38999938964844,62.50914001464844
16-09-2015,66.2300033569336,66.48999786376953,216700.0,67.47000122070312,67.27999877929688,63.34711456298828
17-09-2015,66.2699966430664,67.30000305175781,204000.0,67.54000091552734,66.31999969482422,62.4432487487793
18-09-2015,64.75,65.43000030517578,415100.0,65.6500015258789,65.01000213623047,61.20981979370117
21-09-2015,64.7699966430664,65.20999908447266,206100.0,66.02999877929688,64.91999816894531,61.12506866455078
22-09-2015,63.2599983215332,64.0,247100.0,64.56999969482422,63.68000030517578,59.95756530761719
23-09-2015,62.29999923706055,63.709999084472656,316900.0,63.88999938964844,62.689998626708984,59.025428771972656
24-09-2015,61.130001068115234,62.06999969482422,307900.0,62.380001068115234,61.83000183105469,58.21571350097656
25-09-2015,62.09000015258789,62.59000015258789,185100.0,63.150001525878906,62.310001373291016,58.66765213012695
28-09-2015,61.41999816894531,61.9900016784668,209100.0,62.02000045776367,61.47999954223633,57.886165618896484
29-09-2015,61.38999938964844,61.5,332000.0,62.380001068115234,61.95000076293945,58.32869338989258
30-09-2015,61.43000030517578,62.560001373291016,286800.0,63.279998779296875,62.939998626708984,59.26081085205078
01-10-2015,61.689998626708984,62.97999954223633,387700.0,63.58000183105469,62.31999969482422,58.67705535888672
02-10-2015,61.66999816894531,61.779998779296875,393600.0,64.37999725341797,64.18000030517578,60.42832946777344
05-10-2015,64.37000274658203,64.37000274658203,296800.0,66.7699966430664,66.22000122070312,62.34907913208008
06-10-2015,66.16999816894531,66.45999908447266,273700.0,67.2300033569336,66.61000061035156,62.71629333496094
07-10-2015,66.33999633789062,66.95999908447266,407200.0,68.52999877929688,67.95999908447266,63.987369537353516
08-10-2015,65.04000091552734,67.55999755859375,439500.0,69.20999908447266,69.12000274658203,65.07958221435547
09-10-2015,68.08999633789062,69.33000183105469,220900.0,69.97000122070312,69.0999984741211,65.06075286865234
12-10-2015,67.93000030517578,69.20999908447266,133800.0,69.20999908447266,68.63999938964844,64.62762451171875
13-10-2015,67.48999786376953,67.91999816894531,177500.0,68.7300033569336,67.56999969482422,63.62017822265625
14-10-2015,66.51000213623047,67.37000274658203,179000.0,67.7699966430664,67.01000213623047,63.09288787841797
15-10-2015,65.87000274658203,67.20999908447266,396300.0,67.62999725341797,67.2300033569336,63.300045013427734
16-10-2015,66.2699966430664,67.0999984741211,332600.0,67.5999984741211,66.9800033569336,63.06465530395508
19-10-2015,65.77999877929688,66.4800033569336,339400.0,67.66999816894531,67.38999938964844,63.450714111328125
20-10-2015,67.16000366210938,67.20999908447266,265800.0,68.26000213623047,67.58999633789062,63.639007568359375
21-10-2015,67.19000244140625,67.86000061035156,214100.0,68.72000122070312,67.33000183105469,63.394187927246094
22-10-2015,67.31999969482422,67.81999969482422,221700.0,69.4800033569336,69.25,65.20197296142578
23-10-2015,69.23999786376953,69.79000091552734,247300.0,70.16000366210938,69.8499984741211,65.76689910888672
26-10-2015,69.1500015258789,69.80000305175781,285200.0,70.16000366210938,69.55000305175781,65.48443603515625
27-10-2015,68.41000366210938,68.80999755859375,318300.0,69.69999694824219,69.0,64.96658325195312
28-10-2015,69.22000122070312,69.22000122070312,279200.0,70.94999694824219,70.94000244140625,66.79318237304688
29-10-2015,69.43000030517578,70.54000091552734,313600.0,71.38999938964844,70.55000305175781,66.42597198486328
30-10-2015,69.0,70.51000213623047,666000.0,71.43000030517578,71.23999786376953,67.07565307617188
02-11-2015,70.30000305175781,71.11000061035156,314700.0,72.13999938964844,72.01000213623047,67.80062866210938
03-11-2015,72.12000274658203,72.68000030517578,307900.0,73.62999725341797,72.87999725341797,68.61978912353516
04-11-2015,72.69000244140625,73.02999877929688,225000.0,73.72000122070312,72.97000122070312,68.70449829101562
05-11-2015,72.5199966430664,72.94000244140625,385500.0,73.41000366210938,73.0999984741211,68.8269271850586
06-11-2015,72.0199966430664,72.7300033569336,240600.0,73.48999786376953,73.22000122070312,68.93988800048828
09-11-2015,71.72000122070312,73.19000244140625,272300.0,74.23999786376953,72.16000366210938,67.9418716430664
10-11-2015,71.58000183105469,71.80000305175781,204500.0,72.80999755859375,72.80999755859375,68.5538558959961
11-11-2015,71.8499984741211,73.05999755859375,170500.0,73.05999755859375,71.93000030517578,67.72531127929688
12-11-2015,69.44000244140625,71.19999694824219,331700.0,71.47000122070312,69.6500015258789,65.57858276367188
13-11-2015,69.0999984741211,69.58000183105469,199200.0,70.55999755859375,69.69999694824219,65.62567138671875
16-11-2015,69.27999877929688,69.47000122070312,326400.0,70.58000183105469,70.05999755859375,65.9646224975586
17-11-2015,68.80000305175781,70.38999938964844,385000.0,70.93000030517578,69.05000305175781,65.01365661621094
18-11-2015,68.61000061035156,68.63999938964844,832400.0,69.5999984741211,69.37000274658203,65.3149642944336
19-11-2015,69.20999908447266,69.55000305175781,743800.0,70.87000274658203,70.58999633789062,66.46363830566406
20-11-2015,70.37999725341797,70.76000213623047,290900.0,71.33999633789062,70.88999938964844,66.74610137939453
23-11-2015,70.55000305175781,70.66000366210938,581300.0,71.36000061035156,70.91000366210938,66.76493072509766
24-11-2015,70.48999786376953,70.72000122070312,201300.0,71.9800033569336,71.75,67.55582427978516
25-11-2015,71.73999786376953,71.73999786376953,218700.0,72.83999633789062,72.19999694824219,67.9795150756836
27-11-2015,71.9000015258789,72.20999908447266,94200.0,73.23999786376953,72.55999755859375,68.31849670410156
30-11-2015,72.20999908447266,72.81999969482422,227700.0,73.2699966430664,72.52999877929688,68.29022979736328
01-12-2015,72.52999877929688,72.62999725341797,499400.0,73.51000213623047,73.19999694824219,68.92107391357422
02-12-2015,72.12999725341797,72.93000030517578,230500.0,73.5999984741211,72.5999984741211,68.35612487792969
03-12-2015,71.13999938964844,72.70999908447266,367100.0,73.11000061035156,71.13999938964844,66.98149108886719
04-12-2015,70.80999755859375,70.80999755859375,284800.0,72.38999938964844,72.08000183105469,67.8665542602539
07-12-2015,70.86000061035156,71.63999938964844,578500.0,72.23999786376953,72.01000213623047,67.80062866210938
08-12-2015,68.73999786376953,71.2699966430664,253900.0,71.44999694824219,69.98999786376953,65.89869689941406
09-12-2015,68.91999816894531,69.75,382400.0,70.80999755859375,69.1500015258789,65.10779571533203
10-12-2015,68.13999938964844,69.29000091552734,410900.0,69.36000061035156,68.38999938964844,64.3922348022461
11-12-2015,62.720001220703125,63.90999984741211,1153700.0,65.37999725341797,63.540000915527344,59.82574462890625
14-12-2015,62.68000030517578,63.040000915527344,489800.0,64.29000091552734,63.7400016784668,60.014060974121094
15-12-2015,62.959999084472656,64.29000091552734,587200.0,64.73999786376953,63.599998474121094,59.88222885131836
16-12-2015,63.9900016784668,64.16000366210938,395400.0,65.16999816894531,64.87000274658203,61.07801055908203
17-12-2015,64.19000244140625,65.0999984741211,596200.0,65.0999984741211,64.22000122070312,60.46600341796875
18-12-2015,63.29999923706055,63.61000061035156,860000.0,64.30999755859375,63.63999938964844,60.14467239379883
21-12-2015,63.150001525878906,63.81999969482422,267100.0,64.69000244140625,63.540000915527344,60.050167083740234
22-12-2015,63.08000183105469,63.7400016784668,279600.0,64.81999969482422,64.5199966430664,60.97632598876953
23-12-2015,64.33000183105469,65.0,233600.0,66.02999877929688,65.52999877929688,61.93086624145508
24-12-2015,65.06999969482422,65.58000183105469,79600.0,65.75,65.41999816894531,61.8268928527832
28-12-2015,64.13999938964844,65.13999938964844,322300.0,65.13999938964844,64.48999786376953,60.94797897338867
29-12-2015,64.16000366210938,64.73999786376953,275400.0,65.29000091552734,64.69999694824219,61.14645767211914
30-12-2015,64.23999786376953,64.63999938964844,230000.0,64.87999725341797,64.56999969482422,61.02359390258789
31-12-2015,63.810001373291016,64.5,594500.0,64.95999908447266,64.1500015258789,60.62665557861328
04-01-2016,62.540000915527344,63.4900016784668,341500.0,64.13999938964844,63.349998474121094,59.870601654052734
05-01-2016,62.22999954223633,63.56999969482422,313500.0,64.56999969482422,62.40999984741211,58.98222732543945
06-01-2016,60.43000030517578,61.5099983215332,455200.0,61.95000076293945,60.72999954223633,57.39450454711914
07-01-2016,58.470001220703125,60.5,751600.0,60.560001373291016,59.130001068115234,55.88237762451172
08-01-2016,57.720001220703125,59.380001068115234,685500.0,59.40999984741211,57.86000061035156,54.68212890625
11-01-2016,57.189998626708984,57.93000030517578,360400.0,58.09000015258789,57.70000076293945,54.530914306640625
12-01-2016,57.029998779296875,58.290000915527344,262300.0,58.540000915527344,57.83000183105469,54.65377426147461
13-01-2016,56.029998779296875,57.95000076293945,330600.0,59.31999969482422,56.40999984741211,53.311767578125
14-01-2016,55.7400016784668,56.599998474121094,523300.0,56.91999816894531,56.25,53.160560607910156
15-01-2016,54.709999084472656,55.099998474121094,521800.0,55.75,55.52000045776367,52.470645904541016
19-01-2016,54.40999984741211,55.849998474121094,358700.0,56.11000061035156,54.900001525878906,51.88469696044922
20-01-2016,51.88999938964844,54.0,1264700.0,54.619998931884766,53.75,50.79786682128906
21-01-2016,53.2400016784668,53.97999954223633,996300.0,56.220001220703125,55.84000015258789,52.7730827331543
22-01-2016,56.40999984741211,56.959999084472656,442000.0,58.099998474121094,57.119998931884766,53.9827766418457
25-01-2016,55.529998779296875,56.43000030517578,339900.0,57.41999816894531,55.7400016784668,52.67856979370117
26-01-2016,55.9900016784668,56.119998931884766,400500.0,58.40999984741211,58.16999816894531,54.975093841552734
27-01-2016,57.380001068115234,57.900001525878906,475900.0,60.099998474121094,58.220001220703125,55.02235412597656
28-01-2016,57.880001068115234,58.66999816894531,177700.0,59.209999084472656,58.27000045776367,55.06961441040039
29-01-2016,58.36000061035156,58.36000061035156,589900.0,60.58000183105469,60.43000030517578,57.11098098754883
01-02-2016,58.7599983215332,59.849998474121094,231500.0,60.2599983215332,59.560001373291016,56.28874588012695
02-02-2016,57.29999923706055,58.709999084472656,195300.0,58.790000915527344,57.43000030517578,54.27574157714844
03-02-2016,56.630001068115234,58.0099983215332,214400.0,58.959999084472656,58.849998474121094,55.61775588989258
04-02-2016,58.41999816894531,58.650001525878906,258400.0,61.130001068115234,59.84000015258789,56.553375244140625
05-02-2016,58.560001373291016,59.4900016784668,216300.0,60.41999816894531,58.88999938964844,55.65556335449219
08-02-2016,57.400001525878906,58.06999969482422,312700.0,58.47999954223633,58.34000015258789,55.13576889038086
09-02-2016,57.56999969482422,57.56999969482422,365700.0,59.33000183105469,59.029998779296875,55.78785705566406
10-02-2016,59.150001525878906,59.150001525878906,370500.0,60.58000183105469,59.720001220703125,56.439971923828125
11-02-2016,58.5099983215332,58.7599983215332,416300.0,60.20000076293945,59.45000076293945,56.18480682373047
12-02-2016,60.11000061035156,60.25,208300.0,61.59000015258789,61.40999984741211,58.037139892578125
16-02-2016,61.34000015258789,62.099998474121094,218200.0,62.880001068115234,62.81999969482422,59.36970901489258
17-02-2016,63.08000183105469,63.08000183105469,274700.0,64.6500015258789,64.37000274658203,60.83458709716797
18-02-2016,63.650001525878906,64.62000274658203,188700.0,64.62000274658203,64.11000061035156,60.58885955810547
19-02-2016,62.5,63.2599983215332,299800.0,64.0,63.84000015258789,60.560401916503906
22-02-2016,64.27999877929688,64.6500015258789,615400.0,65.94000244140625,64.73999786376953,61.414154052734375
23-02-2016,68.08000183105469,68.69999694824219,926000.0,71.3499984741211,69.68000030517578,66.10037994384766
24-02-2016,68.48999786376953,69.83999633789062,494000.0,70.72000122070312,70.33000183105469,66.71699523925781
25-02-2016,69.56999969482422,70.51000213623047,328000.0,70.97000122070312,70.63999938964844,67.01107788085938
26-02-2016,70.69000244140625,71.06999969482422,293400.0,71.91000366210938,71.80000305175781,68.11148071289062
29-02-2016,70.76000213623047,71.62999725341797,360600.0,72.23999786376953,71.66999816894531,67.98816680908203
01-03-2016,71.5199966430664,72.19999694824219,296900.0,73.23999786376953,73.20999908447266,69.44902801513672
02-03-2016,72.04000091552734,72.80999755859375,196900.0,73.47000122070312,73.41999816894531,69.64825439453125
03-03-2016,73.12000274658203,73.5,251700.0,74.33000183105469,74.08000183105469,70.27436065673828
04-03-2016,73.23999786376953,74.05999755859375,338000.0,75.30000305175781,74.93000030517578,71.0806884765625
07-03-2016,73.55000305175781,74.62999725341797,450000.0,75.5,75.4800033569336,71.60243225097656
08-03-2016,73.27999877929688,75.20999908447266,283700.0,75.52999877929688,73.51000213623047,69.73363494873047
09-03-2016,72.83999633789062,73.77999877929688,201400.0,73.9000015258789,73.41000366210938,69.63878631591797
10-03-2016,72.5,73.56999969482422,280600.0,74.06999969482422,73.56999969482422,69.79055786132812
11-03-2016,73.41999816894531,74.30999755859375,198200.0,74.8499984741211,74.01000213623047,70.20795440673828
14-03-2016,73.12000274658203,73.62000274658203,158900.0,74.22000122070312,73.8499984741211,70.05615997314453
15-03-2016,72.70999908447266,73.0999984741211,223800.0,74.25,73.83000183105469,70.03719329833984
16-03-2016,73.41000366210938,73.69999694824219,210600.0,75.31999969482422,75.16999816894531,71.30835723876953
17-03-2016,74.2300033569336,75.05000305175781,225000.0,77.3499984741211,77.23999786376953,73.2719955444336
18-03-2016,76.72000122070312,76.72000122070312,660000.0,77.9800033569336,77.61000061035156,73.62300872802734
21-03-2016,76.22000122070312,77.38999938964844,175300.0,77.73999786376953,77.45999908447266,73.48072052001953
22-03-2016,76.72000122070312,76.87999725341797,226300.0,77.70999908447266,77.37999725341797,73.40482330322266
23-03-2016,75.9000015258789,77.0999984741211,228500.0,77.83000183105469,76.27999877929688,72.36133575439453
24-03-2016,75.05999755859375,75.91000366210938,185000.0,76.77999877929688,76.7699966430664,72.826171875
28-03-2016,75.0199966430664,76.66000366210938,519300.0,77.19000244140625,75.54000091552734,71.65933990478516
29-03-2016,75.0199966430664,75.23999786376953,558400.0,77.0199966430664,76.95999908447266,73.00639343261719
30-03-2016,76.29000091552734,77.4800033569336,243800.0,77.88999938964844,76.33999633789062,72.41825103759766
31-03-2016,75.69000244140625,76.19999694824219,279700.0,76.88999938964844,76.04000091552734,72.1336669921875
01-04-2016,74.72000122070312,75.4000015258789,220100.0,76.5199966430664,76.41000366210938,72.48465728759766
04-04-2016,75.05999755859375,76.31999969482422,227700.0,76.69000244140625,75.37999725341797,71.507568359375
05-04-2016,74.41000366210938,74.88999938964844,230500.0,75.23999786376953,74.70999908447266,70.87197875976562
06-04-2016,73.91999816894531,74.69000244140625,197200.0,75.33999633789062,75.16999816894531,71.30835723876953
07-04-2016,73.80000305175781,74.7699966430664,247400.0,74.94000244140625,74.3499984741211,70.53047943115234
08-04-2016,74.45999908447266,75.0199966430664,151400.0,76.12000274658203,75.05000305175781,71.19451904296875
11-04-2016,74.93000030517578,75.43000030517578,157900.0,76.44000244140625,75.19999694824219,71.3368148803711
12-04-2016,74.76000213623047,75.44999694824219,287600.0,77.2300033569336,76.76000213623047,72.8166732788086
13-04-2016,76.58000183105469,77.27999877929688,222400.0,77.98999786376953,77.91999816894531,73.9170913696289
14-04-2016,77.2300033569336,77.79000091552734,136500.0,77.94999694824219,77.58000183105469,73.59452819824219
15-04-2016,77.19999694824219,77.62999725341797,174000.0,78.2300033569336,78.05000305175781,74.0404052734375
18-04-2016,77.6500015258789,77.6500015258789,116300.0,78.41000366210938,78.02999877929688,74.02142333984375
19-04-2016,77.70999908447266,78.30000305175781,108500.0,78.94000244140625,77.94999694824219,73.94554901123047
20-04-2016,77.45999908447266,77.91000366210938,265700.0,78.77999877929688,78.48999786376953,74.45779418945312
21-04-2016,77.77999877929688,78.54000091552734,334000.0,78.80999755859375,78.22000122070312,74.20165252685547
22-04-2016,78.06999969482422,78.41999816894531,229300.0,79.16000366210938,78.98999786376953,74.93209838867188
25-04-2016,77.68000030517578,78.58000183105469,208000.0,78.79000091552734,78.06999969482422,74.05936431884766
26-04-2016,78.0199966430664,78.37000274658203,212800.0,79.5,79.41999816894531,75.34002685546875
27-04-2016,78.8499984741211,79.5199966430664,249000.0,80.5,79.72000122070312,75.6246109008789
28-04-2016,77.13999938964844,79.77999877929688,296700.0,79.9000015258789,77.3499984741211,73.3763656616211
29-04-2016,76.25,77.26000213623047,771100.0,77.63999938964844,76.7300033569336,72.78821563720703
02-05-2016,76.33999633789062,76.80999755859375,167500.0,77.88999938964844,77.7699966430664,73.77477264404297
03-05-2016,76.16999816894531,76.98999786376953,181400.0,77.61000061035156,76.80999755859375,72.86410522460938
04-05-2016,75.5,76.4800033569336,269000.0,77.30000305175781,75.5999984741211,71.71626281738281
05-05-2016,75.56999969482422,76.05000305175781,180900.0,76.56999969482422,75.83000183105469,71.93444061279297
06-05-2016,75.27999877929688,75.5,254500.0,76.27999877929688,76.18000030517578,72.26648712158203
09-05-2016,75.30999755859375,75.77999877929688,164500.0,76.6500015258789,76.37000274658203,72.44671630859375
10-05-2016,76.0199966430664,76.41000366210938,204000.0,77.7699966430664,77.7699966430664,73.77477264404297
11-05-2016,77.20999908447266,77.30999755859375,225000.0,78.2699966430664,77.5999984741211,73.61353302001953
12-05-2016,77.16000366210938,77.80000305175781,212600.0,78.58000183105469,78.1500015258789,74.13526916503906
13-05-2016,76.80999755859375,78.06999969482422,176800.0,78.45999908447266,77.20999908447266,73.24354553222656
16-05-2016,77.26000213623047,77.26000213623047,190900.0,78.41000366210938,77.66000366210938,73.67044830322266
17-05-2016,76.0999984741211,77.31999969482422,290100.0,78.25,76.45999908447266,72.53205871582031
18-05-2016,75.5199966430664,76.26000213623047,275300.0,77.52999877929688,75.93000030517578,72.02931213378906
19-05-2016,74.48999786376953,75.62999725341797,305500.0,75.97000122070312,75.08000183105469,71.22298431396484
20-05-2016,75.12000274658203,75.12000274658203,396000.0,76.05000305175781,75.73999786376953,71.84906005859375
23-05-2016,75.66000366210938,75.93000030517578,466000.0,76.7300033569336,76.18000030517578,72.26648712158203
24-05-2016,81.76000213623047,83.73999786376953,1913600.0,87.87999725341797,87.61000061035156,83.1092758178711
25-05-2016,86.9000015258789,87.41000366210938,720300.0,88.91999816894531,87.87999725341797,83.59441375732422
26-05-2016,86.52999877929688,87.12000274658203,388500.0,88.44999694824219,88.12999725341797,83.83221435546875
27-05-2016,87.18000030517578,87.38999938964844,479900.0,89.19999694824219,88.47000122070312,84.15565490722656
31-05-2016,85.80000305175781,86.80000305175781,488000.0,88.25,86.9800033569336,82.7383041381836
01-06-2016,85.61000061035156,86.2699966430664,345600.0,87.30000305175781,87.02999877929688,82.78585815429688
02-06-2016,86.7300033569336,87.0199966430664,303200.0,88.25,88.25,83.94635009765625
03-06-2016,86.93000030517578,88.20999908447266,283300.0,88.20999908447266,87.87999725341797,83.59441375732422
06-06-2016,87.8499984741211,88.2300033569336,301800.0,88.87000274658203,88.48999786376953,84.17463684082031
07-06-2016,87.83999633789062,88.6500015258789,739900.0,88.87999725341797,87.95999908447266,83.67052459716797
08-06-2016,87.69000244140625,87.95999908447266,531600.0,88.81999969482422,87.80000305175781,83.51831817626953
09-06-2016,86.69999694824219,87.01000213623047,476400.0,88.55999755859375,86.95999908447266,82.71928405761719
10-06-2016,84.75,86.2699966430664,417400.0,86.6500015258789,84.87999725341797,80.74071502685547
13-06-2016,84.72000122070312,84.75,319000.0,86.29000091552734,84.8499984741211,80.71216583251953
14-06-2016,84.26000213623047,84.38999938964844,214900.0,85.16999816894531,84.9000015258789,80.75973510742188
15-06-2016,84.80000305175781,85.54000091552734,216200.0,88.0,85.0,80.8548583984375
16-06-2016,83.37999725341797,84.33999633789062,214400.0,85.44999694824219,84.58000183105469,80.45536041259766
17-06-2016,84.08999633789062,84.80000305175781,342300.0,85.19000244140625,84.66000366210938,80.53145599365234
20-06-2016,85.04000091552734,85.95999908447266,168900.0,87.5199966430664,86.0999984741211,81.90121459960938
21-06-2016,84.97000122070312,85.94999694824219,138700.0,86.0999984741211,85.18000030517578,81.02610778808594
22-06-2016,84.94000244140625,85.48999786376953,142200.0,87.83999633789062,84.95999908447266,80.8167953491211
23-06-2016,85.93000030517578,85.93000030517578,296000.0,87.4000015258789,87.37000274658203,83.10929870605469
24-06-2016,81.02999877929688,83.83000183105469,547800.0,84.63999938964844,81.08000183105469,77.12602233886719
27-06-2016,78.16000366210938,79.72000122070312,393600.0,79.72000122070312,78.68000030517578,74.84307861328125
28-06-2016,79.16000366210938,79.68000030517578,285900.0,80.45999908447266,80.12000274658203,76.21285247802734
29-06-2016,80.68000030517578,81.29000091552734,231300.0,82.19000244140625,81.58000183105469,77.60163879394531
30-06-2016,81.69000244140625,81.81999969482422,269100.0,83.61000061035156,83.61000061035156,79.53264617919922
01-07-2016,83.16000366210938,83.70999908447266,298100.0,84.93000030517578,84.7300033569336,80.59800720214844
05-07-2016,81.75,83.95999908447266,164900.0,84.6500015258789,82.58000183105469,78.55288696289062
06-07-2016,81.4800033569336,82.02999877929688,246900.0,83.91999816894531,83.80999755859375,79.72289276123047
07-07-2016,83.0999984741211,84.16999816894531,156200.0,84.91000366210938,83.87999725341797,79.78947448730469
08-07-2016,84.58000183105469,84.58000183105469,228500.0,85.9000015258789,85.87999725341797,81.69194793701172
11-07-2016,86.1500015258789,86.25,130400.0,86.88999938964844,86.5,82.28170013427734
12-07-2016,86.83000183105469,87.0,234200.0,88.08000183105469,87.55999755859375,83.29003143310547
13-07-2016,86.27999877929688,87.62000274658203,204500.0,87.66999816894531,86.41999816894531,82.20560455322266
14-07-2016,86.47000122070312,87.0999984741211,179500.0,87.69000244140625,86.4800033569336,82.2626724243164
15-07-2016,86.43000030517578,86.94000244140625,107100.0,87.11000061035156,86.69000244140625,82.46244049072266
18-07-2016,86.0999984741211,86.73999786376953,97700.0,86.73999786376953,86.41999816894531,82.20560455322266
19-07-2016,85.72000122070312,86.38999938964844,94700.0,86.56999969482422,86.0,81.80609893798828
20-07-2016,85.83000183105469,86.16000366210938,167900.0,86.86000061035156,86.68000030517578,82.45293426513672
21-07-2016,85.97000122070312,86.26000213623047,202700.0,87.20999908447266,86.6500015258789,82.42440795898438
22-07-2016,85.93000030517578,86.66000366210938,187800.0,88.13999938964844,88.12000274658203,83.82270050048828
25-07-2016,86.95999908447266,88.0,123500.0,88.16999816894531,87.30000305175781,83.04268646240234
26-07-2016,87.02999877929688,87.30999755859375,172900.0,88.62000274658203,88.58000183105469,84.26028442382812
27-07-2016,88.08999633789062,88.69000244140625,214600.0,89.41999816894531,88.87000274658203,84.53614044189453
28-07-2016,88.04000091552734,88.69000244140625,124100.0,88.95999908447266,88.41999816894531,84.10807037353516
29-07-2016,87.51000213623047,88.55999755859375,246100.0,88.7699966430664,88.29000091552734,83.98443603515625
01-08-2016,87.62999725341797,88.1500015258789,133600.0,88.62999725341797,88.30000305175781,83.99393463134766
02-08-2016,87.76000213623047,88.2300033569336,246400.0,88.83000183105469,87.94999694824219,83.66099548339844
03-08-2016,87.76000213623047,88.06999969482422,152400.0,88.66000366210938,88.30999755859375,84.00344848632812
04-08-2016,88.13999938964844,88.25,189800.0,89.83000183105469,88.80000305175781,84.46955871582031
05-08-2016,88.91999816894531,89.37000274658203,187700.0,90.63999938964844,90.38999938964844,85.9820327758789
08-08-2016,90.16999816894531,90.61000061035156,152600.0,91.22000122070312,90.77999877929688,86.35298156738281
09-08-2016,89.81999969482422,90.98999786376953,160100.0,90.98999786376953,90.38999938964844,85.9820327758789
10-08-2016,89.9800033569336,90.69000244140625,137200.0,90.86000061035156,90.79000091552734,86.36249542236328
11-08-2016,90.62999725341797,90.97000122070312,170700.0,91.54000091552734,91.29000091552734,86.83810424804688
12-08-2016,90.19000244140625,91.37999725341797,169800.0,91.37999725341797,90.58999633789062,86.1722640991211
15-08-2016,90.5999984741211,90.93000030517578,222700.0,91.4800033569336,91.0199966430664,86.58129119873047
16-08-2016,90.19000244140625,90.91000366210938,121700.0,91.25,90.38999938964844,85.9820327758789
17-08-2016,89.87000274658203,90.52999877929688,130900.0,90.7699966430664,90.0999984741211,85.70614624023438
18-08-2016,89.94999694824219,89.94999694824219,176100.0,91.31999969482422,91.1500015258789,86.70496368408203
19-08-2016,90.38999938964844,90.73999786376953,289500.0,92.30999755859375,92.19999694824219,87.96427917480469
22-08-2016,90.13999938964844,91.98999786376953,698900.0,92.91000366210938,92.25,88.01200866699219
23-08-2016,96.16000366210938,97.0,1745300.0,102.19999694824219,101.95999908447266,97.27592468261719
24-08-2016,99.12000274658203,101.56999969482422,439100.0,101.87999725341797,99.9800033569336,95.38690185546875
25-08-2016,98.77999877929688,99.0,334900.0,100.19000244140625,100.08000183105469,95.48229217529297
26-08-2016,99.01000213623047,99.83000183105469,224100.0,100.8499984741211,99.55999755859375,94.98616790771484
29-08-2016,99.44000244140625,99.87999725341797,300600.0,100.83999633789062,99.76000213623047,95.17700958251953
30-08-2016,98.48999786376953,99.9800033569336,362300.0,100.0,99.13999938964844,94.58549499511719
31-08-2016,98.16000366210938,98.83000183105469,196300.0,99.33999633789062,98.7300033569336,94.19430541992188
01-09-2016,98.01000213623047,99.06999969482422,237100.0,99.2699966430664,99.19000244140625,94.6332015991211
02-09-2016,99.58999633789062,99.8499984741211,243900.0,100.58999633789062,100.56999969482422,95.94979858398438
06-09-2016,99.38999938964844,100.56999969482422,279500.0,101.44999694824219,100.01000213623047,95.41552734375
07-09-2016,99.80000305175781,100.13999938964844,333600.0,101.9800033569336,99.9000015258789,95.31058502197266
08-09-2016,98.87000274658203,99.91999816894531,162900.0,99.91999816894531,99.08000183105469,94.52823638916016
09-09-2016,95.87000274658203,97.9800033569336,196800.0,98.01000213623047,95.93000030517578,91.52295684814453
12-09-2016,94.9000015258789,96.22000122070312,196000.0,97.70999908447266,97.63999938964844,93.15438842773438
13-09-2016,95.0199966430664,96.9800033569336,207900.0,98.62000274658203,95.30000305175781,90.9218978881836
14-09-2016,94.55999755859375,95.56999969482422,260100.0,96.20999908447266,95.2699966430664,90.89327239990234
15-09-2016,95.16999816894531,95.43000030517578,204500.0,97.20999908447266,96.86000061035156,92.41022491455078
16-09-2016,95.37999725341797,96.16999816894531,481400.0,96.77999877929688,96.27999877929688,91.85687255859375
19-09-2016,97.01000213623047,97.02999877929688,152400.0,98.31999969482422,97.52999877929688,93.04945373535156
20-09-2016,97.0,98.19999694824219,197500.0,98.19999694824219,97.05000305175781,92.59148406982422
21-09-2016,97.30999755859375,97.54000091552734,194800.0,98.80000305175781,98.75,94.21339416503906
22-09-2016,99.05000305175781,99.77999877929688,280000.0,101.19000244140625,100.98999786376953,96.35050201416016
23-09-2016,98.30000305175781,100.29000091552734,194000.0,100.5,98.43000030517578,93.9080810546875
26-09-2016,97.12999725341797,97.7300033569336,121300.0,98.80000305175781,97.94000244140625,93.44062042236328
27-09-2016,97.44999694824219,98.04000091552734,148100.0,99.08999633789062,99.05000305175781,94.49962615966797
28-09-2016,98.62999725341797,99.33999633789062,167300.0,100.44999694824219,100.27999877929688,95.67310333251953
29-09-2016,98.83999633789062,99.86000061035156,178900.0,100.4000015258789,99.38999938964844,94.8239974975586
30-09-2016,99.13999938964844,100.0,263500.0,100.08999633789062,99.62999725341797,95.05297088623047
03-10-2016,98.91000366210938,99.87000274658203,290100.0,100.18000030517578,99.01000213623047,94.46146392822266
04-10-2016,98.1500015258789,99.2300033569336,183100.0,99.76000213623047,98.69999694824219,94.16571044921875
05-10-2016,97.97000122070312,99.37999725341797,162200.0,100.66000366210938,100.25,95.64450073242188
06-10-2016,98.81999969482422,99.95999908447266,134700.0,100.76000213623047,100.58999633789062,95.9688720703125
07-10-2016,98.7300033569336,100.63999938964844,309900.0,101.97000122070312,99.04000091552734,94.4900894165039
10-10-2016,98.5,99.58999633789062,118700.0,100.6500015258789,98.56999969482422,94.04167175292969
11-10-2016,96.41000366210938,98.41000366210938,149500.0,98.41000366210938,97.05000305175781,92.59148406982422
12-10-2016,96.62000274658203,97.37999725341797,131600.0,98.0199966430664,97.43000030517578,92.95405578613281
13-10-2016,95.45999908447266,96.4000015258789,232700.0,96.43000030517578,95.76000213623047,91.36075592041016
14-10-2016,95.91999816894531,96.05999755859375,199000.0,97.22000122070312,96.0999984741211,91.68512725830078
17-10-2016,95.3499984741211,96.02999877929688,163900.0,96.58000183105469,96.05999755859375,91.64695739746094
18-10-2016,96.0999984741211,97.11000061035156,168400.0,97.11000061035156,96.29000091552734,91.86640167236328
19-10-2016,96.01000213623047,96.2300033569336,599100.0,100.79000091552734,100.51000213623047,95.8925552368164
20-10-2016,99.69999694824219,100.0999984741211,402600.0,101.11000061035156,100.5,95.88299560546875
21-10-2016,99.4000015258789,99.52999877929688,224800.0,100.62999725341797,100.45999908447266,95.84484100341797
24-10-2016,100.18000030517578,100.9000015258789,188900.0,102.56999969482422,100.8499984741211,96.2169189453125
25-10-2016,99.7699966430664,100.51000213623047,243400.0,101.23999786376953,100.3499984741211,95.73988342285156
26-10-2016,99.66000366210938,99.66000366210938,201000.0,101.30000305175781,100.33999633789062,95.73033905029297
27-10-2016,99.18000030517578,100.48999786376953,223100.0,100.95999908447266,99.63999938964844,95.06250762939453
28-10-2016,98.7699966430664,99.70999908447266,273200.0,100.80999755859375,98.91000366210938,94.36605834960938
31-10-2016,98.68000030517578,99.23999786376953,486900.0,100.5199966430664,100.12999725341797,95.52999114990234
01-11-2016,96.98999786376953,100.55000305175781,180800.0,100.55000305175781,97.43000030517578,92.95405578613281
02-11-2016,96.68000030517578,97.0199966430664,150400.0,97.94999694824219,96.88999938964844,92.43883514404297
03-11-2016,96.58999633789062,97.26000213623047,101600.0,99.3499984741211,96.95999908447266,92.50564575195312
04-11-2016,96.05000305175781,97.05999755859375,199800.0,97.80999755859375,96.43000030517578,91.99999237060547
07-11-2016,98.05000305175781,98.16000366210938,229900.0,99.4800033569336,99.30999755859375,94.74766540527344
08-11-2016,98.0199966430664,98.86000061035156,172900.0,100.58999633789062,99.87999725341797,95.29147338867188
09-11-2016,96.3499984741211,99.0199966430664,387400.0,101.2699966430664,100.95999908447266,96.32186126708984
10-11-2016,100.76000213623047,102.20999908447266,348200.0,103.8499984741211,103.2699966430664,98.52574157714844
11-11-2016,103.37000274658203,103.37000274658203,371400.0,106.0,105.66000366210938,100.80593872070312
14-11-2016,106.80999755859375,106.80999755859375,285000.0,108.12999725341797,107.70999908447266,102.76178741455078
15-11-2016,107.0999984741211,108.22000122070312,162600.0,108.22000122070312,107.98999786376953,103.0289077758789
16-11-2016,106.9000015258789,108.05000305175781,149800.0,108.68000030517578,108.06999969482422,103.1052474975586
17-11-2016,106.6500015258789,108.27999877929688,210400.0,108.69000244140625,107.41999816894531,102.48509979248047
18-11-2016,105.45999908447266,107.33000183105469,166500.0,107.33000183105469,106.69999694824219,101.79817199707031
21-11-2016,106.87999725341797,107.4800033569336,153400.0,108.1500015258789,107.6500015258789,102.70452880859375
22-11-2016,107.33999633789062,108.0,135800.0,108.91999816894531,108.86000061035156,103.85896301269531
23-11-2016,108.30000305175781,108.30000305175781,270500.0,109.98999786376953,109.86000061035156,104.81300354003906
25-11-2016,109.26000213623047,109.79000091552734,111700.0,110.6500015258789,110.55999755859375,105.48085021972656
28-11-2016,108.2699966430664,109.51000213623047,291000.0,109.69999694824219,108.43000030517578,103.44867706298828
29-11-2016,107.55000305175781,108.0,151400.0,108.5199966430664,107.62000274658203,102.67591094970703
30-11-2016,106.7300033569336,107.77999877929688,192200.0,108.88999938964844,106.7300033569336,101.82679748535156
01-12-2016,106.66000366210938,107.31999969482422,314600.0,108.44999694824219,107.12999725341797,102.20840454101562
02-12-2016,105.8499984741211,107.25,233500.0,107.38999938964844,106.04000091552734,101.16850280761719
05-12-2016,105.80999755859375,106.4800033569336,203100.0,108.08000183105469,107.44000244140625,102.50419616699219
06-12-2016,107.08000183105469,107.31999969482422,199000.0,109.5,109.41000366210938,104.38368225097656
07-12-2016,107.4800033569336,109.1500015258789,238600.0,110.20999908447266,109.75,104.70806884765625
08-12-2016,108.7300033569336,110.27999877929688,200000.0,110.4000015258789,109.52999877929688,104.49817657470703
09-12-2016,106.5199966430664,109.83000183105469,382600.0,110.43000030517578,106.6500015258789,101.75049591064453
12-12-2016,104.80000305175781,106.01000213623047,319000.0,106.87999725341797,104.94000244140625,100.11902618408203
13-12-2016,103.76000213623047,104.62000274658203,742800.0,105.73999786376953,104.54000091552734,99.73738861083984
14-12-2016,108.94000244140625,110.55999755859375,1659400.0,114.41999816894531,110.37999725341797,105.58179473876953
15-12-2016,109.55999755859375,110.7699966430664,508500.0,114.05999755859375,113.91000366210938,108.95834350585938
16-12-2016,112.37999725341797,114.79000091552734,963400.0,114.93000030517578,112.48999786376953,107.60008239746094
19-12-2016,112.0199966430664,112.44999694824219,358800.0,114.80000305175781,114.12000274658203,109.15924072265625
20-12-2016,114.08000183105469,114.08000183105469,207000.0,115.18000030517578,114.62999725341797,109.64705657958984
21-12-2016,113.66000366210938,114.22000122070312,294700.0,115.69000244140625,114.98999786376953,109.99141693115234
22-12-2016,113.37000274658203,115.16999816894531,244500.0,115.27999877929688,114.4000015258789,109.42705535888672
23-12-2016,113.19000244140625,114.36000061035156,185800.0,115.04000091552734,114.44999694824219,109.47488403320312
27-12-2016,113.80000305175781,114.22000122070312,174600.0,115.5999984741211,114.08000183105469,109.12096405029297
28-12-2016,112.4000015258789,113.86000061035156,152400.0,115.20999908447266,112.5199966430664,107.6287612915039
29-12-2016,111.81999969482422,112.94000244140625,151000.0,113.18000030517578,112.91000366210938,108.0018310546875
30-12-2016,111.93000030517578,113.5199966430664,259600.0,113.7699966430664,112.05000305175781,107.17922973632812
03-01-2017,112.06999969482422,113.5199966430664,233900.0,114.93000030517578,113.41999816894531,108.4896469116211
04-01-2017,113.45999908447266,113.58999633789062,363500.0,116.01000213623047,115.94000244140625,110.9001235961914
05-01-2017,111.12000274658203,114.18000030517578,467600.0,115.51000213623047,111.41000366210938,106.5670394897461
06-01-2017,111.0,111.06999969482422,276600.0,113.31999969482422,111.91999816894531,107.05487060546875
09-01-2017,110.06999969482422,111.19999694824219,269600.0,111.30999755859375,110.23999786376953,105.44790649414062
10-01-2017,110.43000030517578,110.7699966430664,305900.0,113.5,112.5,107.60966491699219
11-01-2017,112.80999755859375,112.88999938964844,290600.0,114.8499984741211,114.5,109.52269744873047
12-01-2017,109.88999938964844,114.18000030517578,319900.0,114.18000030517578,112.26000213623047,107.38008117675781
13-01-2017,112.5199966430664,112.87000274658203,253400.0,114.4000015258789,113.55999755859375,108.62356567382812
17-01-2017,110.75,112.44000244140625,180300.0,112.93000030517578,111.41000366210938,106.5670394897461
18-01-2017,111.08000183105469,111.5199966430664,268500.0,112.73999786376953,111.8499984741211,106.98788452148438
19-01-2017,110.87000274658203,112.0199966430664,173400.0,112.37000274658203,111.66999816894531,106.81573486328125
20-01-2017,110.95999908447266,111.66999816894531,172100.0,112.55000305175781,111.3499984741211,106.50962829589844
23-01-2017,110.41000366210938,111.19999694824219,138700.0,112.43000030517578,111.44000244140625,106.59574127197266
24-01-2017,111.68000030517578,112.12000274658203,188900.0,114.02999877929688,113.73999786376953,108.7957534790039
25-01-2017,112.08000183105469,114.4800033569336,191700.0,115.83999633789062,115.58000183105469,110.55575561523438
26-01-2017,114.54000091552734,115.79000091552734,213300.0,115.79000091552734,115.25,110.2401123046875
27-01-2017,113.62999725341797,115.58000183105469,221600.0,115.69999694824219,114.97000122070312,109.97228240966797
30-01-2017,112.01000213623047,114.08000183105469,212500.0,114.83000183105469,114.66999816894531,109.6853256225586
31-01-2017,112.27999877929688,114.26000213623047,390800.0,115.26000213623047,113.52999877929688,108.59487915039062
01-02-2017,112.2300033569336,115.06999969482422,293000.0,115.81999969482422,113.73999786376953,108.7957534790039
02-02-2017,112.25,113.8499984741211,202400.0,113.91999816894531,113.3499984741211,108.42269897460938
03-02-2017,113.36000061035156,114.33999633789062,148100.0,115.41999816894531,115.26000213623047,110.24966430664062
06-02-2017,112.63999938964844,114.66999816894531,177300.0,115.47000122070312,114.05000305175781,109.09227752685547
07-02-2017,112.5999984741211,114.1500015258789,194400.0,114.41999816894531,113.52999877929688,108.59487915039062
08-02-2017,112.7699966430664,113.36000061035156,133300.0,114.4000015258789,113.6500015258789,108.70967102050781
09-02-2017,113.54000091552734,114.2699966430664,252700.0,115.19999694824219,114.91999816894531,109.92446899414062
10-02-2017,114.69999694824219,115.04000091552734,206200.0,116.58999633789062,116.47000122070312,111.40706634521484
13-02-2017,116.45999908447266,117.0,279700.0,118.0,117.12999725341797,112.03838348388672
14-02-2017,115.66999816894531,116.91000366210938,155500.0,116.91000366210938,116.5199966430664,111.45490264892578
15-02-2017,117.13999938964844,117.13999938964844,363800.0,120.4000015258789,119.93000030517578,114.71666717529297
16-02-2017,117.79000091552734,117.81999969482422,240400.0,120.91000366210938,119.18000030517578,114.25647735595703
17-02-2017,118.0199966430664,118.62999725341797,291200.0,120.22000122070312,119.94999694824219,114.99468231201172
21-02-2017,117.87000274658203,120.5,670800.0,120.7300033569336,120.04000091552734,115.08097839355469
22-02-2017,118.08999633789062,119.30999755859375,225700.0,120.43000030517578,120.30999755859375,115.33982849121094
23-02-2017,118.19999694824219,120.95999908447266,306300.0,120.95999908447266,119.19000244140625,114.2660903930664
24-02-2017,118.01000213623047,118.01000213623047,240100.0,120.77999877929688,120.5999984741211,115.61783599853516
27-02-2017,119.98999786376953,120.33999633789062,239000.0,121.95999908447266,121.7300033569336,116.70115661621094
28-02-2017,120.01000213623047,121.4000015258789,342400.0,121.81999969482422,120.04000091552734,115.08097839355469
01-03-2017,121.80000305175781,121.80000305175781,377400.0,124.80000305175781,124.70999908447266,119.55804443359375
02-03-2017,122.5,124.43000030517578,640700.0,124.43000030517578,123.75,118.6376953125
03-03-2017,123.80999755859375,123.95999908447266,386200.0,125.11000061035156,125.02999877929688,119.86483001708984
06-03-2017,123.01000213623047,124.05999755859375,224200.0,124.94999694824219,124.77999877929688,119.62515258789062
07-03-2017,123.12000274658203,124.52999877929688,186200.0,124.8499984741211,124.37000274658203,119.23209381103516
08-03-2017,123.83000183105469,124.70999908447266,205500.0,125.12999725341797,124.19999694824219,119.06912231445312
09-03-2017,123.54000091552734,124.0,402800.0,124.7300033569336,123.93000030517578,118.81027221679688
10-03-2017,122.62000274658203,124.51000213623047,254500.0,125.05000305175781,124.27999877929688,119.14579772949219
13-03-2017,124.05999755859375,124.27999877929688,270800.0,125.95999908447266,125.87999725341797,120.6796875
14-03-2017,124.44999694824219,125.36000061035156,119800.0,125.6500015258789,125.26000213623047,120.08533477783203
15-03-2017,125.0,126.05999755859375,301300.0,127.12000274658203,126.83000183105469,121.59046173095703
16-03-2017,125.94000244140625,127.5,157200.0,127.5,126.77999877929688,121.54253387451172
17-03-2017,125.22000122070312,126.72000122070312,626500.0,126.72000122070312,126.22000122070312,121.00566864013672
20-03-2017,124.91000366210938,125.81999969482422,118600.0,126.44999694824219,125.26000213623047,120.08533477783203
21-03-2017,121.7699966430664,125.7699966430664,257800.0,125.87000274658203,122.05999755859375,117.01751708984375
22-03-2017,120.47000122070312,121.38999938964844,244500.0,122.58999633789062,122.31999969482422,117.26676940917969
23-03-2017,121.16999816894531,122.12999725341797,238700.0,123.27999877929688,123.02999877929688,117.94744110107422
24-03-2017,121.9800033569336,123.30999755859375,299200.0,124.43000030517578,122.3499984741211,117.29554748535156
27-03-2017,118.80000305175781,120.5,239900.0,121.79000091552734,121.2699966430664,116.26016235351562
28-03-2017,120.66000366210938,121.08999633789062,189300.0,123.04000091552734,122.51000213623047,117.44892883300781
29-03-2017,121.55000305175781,122.45999908447266,264900.0,122.98999786376953,122.27999877929688,117.2284164428711
30-03-2017,120.69999694824219,122.47000122070312,167800.0,123.83999633789062,123.13999938964844,118.05291748046875
31-03-2017,122.4800033569336,123.08999633789062,339900.0,123.52999877929688,122.83999633789062,117.76530456542969
03-04-2017,121.51000213623047,123.29000091552734,466400.0,124.3499984741211,122.08999633789062,117.0462875366211
04-04-2017,121.87000274658203,121.88999938964844,341200.0,123.55000305175781,122.52999877929688,117.46810913085938
05-04-2017,120.7300033569336,123.2300033569336,330800.0,124.01000213623047,121.0,116.00131225585938
06-04-2017,120.7300033569336,121.13999938964844,169100.0,122.5999984741211,121.91000366210938,116.87371826171875
07-04-2017,121.36000061035156,121.36000061035156,196500.0,122.77999877929688,122.22000122070312,117.1708984375
10-04-2017,121.33000183105469,122.72000122070312,210100.0,122.97000122070312,122.0,116.95999145507812
11-04-2017,121.19999694824219,121.7300033569336,282600.0,123.0,123.0,117.91868591308594
12-04-2017,119.73999786376953,123.1500015258789,298200.0,123.1500015258789,120.08000183105469,115.11932373046875
13-04-2017,118.7699966430664,120.0199966430664,180000.0,120.62999725341797,118.94999694824219,114.0359878540039
17-04-2017,119.01000213623047,119.52999877929688,338300.0,120.5999984741211,120.2300033569336,115.26313018798828
18-04-2017,119.22000122070312,120.0,224600.0,121.0999984741211,120.80999755859375,115.81916809082031
19-04-2017,120.69999694824219,121.44999694824219,209500.0,121.94000244140625,121.08000183105469,116.07801818847656
20-04-2017,121.26000213623047,121.76000213623047,257100.0,122.48999786376953,121.66999816894531,116.64363098144531
21-04-2017,121.04000091552734,122.38999938964844,194100.0,122.38999938964844,121.48999786376953,116.47107696533203
24-04-2017,122.63999938964844,123.7699966430664,209000.0,124.1500015258789,123.3499984741211,118.25423431396484
25-04-2017,123.0,124.2300033569336,381300.0,125.30000305175781,123.16999816894531,118.0816650390625
26-04-2017,120.55999755859375,123.19000244140625,236900.0,125.7300033569336,125.13999938964844,119.97027587890625
27-04-2017,124.43000030517578,125.25,173700.0,126.55999755859375,125.62999725341797,120.44003295898438
28-04-2017,124.4800033569336,125.51000213623047,316800.0,126.0199966430664,125.19999694824219,120.02780151367188
01-05-2017,124.52999877929688,125.45999908447266,207900.0,127.30000305175781,125.80999755859375,120.61260986328125
02-05-2017,123.83999633789062,125.75,223000.0,126.54000091552734,126.45999908447266,121.23576354980469
03-05-2017,124.66000366210938,126.13999938964844,179900.0,126.81999969482422,126.66999816894531,121.43708038330078
04-05-2017,125.95999908447266,126.68000030517578,180100.0,128.0,127.88999938964844,122.60667419433594
05-05-2017,127.23999786376953,128.0399932861328,189200.0,129.49000549316406,128.3699951171875,123.06683349609375
08-05-2017,127.72000122070312,128.39999389648438,216600.0,129.72000122070312,127.98999786376953,122.7025375366211
09-05-2017,127.5199966430664,128.25999450683594,227700.0,129.0,128.0800018310547,122.78882598876953
10-05-2017,127.7300033569336,128.11000061035156,288800.0,130.61000061035156,130.49000549316406,125.09925842285156
11-05-2017,127.94000244140625,130.13999938964844,171200.0,130.3300018310547,129.9499969482422,124.58157348632812
12-05-2017,128.0399932861328,129.55999755859375,104800.0,129.8300018310547,129.30999755859375,123.968017578125
15-05-2017,129.5,129.88999938964844,157300.0,130.5800018310547,129.75999450683594,124.39940643310547
16-05-2017,129.8300018310547,130.35000610351562,196400.0,131.39999389648438,131.0399932861328,125.62652587890625
17-05-2017,127.5199966430664,129.3300018310547,133400.0,129.80999755859375,127.66000366210938,122.38617706298828
18-05-2017,119.83999633789062,126.97000122070312,175700.0,128.5800018310547,127.75,122.47245788574219
19-05-2017,127.66000366210938,128.32000732421875,180100.0,129.86000061035156,129.3000030517578,123.95842742919922
22-05-2017,128.8800048828125,129.89999389648438,325200.0,131.49000549316406,131.05999755859375,125.64569854736328
23-05-2017,120.0999984741211,129.9499969482422,1224800.0,129.9499969482422,121.70999908447266,116.68199157714844
24-05-2017,120.9000015258789,122.0199966430664,576200.0,123.41999816894531,121.0199966430664,116.0204849243164
25-05-2017,119.33999633789062,121.08999633789062,332700.0,122.37999725341797,120.20999908447266,115.50163269042969
26-05-2017,118.44000244140625,119.8499984741211,223700.0,120.97000122070312,119.52999877929688,114.8482666015625
30-05-2017,117.95999908447266,119.06999969482422,242500.0,119.75,118.68000030517578,114.03157043457031
31-05-2017,115.86000061035156,118.81999969482422,434400.0,118.93000030517578,115.87999725341797,111.34124755859375
01-06-2017,115.48999786376953,116.13999938964844,460600.0,117.43000030517578,117.43000030517578,112.83051300048828
02-06-2017,116.51000213623047,118.08999633789062,503300.0,118.80000305175781,117.3499984741211,112.753662109375
05-06-2017,116.19999694824219,117.37999725341797,392400.0,117.47000122070312,116.70999908447266,112.13872528076172
06-06-2017,114.86000061035156,116.33999633789062,494600.0,116.69999694824219,115.80999755859375,111.27399444580078
07-06-2017,113.69000244140625,116.0,301400.0,116.0,114.27999877929688,109.80390167236328
08-06-2017,114.06999969482422,114.66000366210938,374300.0,116.30999755859375,115.7300033569336,111.19710540771484
09-06-2017,115.05000305175781,115.91999816894531,294800.0,117.1500015258789,115.29000091552734,110.77433013916016
12-06-2017,113.87000274658203,115.12999725341797,539900.0,115.7300033569336,115.51000213623047,110.9857177734375
13-06-2017,115.44999694824219,116.05000305175781,545900.0,117.43000030517578,117.12999725341797,112.54226684570312
14-06-2017,115.55999755859375,117.22000122070312,677100.0,117.47000122070312,116.30000305175781,111.74478912353516
15-06-2017,115.6500015258789,115.6500015258789,675500.0,118.41999816894531,117.72000122070312,113.10916900634766
16-06-2017,116.80000305175781,117.83000183105469,667200.0,118.62999725341797,117.70999908447266,113.09955596923828
19-06-2017,117.91000366210938,117.91000366210938,573600.0,119.22000122070312,119.13999938964844,114.47354125976562
20-06-2017,118.08000183105469,118.76000213623047,495800.0,119.31999969482422,118.7699966430664,114.1180419921875
21-06-2017,117.87000274658203,118.87999725341797,504200.0,119.37999725341797,118.66999816894531,114.02196502685547
22-06-2017,117.86000061035156,118.66000366210938,522100.0,120.19000244140625,120.12000274658203,115.4151611328125
23-06-2017,119.18000030517578,120.12000274658203,762700.0,122.6500015258789,121.83000183105469,117.05818939208984
26-06-2017,121.11000061035156,122.11000061035156,526700.0,122.2699966430664,122.05000305175781,117.26956176757812
27-06-2017,120.45999908447266,122.16000366210938,474500.0,122.23999786376953,120.47000122070312,115.75146484375
28-06-2017,115.38999938964844,121.12999725341797,311200.0,122.02999877929688,121.12999725341797,116.3855972290039
29-06-2017,118.41000366210938,121.12999725341797,531300.0,121.1500015258789,119.06999969482422,114.40629577636719
30-06-2017,119.54000091552734,119.66000366210938,319200.0,122.25,121.31999969482422,116.56816101074219
03-07-2017,120.20999908447266,121.91000366210938,177700.0,122.1500015258789,120.23999786376953,115.53046417236328
05-07-2017,120.16000366210938,121.12000274658203,390800.0,121.9000015258789,120.86000061035156,116.12618255615234
06-07-2017,118.41999816894531,120.2300033569336,798200.0,121.5199966430664,119.30000305175781,114.62728881835938
07-07-2017,119.23999786376953,119.41000366210938,313300.0,121.01000213623047,120.75,116.02050018310547
10-07-2017,120.04000091552734,120.3499984741211,362800.0,121.56999969482422,120.55000305175781,115.82831573486328
11-07-2017,119.66999816894531,120.45999908447266,461800.0,122.87999725341797,122.80999755859375,117.99980926513672
12-07-2017,123.1500015258789,123.26000213623047,241400.0,124.3499984741211,123.20999908447266,118.3841323852539
13-07-2017,121.0199966430664,122.54000091552734,264300.0,123.11000061035156,122.08999633789062,117.3080062866211
14-07-2017,121.95999908447266,122.30999755859375,180700.0,122.77999877929688,122.12999725341797,117.34642791748047
17-07-2017,121.81999969482422,122.58000183105469,270100.0,123.91000366210938,122.88999938964844,118.07667541503906
18-07-2017,121.5,122.75,210600.0,122.7699966430664,121.80000305175781,117.02937316894531
19-07-2017,121.68000030517578,121.98999786376953,177100.0,123.76000213623047,123.68000030517578,118.83573150634766
20-07-2017,122.76000213623047,123.9000015258789,147700.0,124.31999969482422,123.83999633789062,118.98944091796875
21-07-2017,123.16999816894531,123.54000091552734,212100.0,124.05999755859375,123.9800033569336,119.12397003173828
24-07-2017,123.79000091552734,123.79000091552734,301400.0,125.55999755859375,125.30999755859375,120.40188598632812
25-07-2017,124.8499984741211,125.58999633789062,395700.0,126.91000366210938,126.5,121.5452651977539
26-07-2017,124.3499984741211,126.54000091552734,194200.0,126.88999938964844,124.44999694824219,119.57556915283203
27-07-2017,124.16000366210938,124.44999694824219,272500.0,126.94000244140625,125.7300033569336,120.80542755126953
28-07-2017,123.72000122070312,125.2300033569336,187700.0,125.2699966430664,124.94999694824219,120.05597686767578
31-07-2017,124.20999908447266,125.23999786376953,336100.0,127.27999877929688,127.0,122.02569580078125
01-08-2017,126.62999725341797,127.33000183105469,302500.0,127.93000030517578,126.83000183105469,121.86234283447266
02-08-2017,125.80000305175781,126.83999633789062,239900.0,128.02999877929688,127.94999694824219,122.9384765625
03-08-2017,126.7300033569336,127.83000183105469,171800.0,128.10000610351562,127.4800033569336,122.48689270019531
04-08-2017,127.0,127.52999877929688,171500.0,128.94000244140625,128.30999755859375,123.28437805175781
07-08-2017,127.37999725341797,128.16000366210938,166900.0,129.41000366210938,129.10000610351562,124.04344940185547
08-08-2017,127.73999786376953,128.72000122070312,270500.0,129.6300048828125,128.3300018310547,123.3036117553711
09-08-2017,127.69000244140625,127.80999755859375,161500.0,128.8800048828125,128.4199981689453,123.39006042480469
10-08-2017,126.1500015258789,127.86000061035156,160400.0,128.47999572753906,126.7300033569336,121.76626586914062
11-08-2017,125.13999938964844,127.06999969482422,234000.0,128.4600067138672,127.68000030517578,122.67906188964844
14-08-2017,128.10000610351562,128.49000549316406,236600.0,130.41000366210938,129.86000061035156,124.77366638183594
15-08-2017,128.5,129.8000030517578,191100.0,130.22000122070312,128.50999450683594,123.4765396118164
16-08-2017,127.2300033569336,128.2100067138672,222600.0,129.35000610351562,127.94999694824219,122.9384765625
17-08-2017,125.12999725341797,127.16999816894531,294200.0,127.55000305175781,125.5,120.86782836914062
18-08-2017,122.2699966430664,124.58000183105469,261000.0,125.98999786376953,124.12999725341797,119.83484649658203
21-08-2017,123.93000030517578,123.93000030517578,472800.0,125.83000183105469,125.12000274658203,120.79061126708984
22-08-2017,111.22000122070312,116.05000305175781,2680700.0,116.76000213623047,111.5,107.64188385009766
23-08-2017,108.73999786376953,112.0,1059100.0,112.31999969482422,108.97000122070312,105.19942474365234
24-08-2017,108.3499984741211,109.77999877929688,601100.0,110.70999908447266,108.56999969482422,104.81326293945312
25-08-2017,107.86000061035156,108.75,490500.0,109.41000366210938,108.83999633789062,105.07392120361328
28-08-2017,108.87000274658203,109.33999633789062,279600.0,109.8499984741211,109.18000030517578,105.40216827392578
29-08-2017,107.16000366210938,108.69999694824219,422700.0,109.13999938964844,108.31999969482422,104.57191467285156
30-08-2017,107.45999908447266,108.44999694824219,235900.0,108.7699966430664,108.6500015258789,104.8905029296875
31-08-2017,108.19999694824219,109.01000213623047,283100.0,109.61000061035156,109.30000305175781,105.51803588867188
01-09-2017,109.27999877929688,109.27999877929688,313800.0,110.83000183105469,110.2699966430664,106.45443725585938
05-09-2017,108.1500015258789,110.37000274658203,286500.0,110.83999633789062,109.1500015258789,105.3731918334961
06-09-2017,108.33999633789062,109.23999786376953,379700.0,109.9800033569336,109.4800033569336,105.69178771972656
07-09-2017,107.75,109.26000213623047,382000.0,109.9800033569336,109.26000213623047,105.47940063476562
08-09-2017,108.48999786376953,108.5,259200.0,110.0999984741211,109.56999969482422,105.7786636352539
11-09-2017,110.1500015258789,110.1500015258789,287700.0,111.95999908447266,111.25,107.4005355834961
12-09-2017,111.3499984741211,111.5999984741211,261400.0,113.02999877929688,112.77999877929688,108.8775863647461
13-09-2017,112.30000305175781,112.83999633789062,256200.0,113.4000015258789,112.58000183105469,108.68450927734375
14-09-2017,112.37999725341797,113.19000244140625,331700.0,113.27999877929688,112.8499984741211,108.94518280029297
15-09-2017,112.16999816894531,112.51000213623047,787700.0,113.6500015258789,113.19999694824219,109.2830581665039
18-09-2017,113.41000366210938,113.41999816894531,192300.0,114.63999938964844,114.5,110.5380630493164
19-09-2017,114.13999938964844,114.48999786376953,234100.0,115.48999786376953,114.62000274658203,110.65392303466797
20-09-2017,115.72000122070312,116.12999725341797,347600.0,117.62999725341797,117.51000213623047,113.44392395019531
21-09-2017,116.55000305175781,117.47000122070312,238800.0,117.6500015258789,116.66000366210938,112.62333679199219
22-09-2017,116.4000015258789,116.63999938964844,173900.0,117.7300033569336,117.20999908447266,113.15431213378906
25-09-2017,117.0199966430664,117.02999877929688,197300.0,118.27999877929688,118.2300033569336,114.13902282714844
26-09-2017,117.87000274658203,118.3499984741211,253100.0,118.75,118.05999755859375,113.97489166259766
27-09-2017,117.94000244140625,118.44000244140625,214500.0,119.31999969482422,118.75,114.64102172851562
28-09-2017,118.41000366210938,118.80000305175781,290500.0,119.2300033569336,118.97000122070312,114.85340118408203
29-09-2017,118.12999725341797,119.0,300200.0,119.43000030517578,118.5,114.39967346191406
02-10-2017,118.51000213623047,118.51000213623047,166100.0,119.62000274658203,119.23999786376953,115.11405181884766
03-10-2017,118.7699966430664,119.20999908447266,249600.0,119.9800033569336,119.91999816894531,115.7705307006836
04-10-2017,119.56999969482422,120.25,245300.0,121.20999908447266,121.08000183105469,116.8904037475586
05-10-2017,120.91999816894531,121.29000091552734,164000.0,121.83000183105469,121.7699966430664,117.55651092529297
06-10-2017,120.98999786376953,120.98999786376953,330000.0,122.91000366210938,121.83999633789062,117.62410736083984
09-10-2017,121.44000244140625,122.13999938964844,157400.0,122.33000183105469,122.06999969482422,117.84613800048828
10-10-2017,121.91999816894531,122.54000091552734,255100.0,122.80999755859375,122.29000091552734,118.05852508544922
11-10-2017,121.54000091552734,122.29000091552734,179900.0,123.01000213623047,122.36000061035156,118.12611389160156
12-10-2017,121.76000213623047,122.56999969482422,257800.0,123.33999633789062,121.93000030517578,117.71098327636719
13-10-2017,121.55999755859375,121.55999755859375,324900.0,122.19999694824219,122.13999938964844,117.91372680664062
16-10-2017,122.2699966430664,122.41000366210938,257300.0,123.7300033569336,123.22000122070312,118.95634460449219
17-10-2017,122.51000213623047,122.51000213623047,195400.0,123.62000274658203,123.11000061035156,118.85015106201172
18-10-2017,122.7300033569336,123.30000305175781,158400.0,123.73999786376953,123.37000274658203,119.10116577148438
19-10-2017,122.22000122070312,122.66000366210938,183200.0,123.37999725341797,122.87999725341797,118.62810516357422
20-10-2017,123.2300033569336,123.36000061035156,146000.0,124.69000244140625,124.66000366210938,120.34654235839844
23-10-2017,124.16000366210938,124.52999877929688,171500.0,125.58000183105469,125.48999786376953,121.1478042602539
24-10-2017,125.45999908447266,125.94999694824219,221700.0,126.36000061035156,125.6500015258789,121.30227661132812
25-10-2017,124.01000213623047,125.63999938964844,232900.0,125.8499984741211,125.54000091552734,121.19607543945312
26-10-2017,125.06999969482422,126.12000274658203,188100.0,127.27999877929688,127.12999725341797,122.73104858398438
27-10-2017,125.7300033569336,126.94999694824219,183300.0,126.94999694824219,126.16000366210938,121.79461669921875
30-10-2017,124.0999984741211,125.20999908447266,257700.0,125.91999816894531,124.5199966430664,120.21137237548828
31-10-2017,125.29000091552734,125.30000305175781,346300.0,126.87999725341797,126.69000244140625,122.30628967285156
01-11-2017,124.69000244140625,127.61000061035156,228800.0,127.61000061035156,126.37999725341797,122.00699615478516
02-11-2017,126.2699966430664,126.77999877929688,194200.0,127.33999633789062,126.45999908447266,122.08422088623047
03-11-2017,126.26000213623047,126.45999908447266,136400.0,127.02999877929688,126.7300033569336,122.34490203857422
06-11-2017,126.27999877929688,126.55999755859375,128600.0,127.4800033569336,126.72000122070312,122.33525085449219
07-11-2017,126.12000274658203,126.51000213623047,237500.0,127.33000183105469,126.94000244140625,122.54762268066406
08-11-2017,125.61000061035156,125.61000061035156,135600.0,126.55000305175781,126.0,121.6401596069336
09-11-2017,123.22000122070312,125.08999633789062,131000.0,125.77999877929688,123.66000366210938,119.3811264038086
10-11-2017,122.83000183105469,123.25,148600.0,124.5,123.87000274658203,119.58386993408203
13-11-2017,123.01000213623047,123.5999984741211,130000.0,123.87000274658203,123.80999755859375,119.52593231201172
14-11-2017,123.1500015258789,123.1500015258789,156400.0,125.44000244140625,125.27999877929688,120.94506072998047
15-11-2017,123.33000183105469,124.58000183105469,145300.0,124.58000183105469,123.91999816894531,119.63211822509766
16-11-2017,124.55999755859375,124.62999725341797,163700.0,126.62000274658203,125.9000015258789,121.54362487792969
17-11-2017,125.2699966430664,125.70999908447266,127900.0,126.79000091552734,126.68000030517578,122.29661560058594
20-11-2017,126.45999908447266,126.87999725341797,137000.0,128.67999267578125,127.66999816894531,123.25237274169922
21-11-2017,127.4000015258789,128.24000549316406,112900.0,128.52999877929688,128.17999267578125,123.74470520019531
22-11-2017,127.72000122070312,128.22000122070312,128500.0,128.8699951171875,128.1199951171875,123.6867904663086
24-11-2017,123.73999786376953,128.02999877929688,59600.0,128.7899932861328,128.6300048828125,124.17916107177734
27-11-2017,127.87000274658203,128.14999389648438,119600.0,128.99000549316406,128.05999755859375,123.62886810302734
28-11-2017,127.51000213623047,127.8499984741211,219100.0,129.07000732421875,129.0,124.5363540649414
29-11-2017,125.5199966430664,128.99000549316406,269500.0,129.00999450683594,125.66000366210938,121.31192016601562
30-11-2017,125.47000122070312,126.16999816894531,275400.0,128.49000549316406,128.36000061035156,123.91848754882812
01-12-2017,125.31999969482422,128.02000427246094,179100.0,128.72000122070312,128.55999755859375,124.111572265625
04-12-2017,127.38999938964844,129.0,172000.0,131.17999267578125,127.5199966430664,123.10755920410156
05-12-2017,126.06999969482422,127.8499984741211,211500.0,128.0,126.22000122070312,121.8525390625
06-12-2017,124.76000213623047,125.58999633789062,151300.0,127.45999908447266,126.41000366210938,122.03596496582031
07-12-2017,126.7300033569336,126.73999786376953,214400.0,128.50999450683594,127.22000122070312,122.81793975830078
08-12-2017,126.6500015258789,127.61000061035156,132000.0,127.94999694824219,127.30999755859375,122.90483093261719
11-12-2017,124.83000183105469,127.12999725341797,333100.0,127.36000061035156,125.0199966430664,120.69406127929688
12-12-2017,123.76000213623047,125.55000305175781,273300.0,125.55000305175781,124.22000122070312,119.92174530029297
13-12-2017,124.36000061035156,124.70999908447266,649200.0,127.91999816894531,126.91000366210938,122.5186767578125
14-12-2017,139.00999450683594,140.0,1610100.0,150.47999572753906,143.86000061035156,138.88217163085938
15-12-2017,142.02999877929688,143.6999969482422,607300.0,146.66000366210938,144.8000030517578,139.78965759277344
18-12-2017,141.52000427246094,144.9499969482422,412400.0,146.5399932861328,142.1699981689453,137.5355987548828
19-12-2017,141.0500030517578,142.5800018310547,345400.0,142.9600067138672,142.38999938964844,137.74839782714844
20-12-2017,141.1300048828125,142.3800048828125,222900.0,143.1699981689453,143.10000610351562,138.4352569580078
21-12-2017,142.38999938964844,142.55999755859375,210900.0,145.63999938964844,144.69000244140625,139.97344970703125
22-12-2017,143.27999877929688,144.27000427246094,118100.0,145.2899932861328,144.47999572753906,139.77027893066406
26-12-2017,143.63999938964844,144.4499969482422,123800.0,145.74000549316406,144.82000732421875,140.09918212890625
27-12-2017,144.0,145.25,163800.0,145.64999389648438,145.52999877929688,140.7860870361328
28-12-2017,145.1300048828125,145.9499969482422,142300.0,146.9600067138672,146.83999633789062,142.0533447265625
29-12-2017,145.4199981689453,147.0,204600.0,148.57000732421875,146.39999389648438,141.627685546875
02-01-2018,145.72999572753906,145.72999572753906,266200.0,148.4600067138672,147.4199981689453,142.61447143554688
03-01-2018,145.6300048828125,148.55999755859375,236400.0,149.6999969482422,149.1199951171875,144.259033203125
04-01-2018,147.25999450683594,149.67999267578125,593500.0,151.44000244140625,150.17999267578125,145.2844696044922
05-01-2018,148.22999572753906,150.91000366210938,199500.0,151.83999633789062,149.33999633789062,144.4718780517578
08-01-2018,146.92999267578125,149.57000732421875,342900.0,149.57000732421875,148.41000366210938,143.57217407226562
09-01-2018,146.72000122070312,148.49000549316406,242900.0,149.25999450683594,146.88999938964844,142.10171508789062
10-01-2018,145.00999450683594,146.52999877929688,206900.0,146.72000122070312,145.66000366210938,140.91184997558594
11-01-2018,145.1199951171875,145.1199951171875,144200.0,147.52000427246094,147.42999267578125,142.62411499023438
12-01-2018,147.3300018310547,147.42999267578125,163800.0,149.9199981689453,148.4600067138672,143.6205291748047
16-01-2018,145.74000549316406,148.99000549316406,279100.0,149.02000427246094,146.24000549316406,141.47291564941406
17-01-2018,146.69000244140625,147.33999633789062,288100.0,149.75999450683594,148.17999267578125,143.3496551513672
18-01-2018,147.72999572753906,147.72999572753906,240200.0,150.27000427246094,149.1999969482422,144.33644104003906
19-01-2018,149.39999389648438,149.9199981689453,225800.0,151.49000549316406,151.13999938964844,146.21319580078125
22-01-2018,148.38999938964844,150.75999450683594,242200.0,151.08999633789062,149.99000549316406,145.10067749023438
23-01-2018,149.4600067138672,149.77000427246094,243500.0,151.47999572753906,149.8699951171875,144.98458862304688
24-01-2018,146.5399932861328,150.35000610351562,180700.0,150.38999938964844,147.58999633789062,142.77890014648438
25-01-2018,146.07000732421875,148.52000427246094,330300.0,148.9199981689453,148.2899932861328,143.45608520507812
26-01-2018,146.80999755859375,148.6300048828125,202800.0,150.1999969482422,150.10000610351562,145.20712280273438
29-01-2018,146.10000610351562,149.2100067138672,196800.0,150.22000122070312,146.61000061035156,141.8308868408203
30-01-2018,143.0500030517578,143.6699981689453,230700.0,145.77999877929688,144.72999572753906,140.0121307373047
31-01-2018,142.52000427246094,145.47999572753906,488900.0,146.32000732421875,143.72000122070312,139.03506469726562
01-02-2018,143.08999633789062,143.08999633789062,197800.0,145.11000061035156,144.22000122070312,139.51873779296875
02-02-2018,140.33999633789062,143.5399932861328,192200.0,143.5500030517578,141.72000122070312,137.1002655029297
05-02-2018,135.22000122070312,140.5,275800.0,143.7100067138672,135.5800018310547,131.16043090820312
06-02-2018,131.6300048828125,132.52000427246094,406000.0,139.92999267578125,139.08999633789062,134.55599975585938
07-02-2018,135.99000549316406,138.8699951171875,250100.0,139.8800048828125,137.6300048828125,133.1436004638672
08-02-2018,133.57000732421875,137.52999877929688,293800.0,137.57000732421875,133.64999389648438,129.2932891845703
09-02-2018,131.67999267578125,135.2899932861328,289300.0,137.58999633789062,136.4600067138672,132.01170349121094
12-02-2018,135.44000244140625,136.97999572753906,272800.0,138.2899932861328,136.91000366210938,132.44705200195312
13-02-2018,135.3000030517578,135.5500030517578,148200.0,137.61000061035156,137.27000427246094,132.79531860351562
14-02-2018,136.10000610351562,136.2899932861328,174600.0,140.36000061035156,139.6300048828125,135.07835388183594
15-02-2018,136.94000244140625,140.1699981689453,196000.0,140.25,139.0,134.46893310546875
16-02-2018,137.8699951171875,138.9499969482422,221200.0,140.66000366210938,138.88999938964844,134.6531219482422
20-02-2018,137.91000366210938,138.6999969482422,221100.0,140.9199981689453,138.57000732421875,134.34288024902344
21-02-2018,137.32000732421875,138.36000061035156,246300.0,141.9600067138672,139.3300018310547,135.0797119140625
22-02-2018,135.72999572753906,140.77000427246094,341500.0,142.52000427246094,141.41000366210938,137.0962677001953
23-02-2018,132.36000061035156,136.9499969482422,742400.0,140.99000549316406,136.5500030517578,132.38450622558594
26-02-2018,134.8800048828125,136.77999877929688,291500.0,138.85000610351562,138.5500030517578,134.32347106933594
27-02-2018,136.85000610351562,138.80999755859375,247900.0,138.88999938964844,137.5399932861328,133.3442840576172
28-02-2018,134.02000427246094,138.44000244140625,282300.0,138.80999755859375,134.07000732421875,129.98016357421875
01-03-2018,132.25999450683594,134.0800018310547,254100.0,137.72000122070312,133.89999389648438,129.8153533935547
02-03-2018,131.5500030517578,132.33999633789062,190900.0,135.10000610351562,134.8000030517578,130.68788146972656
05-03-2018,133.0,134.22000122070312,176100.0,136.4600067138672,135.94000244140625,131.79315185546875
06-03-2018,136.00999450683594,136.75999450683594,167800.0,137.49000549316406,136.5399932861328,132.3748016357422
07-03-2018,135.27999877929688,135.27999877929688,275300.0,138.1300048828125,137.66000366210938,133.46067810058594
08-03-2018,135.6699981689453,138.44000244140625,183900.0,138.4600067138672,137.6999969482422,133.4994659423828
09-03-2018,136.97000122070312,138.17999267578125,177200.0,140.10000610351562,139.97999572753906,135.70986938476562
12-03-2018,138.75,140.11000061035156,156500.0,140.8300018310547,139.69000244140625,135.42872619628906
13-03-2018,139.50999450683594,140.44000244140625,150600.0,141.22000122070312,140.10000610351562,135.8262176513672
14-03-2018,138.6999969482422,140.50999450683594,163800.0,141.27999877929688,139.22000122070312,134.97305297851562
15-03-2018,137.6199951171875,139.64999389648438,150800.0,140.86000061035156,139.02000427246094,134.77915954589844
16-03-2018,137.9499969482422,139.08999633789062,377400.0,140.2899932861328,139.27000427246094,135.02151489257812
19-03-2018,137.50999450683594,139.0,197600.0,139.74000549316406,139.52000427246094,135.26394653320312
20-03-2018,139.7100067138672,139.7100067138672,192800.0,142.5,141.88999938964844,137.5615997314453
21-03-2018,140.60000610351562,141.63999938964844,172200.0,142.27999877929688,140.77999877929688,136.48550415039062
22-03-2018,135.16000366210938,139.61000061035156,217600.0,139.61000061035156,135.27000427246094,131.1435546875
23-03-2018,133.80999755859375,135.41000366210938,213900.0,137.0,133.9499969482422,129.8638458251953
26-03-2018,134.8000030517578,136.11000061035156,128200.0,138.13999938964844,137.4499969482422,133.25704956054688
27-03-2018,134.00999450683594,137.80999755859375,185800.0,137.80999755859375,134.64999389648438,130.54246520996094
28-03-2018,132.7899932861328,134.38999938964844,261300.0,135.35000610351562,134.0,129.9123077392578
29-03-2018,133.60000610351562,134.99000549316406,175900.0,137.6300048828125,136.33999633789062,132.180908203125
02-04-2018,131.52999877929688,136.07000732421875,157800.0,136.4499969482422,132.7100067138672,128.66165161132812
03-04-2018,131.50999450683594,133.64999389648438,320400.0,135.64999389648438,135.38999938964844,131.2598876953125
04-04-2018,132.58999633789062,133.3699951171875,433600.0,135.9600067138672,135.75999450683594,131.61859130859375
05-04-2018,134.57000732421875,136.64999389648438,193100.0,136.83999633789062,136.50999450683594,132.34573364257812
06-04-2018,130.41000366210938,135.33999633789062,180700.0,136.5800018310547,131.3800048828125,127.37222290039062
09-04-2018,132.10000610351562,132.69000244140625,489400.0,135.27999877929688,132.3000030517578,128.26414489746094
10-04-2018,134.17999267578125,134.30999755859375,464000.0,137.19000244140625,136.00999450683594,131.86097717285156
11-04-2018,133.85000610351562,135.16000366210938,171600.0,136.74000549316406,135.22000122070312,131.09510803222656
12-04-2018,134.83999633789062,135.6699981689453,267600.0,137.57000732421875,136.82000732421875,132.6462860107422
13-04-2018,135.89999389648438,137.44000244140625,168700.0,137.83999633789062,136.7100067138672,132.53965759277344
16-04-2018,136.7899932861328,137.49000549316406,147800.0,139.57000732421875,139.5,135.24452209472656
17-04-2018,138.7899932861328,140.0,193300.0,141.25,140.6199951171875,136.330322265625
18-04-2018,139.24000549316406,140.8300018310547,114000.0,141.27999877929688,141.05999755859375,136.75694274902344
19-04-2018,139.14999389648438,140.72999572753906,354600.0,141.75,141.52000427246094,137.20291137695312
20-04-2018,139.32000732421875,140.8000030517578,171900.0,141.9600067138672,139.85000610351562,135.58384704589844
23-04-2018,137.4600067138672,139.00999450683594,268700.0,141.50999450683594,137.91000366210938,133.7030487060547
24-04-2018,133.32000732421875,138.66000366210938,157600.0,139.8000030517578,135.2100067138672,131.08541870117188
25-04-2018,132.5800018310547,135.35000610351562,184800.0,136.2100067138672,132.72000122070312,128.6713409423828
26-04-2018,131.49000549316406,132.99000549316406,194900.0,134.36000061035156,131.9600067138672,127.93453216552734
27-04-2018,130.25,132.24000549316406,179700.0,132.24000549316406,130.99000549316406,126.99413299560547
30-04-2018,128.5500030517578,131.30999755859375,168500.0,132.0,128.60000610351562,124.67703247070312
01-05-2018,126.19999694824219,128.47999572753906,281300.0,128.47999572753906,127.48999786376953,123.60089874267578
02-05-2018,127.12999725341797,127.8499984741211,235200.0,128.77000427246094,127.25,123.36820983886719
03-05-2018,125.26000213623047,126.95999908447266,167300.0,128.4600067138672,127.61000061035156,123.71723175048828
04-05-2018,125.80000305175781,126.94999694824219,156000.0,130.32000732421875,129.77000427246094,125.81134033203125
07-05-2018,125.0,129.91000366210938,147000.0,131.7899932861328,131.05999755859375,127.06196594238281
08-05-2018,130.8699951171875,131.0500030517578,100000.0,132.22000122070312,131.72000122070312,127.70185089111328
09-05-2018,130.72000122070312,132.19000244140625,134400.0,132.61000061035156,132.5399932861328,128.49684143066406
10-05-2018,131.67999267578125,132.67999267578125,258000.0,133.38999938964844,132.36000061035156,128.32232666015625
11-05-2018,131.25999450683594,132.86000061035156,104400.0,133.8800048828125,132.25,128.2156982421875
14-05-2018,132.50999450683594,132.6999969482422,262400.0,134.5,133.2899932861328,129.22396850585938
15-05-2018,129.82000732421875,132.22000122070312,199900.0,132.6999969482422,132.2100067138672,128.17691040039062
16-05-2018,132.50999450683594,132.50999450683594,104900.0,134.8699951171875,134.17999267578125,130.0867919921875
17-05-2018,133.66000366210938,134.24000549316406,166100.0,134.88999938964844,134.0500030517578,129.96078491210938
18-05-2018,133.63999938964844,134.1300048828125,209100.0,135.52000427246094,134.9600067138672,130.843017578125
21-05-2018,135.97000122070312,135.97999572753906,421600.0,139.72999572753906,139.6199951171875,135.36087036132812
22-05-2018,128.24000549316406,131.11000061035156,1318900.0,134.11000061035156,129.25,125.30721282958984
23-05-2018,126.08999633789062,128.1699981689453,483100.0,128.8300018310547,127.0,123.1258316040039
24-05-2018,125.98999786376953,126.6500015258789,276200.0,129.19000244140625,128.64999389648438,124.72549438476562
25-05-2018,126.80000305175781,128.3800048828125,201700.0,128.41000366210938,127.55999755859375,123.95780181884766
29-05-2018,126.38999938964844,126.80999755859375,308600.0,128.35000610351562,127.52999877929688,123.92865753173828
30-05-2018,126.11000061035156,127.87000274658203,276100.0,128.61000061035156,128.41000366210938,124.7838134765625
31-05-2018,125.33000183105469,128.5,184600.0,128.7100067138672,125.62999725341797,122.08229064941406
01-06-2018,126.69999694824219,127.29000091552734,168500.0,128.0,126.72000122070312,123.14152526855469
04-06-2018,126.5199966430664,127.22000122070312,184100.0,129.22999572753906,129.16000366210938,125.51264190673828
05-06-2018,129.5,129.5,295200.0,131.82000732421875,130.8699951171875,127.17436218261719
06-06-2018,130.3699951171875,130.5,201900.0,131.5,131.4600067138672,127.74769592285156
07-06-2018,130.38999938964844,131.92999267578125,131600.0,132.33999633789062,131.6300048828125,127.91288757324219
08-06-2018,131.3699951171875,131.63999938964844,189000.0,133.00999450683594,132.9199981689453,129.1664276123047
11-06-2018,131.16000366210938,133.27999877929688,127600.0,134.3699951171875,132.35000610351562,128.61253356933594
12-06-2018,130.6699981689453,132.33999633789062,137600.0,133.5500030517578,131.63999938964844,127.92259979248047
13-06-2018,128.8000030517578,131.80999755859375,171500.0,131.80999755859375,129.07000732421875,125.42515563964844
14-06-2018,128.92999267578125,129.72000122070312,149300.0,130.49000549316406,129.5399932861328,125.88189697265625
15-06-2018,128.17999267578125,129.91000366210938,374200.0,130.63999938964844,130.5500030517578,126.86337280273438
18-06-2018,129.0399932861328,129.99000549316406,197800.0,131.19000244140625,131.0,127.3006591796875
19-06-2018,128.99000549316406,129.60000610351562,245600.0,131.11000061035156,129.55999755859375,125.9013442993164
20-06-2018,129.11000061035156,129.85000610351562,135400.0,130.6199951171875,130.5399932861328,126.85364532470703
21-06-2018,129.2100067138672,130.22000122070312,248400.0,130.74000549316406,130.4199981689453,126.737060546875
22-06-2018,129.64999389648438,131.2100067138672,611200.0,131.6699981689453,130.49000549316406,126.8050765991211
25-06-2018,127.94000244140625,130.0500030517578,246400.0,130.0500030517578,129.49000549316406,125.83332824707031
26-06-2018,128.4499969482422,130.0399932861328,197500.0,131.25999450683594,128.5500030517578,124.91985321044922
27-06-2018,126.16999816894531,129.0500030517578,225400.0,129.94000244140625,126.26000213623047,122.69452667236328
28-06-2018,125.36000061035156,126.4800033569336,143500.0,127.94000244140625,127.70999908447266,124.10357666015625
29-06-2018,128.30999755859375,128.39999389648438,239800.0,129.86000061035156,128.41000366210938,124.7838134765625
02-07-2018,126.1500015258789,127.20999908447266,205400.0,128.8000030517578,128.4199981689453,124.79351806640625
03-07-2018,127.1500015258789,128.36000061035156,106900.0,129.5500030517578,127.37999725341797,123.78287506103516
05-07-2018,127.6500015258789,128.10000610351562,367700.0,130.4199981689453,130.24000549316406,126.56214904785156
06-07-2018,128.89999389648438,130.0,150400.0,130.57000732421875,129.0500030517578,125.40572357177734
09-07-2018,129.6999969482422,129.75999450683594,184300.0,132.60000610351562,132.36000061035156,128.6222686767578
10-07-2018,130.92999267578125,132.92999267578125,164700.0,133.30999755859375,131.9499969482422,128.22384643554688
11-07-2018,129.25,131.38999938964844,152100.0,131.38999938964844,130.0,126.32891845703125
12-07-2018,129.4199981689453,130.50999450683594,133700.0,131.0500030517578,130.97999572753906,127.2812271118164
13-07-2018,131.11000061035156,131.11000061035156,162400.0,132.83999633789062,131.47999572753906,127.76712036132812
16-07-2018,128.25999450683594,131.39999389648438,161300.0,131.39999389648438,128.94000244140625,125.29883575439453
17-07-2018,128.9600067138672,129.08999633789062,148200.0,130.27999877929688,130.05999755859375,126.38721466064453
18-07-2018,129.41000366210938,130.22000122070312,181100.0,131.4199981689453,131.0800018310547,127.37841033935547
19-07-2018,129.4499969482422,130.6300048828125,164500.0,131.17999267578125,131.0500030517578,127.34925842285156
20-07-2018,130.07000732421875,130.8699951171875,395400.0,132.5,131.41000366210938,127.69908905029297
23-07-2018,128.6699981689453,130.89999389648438,141600.0,132.8000030517578,128.85000610351562,125.21138000488281
24-07-2018,128.9600067138672,129.5,131800.0,131.80999755859375,129.64999389648438,125.9887924194336
25-07-2018,128.02999877929688,129.52000427246094,358400.0,131.52999877929688,129.57000732421875,125.91105651855469
26-07-2018,129.82000732421875,129.97000122070312,276300.0,133.4499969482422,133.0,129.24420166015625
27-07-2018,132.02999877929688,133.3300018310547,190700.0,134.27000427246094,132.6699981689453,128.9235382080078
30-07-2018,131.72000122070312,132.91000366210938,166500.0,134.30999755859375,131.74000549316406,128.019775390625
31-07-2018,130.50999450683594,132.41000366210938,271700.0,134.72000122070312,134.11000061035156,130.3228302001953
01-08-2018,132.42999267578125,134.3300018310547,184100.0,134.50999450683594,132.60000610351562,128.85549926757812
02-08-2018,131.27999877929688,132.17999267578125,105700.0,133.47999572753906,132.8800048828125,129.12759399414062
03-08-2018,132.27999877929688,133.17999267578125,99400.0,134.4600067138672,133.08999633789062,129.33164978027344
06-08-2018,132.25999450683594,133.1699981689453,86400.0,133.5,133.44000244140625,129.67176818847656
07-08-2018,133.72000122070312,133.72000122070312,80600.0,134.88999938964844,133.9499969482422,130.16737365722656
08-08-2018,132.88999938964844,133.94000244140625,97400.0,133.94000244140625,133.44000244140625,129.67176818847656
09-08-2018,131.8800048828125,133.6199951171875,204200.0,134.0399932861328,133.0800018310547,129.32192993164062
10-08-2018,131.47000122070312,132.6699981689453,124100.0,133.91000366210938,133.42999267578125,129.6620330810547
13-08-2018,131.22000122070312,133.75999450683594,144800.0,133.91000366210938,131.5399932861328,127.8254165649414
14-08-2018,132.44000244140625,132.44000244140625,112400.0,134.44000244140625,133.9199981689453,130.13819885253906
15-08-2018,129.69000244140625,132.83999633789062,112000.0,133.02000427246094,132.88999938964844,129.1372833251953
16-08-2018,133.52000427246094,133.52000427246094,157400.0,136.60000610351562,135.3300018310547,131.50840759277344
17-08-2018,134.57000732421875,135.41000366210938,142600.0,135.7899932861328,134.99000549316406,131.177978515625
20-08-2018,134.32000732421875,134.9499969482422,478300.0,135.69000244140625,134.69000244140625,131.22671508789062
21-08-2018,123.7699966430664,124.58999633789062,691700.0,135.17999267578125,133.75,130.31088256835938
22-08-2018,132.6300048828125,134.1699981689453,205900.0,134.67999267578125,133.7100067138672,130.27191162109375
23-08-2018,132.30999755859375,133.6699981689453,200300.0,134.55999755859375,134.3300018310547,130.87596130371094
24-08-2018,134.1300048828125,134.5,120400.0,135.94000244140625,135.88999938964844,132.3958282470703
27-08-2018,135.19000244140625,136.0,166400.0,137.88999938964844,137.7899932861328,134.2469940185547
28-08-2018,137.41000366210938,137.9600067138672,156800.0,138.9600067138672,138.14999389648438,134.5977325439453
29-08-2018,136.30999755859375,138.05999755859375,192300.0,140.64999389648438,139.35000610351562,135.7668914794922
30-08-2018,137.83999633789062,139.0,101000.0,139.5,138.1300048828125,134.57826232910156
31-08-2018,137.38999938964844,137.6999969482422,141200.0,139.3300018310547,139.02000427246094,135.44537353515625
04-09-2018,137.4600067138672,139.02999877929688,127700.0,139.3699951171875,139.22000122070312,135.64024353027344
05-09-2018,138.69000244140625,138.69000244140625,170000.0,141.5,141.17999267578125,137.5498504638672
06-09-2018,140.67999267578125,141.02000427246094,375700.0,144.05999755859375,142.9199981689453,139.2450714111328
07-09-2018,140.7899932861328,142.61000061035156,205400.0,143.6699981689453,142.33999633789062,138.6800079345703
10-09-2018,142.41000366210938,143.4499969482422,180100.0,144.91000366210938,142.5399932861328,138.87484741210938
11-09-2018,140.89999389648438,142.14999389648438,106600.0,142.58999633789062,141.80999755859375,138.1636199951172
12-09-2018,141.72000122070312,142.72999572753906,164000.0,143.97999572753906,143.75999450683594,140.06350708007812
13-09-2018,142.25999450683594,144.5,171000.0,145.0,144.64999389648438,140.9306182861328
14-09-2018,141.5,141.5,233700.0,145.8699951171875,144.94000244140625,141.21315002441406
17-09-2018,143.6999969482422,144.36000061035156,220600.0,146.4199981689453,145.41000366210938,141.6710662841797
18-09-2018,143.38999938964844,146.00999450683594,150100.0,146.83999633789062,145.38999938964844,141.6515655517578
19-09-2018,142.60000610351562,144.66000366210938,184600.0,146.3699951171875,144.5399932861328,140.82342529296875
20-09-2018,143.10000610351562,145.30999755859375,139400.0,145.77999877929688,145.3000030517578,141.5639190673828
21-09-2018,141.85000610351562,141.85000610351562,554200.0,146.39999389648438,145.27000427246094,141.53466796875
24-09-2018,143.17999267578125,145.24000549316406,164800.0,145.24000549316406,144.4199981689453,140.70651245117188
25-09-2018,142.94000244140625,145.1699981689453,153600.0,145.1699981689453,143.36000061035156,139.67376708984375
26-09-2018,140.63999938964844,143.52999877929688,215600.0,143.52999877929688,140.77000427246094,137.15037536621094
27-09-2018,139.24000549316406,140.80999755859375,227000.0,141.4600067138672,139.8000030517578,136.205322265625
28-09-2018,138.64999389648438,139.94000244140625,195300.0,140.75999450683594,138.89999389648438,135.32843017578125
01-10-2018,137.22999572753906,139.63999938964844,156500.0,140.19000244140625,137.52999877929688,133.9936981201172
02-10-2018,137.05999755859375,137.05999755859375,132400.0,139.13999938964844,138.8699951171875,135.2992401123047
03-10-2018,139.0399932861328,139.72999572753906,181300.0,139.88999938964844,139.35000610351562,135.7668914794922
04-10-2018,136.67999267578125,138.8699951171875,217100.0,139.7100067138672,137.5800018310547,134.04238891601562
05-10-2018,135.47000122070312,138.13999938964844,129500.0,141.0,136.36000061035156,132.853759765625
08-10-2018,134.13999938964844,135.75999450683594,176100.0,136.6699981689453,135.1300048828125,131.6553955078125
09-10-2018,133.1199951171875,135.02000427246094,157100.0,135.82000732421875,133.32000732421875,129.89195251464844
10-10-2018,127.80000305175781,132.6699981689453,393500.0,132.6699981689453,128.1300048828125,124.83538818359375
11-10-2018,124.80999755859375,128.0,274800.0,129.64999389648438,124.91000366210938,121.69819641113281
12-10-2018,124.0,127.37000274658203,214400.0,127.37000274658203,125.55000305175781,122.32173919677734
15-10-2018,125.18000030517578,125.6500015258789,150500.0,127.12999725341797,126.37999725341797,123.13037872314453
16-10-2018,126.0199966430664,126.9800033569336,186400.0,130.02999877929688,129.52999877929688,126.19938659667969
17-10-2018,125.23999786376953,129.7100067138672,187900.0,131.5,128.44000244140625,125.13742065429688
18-10-2018,125.2699966430664,128.38999938964844,168400.0,128.39999389648438,125.5199966430664,122.29251098632812
19-10-2018,122.63999938964844,125.75,335800.0,126.19000244140625,122.81999969482422,119.66193389892578
22-10-2018,121.7699966430664,123.26000213623047,161200.0,123.5999984741211,121.86000061035156,118.72660064697266
23-10-2018,117.4800033569336,119.33000183105469,304400.0,120.02999877929688,118.0,114.96587371826172
24-10-2018,112.91000366210938,118.08000183105469,291500.0,118.93000030517578,113.08999633789062,110.18211364746094
25-10-2018,113.51000213623047,114.02999877929688,253900.0,117.04000091552734,115.20999908447266,112.24760437011719
26-10-2018,111.16999816894531,113.69999694824219,217300.0,117.08000183105469,115.98999786376953,113.00753021240234
29-10-2018,114.01000213623047,117.37000274658203,224800.0,119.29000091552734,115.51000213623047,112.5398941040039
30-10-2018,115.5199966430664,115.5199966430664,271700.0,120.58000183105469,120.26000213623047,117.1677474975586
31-10-2018,119.80000305175781,121.70999908447266,475400.0,123.38999938964844,122.66999816894531,119.51577758789062
01-11-2018,121.47000122070312,123.20999908447266,232900.0,127.5199966430664,126.83000183105469,123.56881713867188
02-11-2018,126.38999938964844,128.07000732421875,237600.0,128.3800048828125,127.98999786376953,124.698974609375
05-11-2018,125.98999786376953,128.0800018310547,293500.0,128.8000030517578,126.7699966430664,123.51036071777344
06-11-2018,125.48999786376953,126.7300033569336,193100.0,128.5,126.36000061035156,123.11090087890625
07-11-2018,126.16999816894531,126.98999786376953,141900.0,130.16000366210938,129.72000122070312,126.38451385498047
08-11-2018,129.19000244140625,129.67999267578125,149400.0,130.60000610351562,130.0399932861328,126.69628143310547
09-11-2018,126.45999908447266,129.25999450683594,180300.0,130.05999755859375,128.22000122070312,124.92308044433594
12-11-2018,124.44000244140625,127.77999877929688,275900.0,128.07000732421875,124.69999694824219,121.49356842041016
13-11-2018,123.81999969482422,125.12999725341797,272600.0,126.16999816894531,124.66000366210938,121.45462799072266
14-11-2018,124.5199966430664,125.87999725341797,284000.0,127.79000091552734,125.83000183105469,122.59453582763672
15-11-2018,124.1500015258789,125.12999725341797,185700.0,128.72000122070312,127.81999969482422,124.53336334228516
16-11-2018,124.37999725341797,126.81999969482422,195300.0,128.10000610351562,127.33000183105469,124.05596160888672
19-11-2018,124.7300033569336,126.80999755859375,159000.0,128.5399932861328,125.11000061035156,121.8930435180664
20-11-2018,120.6500015258789,123.44999694824219,261700.0,125.01000213623047,121.73999786376953,118.60968017578125
21-11-2018,122.13999938964844,122.13999938964844,147800.0,126.08000183105469,124.58000183105469,121.37667083740234
23-11-2018,122.80999755859375,123.30999755859375,71300.0,125.04000091552734,123.80999755859375,120.62646484375
26-11-2018,124.29000091552734,125.08000183105469,159300.0,126.38999938964844,124.9000015258789,121.68843841552734
27-11-2018,117.58999633789062,120.80000305175781,359900.0,122.5199966430664,118.55000305175781,115.5017318725586
28-11-2018,117.44000244140625,119.2300033569336,267700.0,121.2300033569336,121.19999694824219,118.08358001708984
29-11-2018,116.5999984741211,117.43000030517578,415900.0,120.5,118.0,114.96587371826172
30-11-2018,117.33999633789062,117.76000213623047,407400.0,121.38999938964844,120.41000366210938,117.31389617919922
03-12-2018,120.66999816894531,123.05999755859375,266000.0,124.37999725341797,121.91000366210938,118.77533721923828
04-12-2018,115.66000366210938,121.66999816894531,263700.0,122.68000030517578,116.12999725341797,113.1439437866211
06-12-2018,110.75,113.36000061035156,491500.0,115.7699966430664,115.51000213623047,112.5398941040039
07-12-2018,112.41000366210938,115.68000030517578,340000.0,117.93000030517578,113.47000122070312,110.5523452758789
10-12-2018,111.7300033569336,113.44999694824219,360500.0,114.44999694824219,113.0999984741211,110.19184875488281
11-12-2018,110.51000213623047,114.83999633789062,421500.0,115.9000015258789,110.68000030517578,107.83409118652344
12-12-2018,110.16000366210938,111.0,513600.0,113.8499984741211,112.06999969482422,109.18834686279297
13-12-2018,115.43000030517578,118.56999969482422,1005300.0,121.0999984741211,119.16000366210938,116.09603881835938
14-12-2018,117.23999786376953,117.23999786376953,516100.0,121.26000213623047,118.55000305175781,115.5017318725586
17-12-2018,114.19999694824219,118.48999786376953,431500.0,119.62000274658203,114.77999877929688,111.82865905761719
18-12-2018,114.52999877929688,115.76000213623047,521000.0,118.63999938964844,116.29000091552734,113.29984283447266
19-12-2018,113.80000305175781,116.41999816894531,494600.0,118.81999969482422,114.77999877929688,111.82865905761719
20-12-2018,113.05999755859375,113.58000183105469,541700.0,116.88999938964844,114.73999786376953,112.13160705566406
21-12-2018,113.26000213623047,115.19999694824219,894600.0,116.52999877929688,113.45999908447266,110.88070678710938
24-12-2018,111.06999969482422,112.43000030517578,252200.0,114.26000213623047,111.87000274658203,109.32685089111328
26-12-2018,112.13999938964844,112.47000122070312,292700.0,117.54000091552734,117.41999816894531,114.75067901611328
27-12-2018,112.97000122070312,115.2300033569336,374400.0,117.81999969482422,117.80999755859375,115.13182067871094
28-12-2018,116.25,118.0999984741211,283500.0,120.23999786376953,117.5999984741211,114.92658996582031
31-12-2018,116.62999725341797,118.22000122070312,288500.0,119.44999694824219,119.3499984741211,116.63681030273438
02-01-2019,115.79000091552734,116.98999786376953,400000.0,118.73999786376953,117.06999969482422,114.40863800048828
03-01-2019,111.8499984741211,114.7300033569336,375900.0,115.80999755859375,112.76000213623047,110.1966323852539
04-01-2019,114.11000061035156,114.3499984741211,333900.0,117.52999877929688,116.7699966430664,114.11546325683594
07-01-2019,115.91000366210938,117.0999984741211,255100.0,118.13999938964844,116.94999694824219,114.2913589477539
08-01-2019,118.68000030517578,118.69999694824219,318900.0,121.19000244140625,120.02999877929688,117.30136108398438
09-01-2019,120.11000061035156,120.94000244140625,252600.0,123.83999633789062,122.98999786376953,120.1940689086914
10-01-2019,122.33000183105469,122.69999694824219,230700.0,124.62000274658203,124.4800033569336,121.65019989013672
11-01-2019,121.94999694824219,123.72000122070312,333800.0,124.0,122.73999786376953,119.94973754882812
14-01-2019,120.19999694824219,121.41000366210938,234600.0,123.5,122.37999725341797,119.59791564941406
15-01-2019,120.73999786376953,122.38999938964844,212900.0,123.80999755859375,122.58000183105469,119.79338836669922
16-01-2019,122.47000122070312,122.47000122070312,153800.0,124.4800033569336,123.6500015258789,120.83904266357422
17-01-2019,122.01000213623047,123.19999694824219,281900.0,125.63999938964844,125.06999969482422,122.22677612304688
18-01-2019,124.37000274658203,125.0,242100.0,129.47999572753906,128.27999877929688,125.36380767822266
22-01-2019,124.3499984741211,127.08000183105469,204800.0,127.56999969482422,125.41000366210938,122.55905151367188
23-01-2019,123.80000305175781,126.30000305175781,171400.0,127.1500015258789,124.95999908447266,122.1192855834961
24-01-2019,124.4800033569336,125.19000244140625,156200.0,126.58000183105469,126.31999969482422,123.4483642578125
25-01-2019,124.72000122070312,127.58000183105469,190200.0,129.1199951171875,127.69999694824219,124.79698181152344
28-01-2019,126.30000305175781,126.9000015258789,242200.0,128.02999877929688,127.62000274658203,124.71881866455078
29-01-2019,127.76000213623047,128.6699981689453,176700.0,129.41000366210938,128.07000732421875,125.15858459472656
30-01-2019,127.08999633789062,129.27999877929688,181900.0,129.99000549316406,129.19000244140625,126.25312805175781
31-01-2019,127.68000030517578,128.92999267578125,245300.0,130.39999389648438,129.63999938964844,126.69287872314453
01-02-2019,127.86000061035156,129.5500030517578,217700.0,131.22000122070312,130.66000366210938,127.68970489501953
04-02-2019,129.89999389648438,131.0500030517578,151800.0,132.36000061035156,132.24000549316406,129.23377990722656
05-02-2019,129.4199981689453,132.66000366210938,191900.0,133.77000427246094,133.05999755859375,130.03515625
06-02-2019,132.33999633789062,132.33999633789062,272900.0,135.13999938964844,134.0399932861328,130.99285888671875
07-02-2019,130.0,133.08999633789062,294800.0,133.75999450683594,132.33999633789062,129.3314971923828
08-02-2019,130.05999755859375,131.97999572753906,276100.0,132.64999389648438,132.58999633789062,129.57582092285156
11-02-2019,132.3300018310547,132.66000366210938,166800.0,133.77999877929688,133.1300048828125,130.10354614257812
12-02-2019,134.07000732421875,134.38999938964844,162000.0,136.52000427246094,136.41000366210938,133.30899047851562
13-02-2019,136.55999755859375,136.83999633789062,188900.0,138.10000610351562,137.25999450683594,134.13966369628906
14-02-2019,135.6999969482422,136.44000244140625,557000.0,138.63999938964844,138.1999969482422,135.0583038330078
15-02-2019,137.1199951171875,138.5,223400.0,140.0,139.6699981689453,136.494873046875
19-02-2019,137.75999450683594,139.3300018310547,236400.0,140.6199951171875,139.25999450683594,136.09420776367188
20-02-2019,138.60000610351562,139.92999267578125,394700.0,140.02999877929688,138.82000732421875,135.6641845703125
21-02-2019,133.89999389648438,135.0,703300.0,139.5500030517578,135.08999633789062,132.01898193359375
22-02-2019,134.67999267578125,135.0399932861328,316600.0,137.5,137.47000122070312,134.3448944091797
25-02-2019,137.17999267578125,137.4199981689453,244100.0,140.0,138.6300048828125,135.82432556152344
26-02-2019,136.72000122070312,138.25,168400.0,138.72000122070312,136.74000549316406,133.9725799560547
27-02-2019,135.3699951171875,136.66000366210938,195500.0,137.13999938964844,136.69000244140625,133.923583984375
28-02-2019,134.17999267578125,136.83999633789062,198100.0,136.83999633789062,135.75999450683594,133.01239013671875
01-03-2019,135.0500030517578,136.6300048828125,185500.0,137.4199981689453,135.47000122070312,132.72828674316406
04-03-2019,134.1699981689453,135.9600067138672,278100.0,137.25999450683594,136.42999267578125,133.66888427734375
05-03-2019,135.60000610351562,136.36000061035156,282400.0,138.5800018310547,136.9499969482422,134.1783447265625
06-03-2019,135.17999267578125,137.1300048828125,296500.0,137.6699981689453,135.7899932861328,133.04180908203125
07-03-2019,132.8699951171875,135.99000549316406,297200.0,135.99000549316406,133.24000549316406,130.54342651367188
08-03-2019,130.32000732421875,132.10000610351562,231600.0,132.3300018310547,131.9499969482422,129.27951049804688
11-03-2019,131.58999633789062,131.82000732421875,222200.0,132.7899932861328,132.41000366210938,129.730224609375
12-03-2019,131.64999389648438,132.41000366210938,213900.0,132.8300018310547,132.35000610351562,129.67144775390625
13-03-2019,131.61000061035156,133.00999450683594,204700.0,133.00999450683594,132.2899932861328,129.61264038085938
14-03-2019,131.0399932861328,132.36000061035156,217500.0,132.36000061035156,131.22999572753906,128.57411193847656
15-03-2019,130.27000427246094,131.52999877929688,590000.0,132.80999755859375,130.38999938964844,127.75110626220703
18-03-2019,130.3800048828125,130.5399932861328,208300.0,133.02999877929688,132.97000122070312,130.2788848876953
19-03-2019,132.5800018310547,133.17999267578125,152000.0,134.22999572753906,132.9199981689453,130.22988891601562
20-03-2019,130.64999389648438,132.72999572753906,203900.0,134.1199951171875,131.74000549316406,129.07379150390625
21-03-2019,131.1300048828125,131.17999267578125,161500.0,134.5,133.80999755859375,131.1018524169922
22-03-2019,127.8499984741211,132.8699951171875,160500.0,133.25,127.94999694824219,125.36046600341797
25-03-2019,127.79000091552734,127.87999725341797,111500.0,129.50999450683594,128.55999755859375,125.95813751220703
26-03-2019,129.08999633789062,129.7100067138672,112100.0,130.69000244140625,130.2899932861328,127.65311431884766
27-03-2019,129.75,130.4600067138672,117700.0,130.97000122070312,129.8800048828125,127.2514419555664
28-03-2019,129.9499969482422,129.9499969482422,106800.0,131.97999572753906,131.55999755859375,128.89739990234375
29-03-2019,132.13999938964844,132.47000122070312,129600.0,133.33999633789062,132.52000427246094,129.8380126953125
01-04-2019,131.19000244140625,133.1699981689453,178300.0,136.0399932861328,135.83999633789062,133.09078979492188
02-04-2019,134.61000061035156,136.0500030517578,190900.0,136.80999755859375,136.4499969482422,133.68846130371094
03-04-2019,136.77999877929688,137.0,131400.0,138.3000030517578,137.3800048828125,134.599609375
04-04-2019,137.10000610351562,137.64999389648438,171200.0,138.99000549316406,137.72000122070312,134.9327392578125
05-04-2019,136.88999938964844,137.13999938964844,166200.0,139.07000732421875,138.9600067138672,136.14764404296875
08-04-2019,137.2899932861328,138.25999450683594,95800.0,139.91000366210938,139.8800048828125,137.04904174804688
09-04-2019,136.85000610351562,139.1699981689453,159200.0,139.47000122070312,138.83999633789062,136.03005981445312
10-04-2019,138.38999938964844,138.97000122070312,233500.0,141.47999572753906,140.88999938964844,138.03858947753906
11-04-2019,140.1199951171875,141.1300048828125,131400.0,141.6199951171875,141.4199981689453,138.557861328125
12-04-2019,141.5,142.0,177000.0,144.33999633789062,144.24000549316406,141.32080078125
15-04-2019,142.9600067138672,143.69000244140625,155900.0,144.5,144.08999633789062,141.17379760742188
16-04-2019,144.5500030517578,145.0,235700.0,146.39999389648438,144.9499969482422,142.0164337158203
17-04-2019,144.25999450683594,145.60000610351562,176500.0,146.8000030517578,144.3800048828125,141.45797729492188
18-04-2019,143.86000061035156,145.0399932861328,151200.0,146.25,146.10000610351562,143.1431427001953
22-04-2019,144.55999755859375,145.47999572753906,124100.0,145.83999633789062,145.75999450683594,142.8100128173828
23-04-2019,145.77000427246094,146.36000061035156,244900.0,149.22999572753906,148.1199951171875,145.12225341796875
24-04-2019,147.24000549316406,148.10000610351562,160400.0,149.1699981689453,147.3800048828125,144.39724731445312
25-04-2019,143.2100067138672,146.49000549316406,137300.0,146.77000427246094,143.61000061035156,140.7035369873047
26-04-2019,143.07000732421875,143.4499969482422,133100.0,145.57000732421875,145.0800018310547,142.143798828125
29-04-2019,145.24000549316406,145.39999389648438,131100.0,146.74000549316406,146.60000610351562,143.63304138183594
30-04-2019,144.30999755859375,145.47999572753906,340100.0,146.35000610351562,145.9499969482422,142.99620056152344
01-05-2019,142.83999633789062,146.6699981689453,168900.0,146.6699981689453,144.2899932861328,141.36976623535156
02-05-2019,143.02999877929688,144.00999450683594,119500.0,145.52999877929688,145.30999755859375,142.36911010742188
03-05-2019,146.05999755859375,146.24000549316406,131400.0,149.07000732421875,148.86000061035156,145.84727478027344
06-05-2019,145.5,146.16000366210938,195800.0,148.3699951171875,147.6199951171875,144.6323699951172
07-05-2019,143.0,146.13999938964844,115200.0,146.13999938964844,145.10000610351562,142.16339111328125
08-05-2019,144.07000732421875,144.8000030517578,126300.0,145.94000244140625,144.36000061035156,141.4383544921875
09-05-2019,141.32000732421875,143.07000732421875,143800.0,143.92999267578125,143.27000427246094,140.3704376220703
10-05-2019,139.61000061035156,142.33999633789062,155000.0,143.35000610351562,142.9600067138672,140.0666961669922
13-05-2019,137.39999389648438,140.25999450683594,150100.0,140.3000030517578,137.9600067138672,135.16786193847656
14-05-2019,137.35000610351562,138.32000732421875,175800.0,138.99000549316406,137.72999572753906,134.94253540039062
15-05-2019,135.0500030517578,136.27000427246094,239100.0,138.86000061035156,137.9499969482422,135.15811157226562
16-05-2019,137.75,138.42999267578125,246100.0,139.16000366210938,138.25999450683594,135.46180725097656
17-05-2019,135.17999267578125,136.6999969482422,275500.0,137.52999877929688,135.22999572753906,132.49313354492188
20-05-2019,130.39999389648438,133.38999938964844,570500.0,134.47000122070312,130.58999633789062,127.94705200195312
21-05-2019,128.0500030517578,128.25,611500.0,134.64999389648438,133.86000061035156,131.15087890625
22-05-2019,130.16000366210938,132.94000244140625,206600.0,133.44000244140625,131.22999572753906,128.57411193847656
23-05-2019,127.73999786376953,130.0,230800.0,130.0,128.72999572753906,126.12468719482422
24-05-2019,127.25,129.24000549316406,148400.0,129.24000549316406,127.97000122070312,125.72188568115234
28-05-2019,126.80000305175781,128.22000122070312,240500.0,129.6300048828125,126.9000015258789,124.6706771850586
29-05-2019,126.0199966430664,126.0199966430664,129100.0,128.00999450683594,127.2300033569336,124.99490356445312
30-05-2019,126.76000213623047,127.23999786376953,119000.0,128.99000549316406,127.26000213623047,125.02436828613281
31-05-2019,125.2699966430664,125.63999938964844,182000.0,127.0,125.62000274658203,123.41317749023438
03-06-2019,124.91000366210938,125.41000366210938,295200.0,127.13999938964844,125.69999694824219,123.49176025390625
04-06-2019,126.58999633789062,126.58999633789062,225100.0,129.8699951171875,129.41000366210938,127.13660430908203
05-06-2019,128.55999755859375,130.05999755859375,179800.0,132.3800048828125,130.8699951171875,128.57095336914062
06-06-2019,130.16000366210938,130.77999877929688,110500.0,132.1999969482422,131.33999633789062,129.03268432617188
07-06-2019,131.6300048828125,132.1199951171875,98700.0,133.55999755859375,132.33999633789062,130.01512145996094
10-06-2019,133.05999755859375,133.19000244140625,134300.0,135.77999877929688,134.57000732421875,132.2059326171875
11-06-2019,133.35000610351562,135.75999450683594,120300.0,136.88999938964844,133.5399932861328,131.1940155029297
12-06-2019,132.16000366210938,133.13999938964844,140400.0,134.27000427246094,133.24000549316406,130.89932250976562
13-06-2019,132.92999267578125,133.7100067138672,96900.0,134.41000366210938,133.85000610351562,131.4986114501953
14-06-2019,129.97999572753906,133.64999389648438,133300.0,133.64999389648438,130.1199951171875,127.83411407470703
17-06-2019,128.9199981689453,130.1199951171875,109400.0,130.39999389648438,129.27999877929688,127.00886535644531
18-06-2019,129.9199981689453,129.92999267578125,97300.0,133.24000549316406,132.3800048828125,130.05442810058594
19-06-2019,131.41000366210938,132.42999267578125,107100.0,133.27999877929688,133.0,130.66351318359375
20-06-2019,133.2100067138672,134.77000427246094,110200.0,135.88999938964844,135.80999755859375,133.42416381835938
21-06-2019,134.0399932861328,135.7100067138672,220000.0,136.1199951171875,135.72000122070312,133.3357696533203
24-06-2019,134.8800048828125,135.61000061035156,94400.0,136.4499969482422,135.16000366210938,132.7855987548828
25-06-2019,134.38999938964844,135.25999450683594,139500.0,135.8300018310547,134.5399932861328,132.1764678955078
26-06-2019,135.0,135.27000427246094,152900.0,136.57000732421875,135.9499969482422,133.56170654296875
27-06-2019,135.80999755859375,136.4199981689453,123400.0,138.8000030517578,138.69000244140625,136.25357055664062
28-06-2019,139.02999877929688,139.02999877929688,325200.0,141.8000030517578,141.30999755859375,138.82754516601562
01-07-2019,140.32000732421875,143.25,190600.0,144.9600067138672,141.6199951171875,139.13209533691406
02-07-2019,138.8800048828125,140.11000061035156,104400.0,141.1300048828125,139.99000549316406,137.53076171875
03-07-2019,140.2100067138672,140.5800018310547,78700.0,141.22000122070312,140.83999633789062,138.36578369140625
05-07-2019,135.27999877929688,139.61000061035156,195000.0,139.61000061035156,138.66000366210938,136.22409057617188
08-07-2019,135.8800048828125,137.77999877929688,127300.0,139.39999389648438,136.3000030517578,133.90553283691406
09-07-2019,133.89999389648438,135.3699951171875,125100.0,135.83999633789062,135.1699981689453,132.79541015625
10-07-2019,134.38999938964844,135.97000122070312,164900.0,136.74000549316406,134.44000244140625,132.0782470703125
11-07-2019,134.0,134.55999755859375,74000.0,135.85000610351562,135.77999877929688,133.3946990966797
12-07-2019,136.27000427246094,136.4499969482422,115900.0,139.22000122070312,138.8699951171875,136.43040466308594
15-07-2019,137.8800048828125,138.9600067138672,91000.0,139.4499969482422,138.97999572753906,136.53846740722656
16-07-2019,139.10000610351562,139.32000732421875,87100.0,140.66000366210938,139.8800048828125,137.42266845703125
17-07-2019,138.16000366210938,139.47999572753906,87700.0,140.99000549316406,138.19000244140625,135.7623291015625
18-07-2019,136.55999755859375,138.42999267578125,78300.0,138.42999267578125,136.80999755859375,134.40660095214844
19-07-2019,134.72000122070312,137.3800048828125,103100.0,139.2899932861328,137.50999450683594,135.0943145751953
22-07-2019,137.63999938964844,137.6999969482422,93100.0,139.13999938964844,138.38999938964844,135.95884704589844
23-07-2019,136.6199951171875,138.8300018310547,143600.0,140.32000732421875,140.19000244140625,137.72723388671875
24-07-2019,139.67999267578125,139.67999267578125,192500.0,143.6699981689453,143.0500030517578,140.5369873046875
25-07-2019,141.14999389648438,143.77999877929688,102800.0,143.77999877929688,141.39999389648438,138.91595458984375
26-07-2019,138.30999755859375,140.5500030517578,122900.0,142.3800048828125,141.8300018310547,139.33840942382812
29-07-2019,139.60000610351562,141.9199981689453,137800.0,142.92999267578125,139.7100067138672,137.2556610107422
30-07-2019,138.32000732421875,138.72000122070312,126100.0,142.60000610351562,142.52000427246094,140.01629638671875
31-07-2019,140.5,142.8000030517578,259000.0,143.82000732421875,141.66000366210938,139.17141723632812
01-08-2019,137.44000244140625,142.13999938964844,215900.0,143.0,138.52999877929688,136.09640502929688
02-08-2019,134.6300048828125,138.0,194600.0,138.41000366210938,135.41000366210938,133.03118896484375
05-08-2019,130.9199981689453,132.32000732421875,162800.0,133.8800048828125,132.0,129.68109130859375
06-08-2019,132.42999267578125,132.8800048828125,136200.0,135.2899932861328,133.2899932861328,130.9484405517578
07-08-2019,130.10000610351562,131.52000427246094,155400.0,134.74000549316406,134.47000122070312,132.10772705078125
08-08-2019,135.24000549316406,136.1199951171875,244500.0,139.4499969482422,139.24000549316406,136.7938995361328
09-08-2019,135.91000366210938,138.7100067138672,129600.0,139.6199951171875,138.27999877929688,135.85076904296875
12-08-2019,135.8800048828125,137.42999267578125,105800.0,138.60000610351562,136.2100067138672,133.81712341308594
13-08-2019,135.92999267578125,135.92999267578125,125700.0,140.92999267578125,138.8800048828125,136.44021606445312
14-08-2019,132.99000549316406,136.32000732421875,346800.0,140.1300048828125,133.4499969482422,131.1056365966797
15-08-2019,131.22000122070312,133.8800048828125,173500.0,134.74000549316406,132.27999877929688,129.9561767578125
16-08-2019,132.80999755859375,133.8699951171875,143600.0,137.1300048828125,136.83999633789062,134.43605041503906
19-08-2019,136.41000366210938,138.6999969482422,162800.0,140.88999938964844,137.1999969482422,134.7897186279297
20-08-2019,135.14999389648438,136.5,305700.0,139.99000549316406,135.47999572753906,133.09996032714844
21-08-2019,126.5,126.5,513900.0,135.32000732421875,133.05999755859375,130.7224884033203
22-08-2019,132.74000549316406,133.85000610351562,153400.0,135.16000366210938,134.82000732421875,132.45156860351562
23-08-2019,130.42999267578125,134.19000244140625,237100.0,134.19000244140625,130.83999633789062,128.5414581298828
26-08-2019,130.0,132.83999633789062,132300.0,132.83999633789062,131.38999938964844,129.45779418945312
27-08-2019,131.47000122070312,131.9600067138672,120400.0,133.69000244140625,132.94000244140625,130.98500061035156
28-08-2019,132.13999938964844,132.3800048828125,118700.0,134.3699951171875,133.1999969482422,131.24118041992188
29-08-2019,134.3300018310547,134.6999969482422,130100.0,135.77000427246094,135.5800018310547,133.586181640625
30-08-2019,134.8800048828125,136.4199981689453,182700.0,136.75999450683594,135.9600067138672,133.96058654785156
03-09-2019,130.88999938964844,135.19000244140625,164300.0,135.82000732421875,131.7899932861328,129.85191345214844
04-09-2019,132.2899932861328,133.11000061035156,164600.0,134.1699981689453,133.47000122070312,131.50721740722656
05-09-2019,133.19000244140625,135.19000244140625,315100.0,139.0500030517578,138.74000549316406,136.69972229003906
06-09-2019,138.0500030517578,139.24000549316406,168100.0,140.13999938964844,138.42999267578125,136.39425659179688
09-09-2019,138.7100067138672,138.94000244140625,181500.0,142.36000061035156,142.32000732421875,140.22706604003906
10-09-2019,141.25,142.0,172900.0,145.50999450683594,145.3699951171875,143.23220825195312
11-09-2019,144.0800018310547,145.8000030517578,178400.0,147.5800018310547,147.4499969482422,145.2816162109375
12-09-2019,145.44000244140625,147.83999633789062,142900.0,147.9199981689453,146.8000030517578,144.6411895751953
13-09-2019,145.5399932861328,146.5,183700.0,148.35000610351562,146.25999450683594,144.10911560058594
16-09-2019,144.42999267578125,145.30999755859375,163300.0,146.44000244140625,145.2899932861328,143.15338134765625
17-09-2019,143.2100067138672,145.08999633789062,149000.0,146.35000610351562,145.89999389648438,143.75440979003906
18-09-2019,143.80999755859375,145.35000610351562,124600.0,145.8300018310547,144.99000549316406,142.85781860351562
19-09-2019,144.42999267578125,145.27999877929688,198000.0,147.0,145.3300018310547,143.1927947998047
20-09-2019,143.52000427246094,145.55999755859375,506800.0,146.32000732421875,143.6999969482422,141.58677673339844
23-09-2019,143.07000732421875,143.07000732421875,159900.0,145.9499969482422,145.2899932861328,143.15338134765625
24-09-2019,142.50999450683594,145.3000030517578,177700.0,146.80999755859375,143.00999450683594,140.90692138671875
25-09-2019,143.00999450683594,143.11000061035156,141600.0,145.72000122070312,145.22000122070312,143.08441162109375
26-09-2019,143.75,144.3800048828125,106300.0,145.50999450683594,144.6300048828125,142.50308227539062
27-09-2019,143.3699951171875,145.2899932861328,122500.0,145.2899932861328,144.27000427246094,142.14837646484375
30-09-2019,144.22000122070312,144.57000732421875,157400.0,146.49000549316406,146.25999450683594,144.10911560058594
01-10-2019,141.83999633789062,146.5,106100.0,147.82000732421875,141.92999267578125,139.84278869628906
02-10-2019,136.4600067138672,140.74000549316406,197300.0,141.22999572753906,137.9499969482422,135.9213409423828
03-10-2019,135.1199951171875,137.9499969482422,130400.0,138.89999389648438,138.3300018310547,136.2957305908203
04-10-2019,138.6300048828125,138.6999969482422,123400.0,141.25,140.85000610351562,138.7786865234375
07-10-2019,139.8000030517578,139.8000030517578,103200.0,142.11000061035156,141.0399932861328,138.9658966064453
08-10-2019,136.83999633789062,140.00999450683594,181300.0,140.00999450683594,136.97000122070312,134.95574951171875
09-10-2019,136.64999389648438,138.41000366210938,132800.0,138.41000366210938,137.75999450683594,135.73410034179688
10-10-2019,137.77999877929688,137.77999877929688,84800.0,140.44000244140625,139.27000427246094,137.221923828125
11-10-2019,141.25,141.25,136200.0,145.17999267578125,142.88999938964844,140.7886962890625
14-10-2019,140.25,142.72000122070312,86600.0,143.7899932861328,143.27000427246094,141.16310119628906
15-10-2019,142.39999389648438,143.4499969482422,94200.0,145.47999572753906,144.8800048828125,142.74940490722656
16-10-2019,142.55999755859375,144.3000030517578,134300.0,145.25999450683594,144.60000610351562,142.4735565185547
17-10-2019,144.72000122070312,145.6699981689453,189600.0,147.0,145.2899932861328,143.15338134765625
18-10-2019,145.08999633789062,145.30999755859375,142200.0,147.0,146.77000427246094,144.6116180419922
21-10-2019,146.8800048828125,147.0,166500.0,150.25999450683594,150.08999633789062,147.88278198242188
22-10-2019,148.64999389648438,149.6300048828125,281300.0,153.42999267578125,153.0500030517578,150.7992706298828
23-10-2019,151.47999572753906,152.8300018310547,267500.0,153.8699951171875,153.77999877929688,151.51853942871094
24-10-2019,152.32000732421875,154.0,279400.0,155.75,154.80999755859375,152.5333709716797
25-10-2019,154.17999267578125,154.64999389648438,138100.0,156.67999267578125,154.24000549316406,151.97178649902344
28-10-2019,154.52000427246094,155.3000030517578,160200.0,156.3800048828125,156.02000427246094,153.7255859375
29-10-2019,154.47999572753906,155.61000061035156,124300.0,158.47999572753906,157.97000122070312,155.6469268798828
30-10-2019,156.5,157.97999572753906,177200.0,158.3300018310547,157.8300018310547,155.50897216796875
31-10-2019,155.52000427246094,157.25,341100.0,157.5500030517578,156.80999755859375,154.50396728515625
01-11-2019,157.5500030517578,157.89999389648438,250300.0,160.3000030517578,160.02000427246094,157.66677856445312
04-11-2019,160.7100067138672,161.16000366210938,301200.0,163.07000732421875,162.50999450683594,160.1201629638672
05-11-2019,162.27999877929688,163.0399932861328,181900.0,164.4199981689453,164.3699951171875,161.95277404785156
06-11-2019,162.16000366210938,163.25999450683594,170700.0,163.6999969482422,162.55999755859375,160.16941833496094
07-11-2019,163.22999572753906,163.97000122070312,170600.0,165.10000610351562,164.32000732421875,161.90353393554688
08-11-2019,162.38999938964844,164.08999633789062,220400.0,164.35000610351562,163.19000244140625,160.79014587402344
11-11-2019,161.77000427246094,162.08999633789062,118300.0,164.75999450683594,164.60000610351562,162.17941284179688
12-11-2019,163.22000122070312,164.83999633789062,141100.0,165.2899932861328,164.4499969482422,162.03160095214844
13-11-2019,161.61000061035156,163.4600067138672,175900.0,164.10000610351562,162.9600067138672,160.56353759765625
14-11-2019,161.85000610351562,162.4199981689453,209700.0,163.42999267578125,162.63999938964844,160.2482452392578
15-11-2019,162.72000122070312,163.47999572753906,140200.0,164.33999633789062,163.27000427246094,160.8689727783203
18-11-2019,161.8699951171875,163.10000610351562,149400.0,164.9600067138672,164.47999572753906,162.0611572265625
19-11-2019,161.92999267578125,163.9499969482422,205500.0,165.60000610351562,164.9199981689453,162.49472045898438
20-11-2019,163.0800018310547,164.4199981689453,311200.0,165.77000427246094,164.4600067138672,162.04148864746094
21-11-2019,162.61000061035156,164.22999572753906,192600.0,164.94000244140625,163.83999633789062,161.43060302734375
22-11-2019,162.91000366210938,164.49000549316406,124900.0,164.6999969482422,164.3000030517578,161.8838348388672
25-11-2019,164.13999938964844,164.13999938964844,205900.0,167.2100067138672,165.2100067138672,162.78045654296875
26-11-2019,164.64999389648438,164.88999938964844,204000.0,166.5500030517578,166.17999267578125,163.7361602783203
27-11-2019,165.11000061035156,165.55999755859375,167700.0,167.0,166.97999572753906,164.52439880371094
29-11-2019,165.47000122070312,166.72999572753906,90300.0,167.47000122070312,165.8300018310547,163.39134216308594
02-12-2019,164.3800048828125,166.69000244140625,148400.0,167.32000732421875,165.33999633789062,162.90853881835938
03-12-2019,161.2899932861328,163.52000427246094,168200.0,164.47999572753906,164.0399932861328,161.62765502929688
04-12-2019,163.2100067138672,163.97000122070312,207700.0,166.99000549316406,164.60000610351562,162.17941284179688
05-12-2019,165.11000061035156,165.58999633789062,164200.0,166.69000244140625,165.97000122070312,163.52928161621094
06-12-2019,166.94000244140625,167.5,252900.0,168.97999572753906,167.66000366210938,165.19439697265625
09-12-2019,166.1699981689453,167.3699951171875,126700.0,168.24000549316406,166.25,163.8051300048828
10-12-2019,164.36000061035156,166.2899932861328,174500.0,167.6199951171875,165.6300048828125,163.1942901611328
11-12-2019,164.89999389648438,165.80999755859375,341400.0,167.47999572753906,167.0,164.5441131591797
12-12-2019,160.97999572753906,164.6999969482422,719700.0,166.0399932861328,163.0,160.60293579101562
13-12-2019,159.60000610351562,162.3000030517578,522600.0,165.1300048828125,161.52000427246094,159.14471435546875
16-12-2019,160.5399932861328,160.5399932861328,482800.0,165.3699951171875,164.80999755859375,162.3863067626953
17-12-2019,164.55999755859375,164.91000366210938,330500.0,167.5,166.83999633789062,164.386474609375
18-12-2019,163.05999755859375,165.85000610351562,311900.0,166.22000122070312,163.85000610351562,161.44044494628906
19-12-2019,162.2100067138672,162.8000030517578,394400.0,164.19000244140625,163.64999389648438,161.6182098388672
20-12-2019,162.89999389648438,164.5,1190000.0,165.27999877929688,164.38999938964844,162.34902954101562
23-12-2019,163.25999450683594,164.72999572753906,252200.0,164.97000122070312,163.88999938964844,161.85523986816406
24-12-2019,163.1999969482422,164.3699951171875,87400.0,164.77000427246094,163.27999877929688,161.2528076171875
26-12-2019,162.2899932861328,162.86000061035156,207500.0,163.8300018310547,162.86000061035156,160.83802795410156
27-12-2019,162.17999267578125,163.1300048828125,289500.0,165.16000366210938,162.8000030517578,160.77877807617188
30-12-2019,162.25,162.6999969482422,230000.0,164.8000030517578,163.36000061035156,161.33180236816406
31-12-2019,162.63999938964844,163.5500030517578,227100.0,164.8000030517578,162.83999633789062,160.81825256347656
02-01-2020,162.22999572753906,163.22000122070312,251900.0,165.22999572753906,165.22999572753906,163.1785888671875
03-01-2020,162.52000427246094,162.8300018310547,163200.0,164.3800048828125,164.05999755859375,162.02313232421875
06-01-2020,162.44000244140625,163.82000732421875,160900.0,163.89999389648438,163.60000610351562,161.56883239746094
07-01-2020,162.22999572753906,162.8699951171875,201200.0,164.1999969482422,163.00999450683594,160.9861602783203
08-01-2020,161.67999267578125,163.0,197500.0,163.39999389648438,162.17999267578125,160.1664581298828
09-01-2020,162.1699981689453,162.74000549316406,180500.0,164.6699981689453,164.6300048828125,162.58604431152344
10-01-2020,163.42999267578125,164.72999572753906,314800.0,164.85000610351562,163.61000061035156,161.57870483398438
13-01-2020,163.24000549316406,163.5,128200.0,165.38999938964844,165.3699951171875,163.31686401367188
14-01-2020,163.75,165.3699951171875,331900.0,165.83999633789062,165.08999633789062,163.04034423828125
15-01-2020,164.2899932861328,165.42999267578125,178300.0,166.30999755859375,165.99000549316406,163.92916870117188
16-01-2020,166.88999938964844,166.88999938964844,193000.0,168.6199951171875,168.3300018310547,166.2401123046875
17-01-2020,168.5,168.5,197300.0,170.14999389648438,169.5,167.3955841064453
21-01-2020,167.97000122070312,168.9600067138672,290100.0,170.3300018310547,168.7100067138672,166.61537170410156
22-01-2020,169.50999450683594,169.50999450683594,563000.0,171.66000366210938,170.33999633789062,168.2251434326172
23-01-2020,168.64999389648438,170.0,338400.0,172.5800018310547,172.2899932861328,170.15093994140625
24-01-2020,170.36000061035156,172.3000030517578,266900.0,173.39999389648438,170.97999572753906,168.85720825195312
27-01-2020,168.85000610351562,173.07000732421875,297300.0,173.9600067138672,173.00999450683594,170.8619842529297
28-01-2020,173.02000427246094,173.02000427246094,297000.0,176.75,175.3300018310547,173.15318298339844
29-01-2020,173.92999267578125,175.47000122070312,212500.0,176.85000610351562,173.97999572753906,171.81996154785156
30-01-2020,170.5,173.17999267578125,309800.0,174.08999633789062,172.55999755859375,170.4176025390625
31-01-2020,168.19000244140625,171.8699951171875,416300.0,171.8800048828125,168.86000061035156,166.76353454589844
03-02-2020,169.58999633789062,169.85000610351562,172200.0,172.52999877929688,171.6699981689453,169.5386505126953
04-02-2020,174.42999267578125,174.42999267578125,203200.0,178.49000549316406,178.02999877929688,175.81967163085938
05-02-2020,178.2100067138672,180.27999877929688,204800.0,180.27999877929688,178.75999450683594,176.5406036376953
06-02-2020,175.9600067138672,178.7899932861328,192400.0,178.7899932861328,177.61000061035156,175.40487670898438
07-02-2020,173.3699951171875,175.22000122070312,199800.0,177.55999755859375,175.1999969482422,173.02479553222656
10-02-2020,174.36000061035156,174.36000061035156,118000.0,176.22999572753906,175.6199951171875,173.4395751953125
11-02-2020,175.25999450683594,175.8000030517578,131900.0,178.07000732421875,176.97000122070312,174.77284240722656
12-02-2020,176.66000366210938,176.69000244140625,132100.0,179.10000610351562,178.50999450683594,176.29371643066406
13-02-2020,177.19000244140625,177.47000122070312,101400.0,178.7100067138672,177.6199951171875,175.41476440429688
14-02-2020,176.4199981689453,177.60000610351562,143300.0,178.6300048828125,177.49000549316406,175.28639221191406
18-02-2020,172.0399932861328,176.60000610351562,309400.0,176.6699981689453,172.5800018310547,170.43734741210938
19-02-2020,170.75,173.0800018310547,424400.0,175.49000549316406,171.49000549316406,169.3608856201172
20-02-2020,169.80999755859375,169.80999755859375,377000.0,175.8699951171875,172.10000610351562,169.9633026123047
21-02-2020,169.91000366210938,171.1999969482422,291900.0,171.86000061035156,170.1999969482422,168.08688354492188
24-02-2020,161.77999877929688,163.94000244140625,271800.0,165.5,164.5800018310547,162.90036010742188
25-02-2020,156.75,164.85000610351562,317800.0,166.25,157.16000366210938,155.5561065673828
26-02-2020,155.27999877929688,158.6699981689453,244100.0,160.02999877929688,155.41000366210938,153.82395935058594
27-02-2020,149.3800048828125,152.4199981689453,259000.0,154.75999450683594,149.4600067138672,147.9346923828125
28-02-2020,142.4600067138672,144.7100067138672,486300.0,147.32000732421875,145.3000030517578,143.81712341308594
02-03-2020,143.52999877929688,146.4600067138672,513500.0,148.33999633789062,147.91000366210938,146.40049743652344
03-03-2020,143.5,148.47999572753906,367800.0,151.19000244140625,144.8000030517578,143.32223510742188
04-03-2020,145.2899932861328,147.6199951171875,385300.0,149.4600067138672,148.10000610351562,146.5885467529297
05-03-2020,140.6999969482422,144.16000366210938,312100.0,145.6300048828125,143.07000732421875,141.6099090576172
06-03-2020,137.72000122070312,138.25,322300.0,143.92999267578125,143.14999389648438,141.68907165527344
09-03-2020,130.0,133.1999969482422,338800.0,135.80999755859375,131.88999938964844,130.5439910888672
10-03-2020,133.22999572753906,136.6699981689453,298300.0,140.77000427246094,140.72000122070312,139.2838897705078
11-03-2020,132.8800048828125,136.39999389648438,353400.0,138.16000366210938,133.8000030517578,132.4344940185547
12-03-2020,115.80999755859375,124.56999969482422,379100.0,127.87999725341797,116.63999938964844,115.44961547851562
13-03-2020,115.72000122070312,123.30000305175781,374300.0,125.83000183105469,125.7300033569336,124.44685363769531
16-03-2020,102.61000061035156,107.5,406400.0,112.08999633789062,102.70999908447266,101.66177368164062
17-03-2020,100.81999969482422,104.66999816894531,447100.0,111.16999816894531,110.06999969482422,108.94667053222656
18-03-2020,98.5999984741211,102.02999877929688,339200.0,109.45999908447266,104.16999816894531,103.10688781738281
19-03-2020,97.45999908447266,102.62000274658203,272700.0,117.33000183105469,114.58000183105469,113.41064453125
20-03-2020,105.54000091552734,112.62999725341797,580100.0,116.19000244140625,107.23999786376953,106.14555358886719
23-03-2020,96.45999908447266,105.72000122070312,440200.0,107.05999755859375,99.45999908447266,98.4449462890625
24-03-2020,104.37000274658203,105.8499984741211,438900.0,119.56999969482422,119.05000305175781,117.83502960205078
25-03-2020,117.16000366210938,121.48999786376953,519700.0,124.98999786376953,119.69000244140625,118.46849822998047
26-03-2020,119.94000244140625,121.94999694824219,331400.0,134.2899932861328,132.97999572753906,131.62286376953125
27-03-2020,126.63999938964844,129.38999938964844,438300.0,134.57000732421875,131.88999938964844,130.5439910888672
30-03-2020,131.67999267578125,132.32000732421875,390700.0,139.52999877929688,138.58999633789062,137.17559814453125
31-03-2020,134.07000732421875,136.5800018310547,446400.0,139.75,135.07000732421875,133.69154357910156
01-04-2020,122.02999877929688,129.24000549316406,367000.0,131.0399932861328,125.01000213623047,123.73419952392578
02-04-2020,120.91000366210938,125.27999877929688,267400.0,130.3699951171875,127.9000015258789,126.5947036743164
03-04-2020,125.4000015258789,128.27000427246094,202600.0,130.3300018310547,127.43000030517578,126.12950134277344
06-04-2020,133.75999450683594,135.0,329200.0,140.8699951171875,139.69000244140625,138.26438903808594
07-04-2020,142.60000610351562,144.0,309900.0,148.72000122070312,142.66000366210938,141.20407104492188
08-04-2020,141.6199951171875,144.6699981689453,226900.0,148.27000427246094,147.33999633789062,145.83631896972656
09-04-2020,148.44000244140625,149.13999938964844,242000.0,152.94000244140625,152.60000610351562,151.04261779785156
13-04-2020,140.25,150.41000366210938,271300.0,150.5800018310547,141.41000366210938,139.96682739257812
14-04-2020,144.07000732421875,144.07000732421875,385600.0,148.0,144.8000030517578,143.32223510742188
15-04-2020,135.0399932861328,139.47000122070312,200900.0,142.86000061035156,141.0800018310547,139.64019775390625
16-04-2020,140.10000610351562,141.97000122070312,369900.0,146.6199951171875,146.27999877929688,144.78713989257812
17-04-2020,150.0,153.3000030517578,397300.0,153.85000610351562,152.47999572753906,150.92384338378906
20-04-2020,145.00999450683594,148.11000061035156,245500.0,153.69000244140625,151.8699951171875,150.320068359375
21-04-2020,145.5500030517578,148.75,343100.0,152.5399932861328,151.22999572753906,149.68661499023438
22-04-2020,149.3000030517578,152.33999633789062,194300.0,154.8800048828125,152.8300018310547,151.27027893066406
23-04-2020,153.4199981689453,154.49000549316406,255900.0,158.97000122070312,155.41000366210938,153.82395935058594
24-04-2020,152.97999572753906,155.00999450683594,207500.0,157.08999633789062,156.4600067138672,154.8632354736328
27-04-2020,157.02999877929688,157.02999877929688,200000.0,163.22999572753906,161.75999450683594,160.10914611816406
28-04-2020,159.05999755859375,162.8800048828125,259700.0,166.35000610351562,159.9499969482422,158.31759643554688
29-04-2020,161.27999877929688,164.50999450683594,230900.0,166.19000244140625,165.10000610351562,163.41506958007812
30-04-2020,159.0500030517578,161.50999450683594,390400.0,163.91000366210938,160.91000366210938,159.26783752441406
01-05-2020,155.66000366210938,158.35000610351562,178700.0,160.22000122070312,157.85000610351562,156.2390594482422
04-05-2020,155.33999633789062,157.14999389648438,194200.0,157.52999877929688,156.9199981689453,155.31854248046875
05-05-2020,157.0800018310547,158.3300018310547,175900.0,160.97999572753906,157.8699951171875,156.25885009765625
06-05-2020,156.11000061035156,159.75999450683594,250900.0,161.67999267578125,160.19000244140625,158.55517578125
07-05-2020,159.99000549316406,163.1699981689453,184500.0,164.5399932861328,160.25,158.61456298828125
08-05-2020,162.69000244140625,164.1999969482422,270900.0,166.3300018310547,166.32000732421875,164.62261962890625
11-05-2020,163.02000427246094,164.77000427246094,302700.0,168.97000122070312,167.67999267578125,165.96873474121094
12-05-2020,160.64999389648438,169.22000122070312,187000.0,169.22000122070312,160.8300018310547,159.18862915039062
13-05-2020,159.10000610351562,160.7100067138672,355800.0,164.72000122070312,160.05999755859375,158.42649841308594
14-05-2020,153.00999450683594,157.1999969482422,250500.0,162.64999389648438,162.3699951171875,160.71292114257812
15-05-2020,158.0,158.75,419500.0,163.85000610351562,162.47000122070312,160.81190490722656
18-05-2020,165.3300018310547,168.16000366210938,310800.0,174.7899932861328,173.00999450683594,171.24432373046875
19-05-2020,172.30999755859375,174.99000549316406,316600.0,176.85000610351562,172.44000244140625,170.68016052246094
20-05-2020,173.97999572753906,176.2899932861328,337700.0,177.50999450683594,174.4499969482422,172.6696319580078
21-05-2020,174.02999877929688,177.36000061035156,513100.0,179.5,175.4199981689453,173.62973022460938
22-05-2020,172.22000122070312,176.5800018310547,239800.0,176.5800018310547,174.14999389648438,172.74688720703125
26-05-2020,176.47000122070312,176.77000427246094,380300.0,179.9499969482422,177.41000366210938,175.9806365966797
27-05-2020,174.58999633789062,179.08999633789062,473100.0,179.3000030517578,178.5,177.0618438720703
28-05-2020,177.82000732421875,179.3699951171875,495800.0,185.36000061035156,182.3800048828125,180.9105987548828
29-05-2020,180.05999755859375,182.0,2989500.0,188.75999450683594,188.35000610351562,186.83250427246094
01-06-2020,185.16000366210938,188.1199951171875,494600.0,189.9499969482422,185.3699951171875,183.87649536132812
02-06-2020,183.4600067138672,184.69000244140625,449500.0,188.17999267578125,187.7899932861328,186.27700805664062
03-06-2020,188.0,188.52999877929688,356600.0,193.67999267578125,192.92999267578125,191.37559509277344
04-06-2020,188.10000610351562,191.00999450683594,330300.0,192.99000549316406,190.52000427246094,188.98501586914062
05-06-2020,192.91000366210938,193.7899932861328,438100.0,202.38999938964844,200.63999938964844,199.0234832763672
08-06-2020,199.6300048828125,200.2100067138672,329000.0,203.6699981689453,200.97999572753906,199.36074829101562
09-06-2020,197.02999877929688,197.72999572753906,371200.0,202.72999572753906,199.77999877929688,198.17042541503906
10-06-2020,196.35000610351562,198.6199951171875,431600.0,200.05999755859375,196.60000610351562,195.01602172851562
11-06-2020,188.0500030517578,189.5399932861328,346400.0,191.8699951171875,188.4499969482422,186.9316864013672
12-06-2020,181.36000061035156,194.3800048828125,312100.0,194.3800048828125,185.67999267578125,184.1840057373047
15-06-2020,182.1300048828125,182.5800018310547,238100.0,193.82000732421875,192.10000610351562,190.55227661132812
16-06-2020,193.52000427246094,198.0800018310547,379400.0,199.99000549316406,197.47000122070312,195.8790283203125
17-06-2020,193.4499969482422,194.35000610351562,230600.0,198.13999938964844,194.11000061035156,192.5460968017578
18-06-2020,192.3000030517578,193.97000122070312,241400.0,195.5399932861328,194.25,192.68496704101562
19-06-2020,192.99000549316406,197.5,359100.0,198.24000549316406,193.75999450683594,192.1988983154297
22-06-2020,189.52999877929688,193.32000732421875,282600.0,194.61000061035156,192.8800048828125,191.3260040283203
23-06-2020,190.89999389648438,195.85000610351562,279900.0,196.49000549316406,191.0800018310547,189.54049682617188
24-06-2020,183.3699951171875,190.32000732421875,266500.0,190.32000732421875,184.69000244140625,183.2019805908203
25-06-2020,182.10000610351562,184.99000549316406,236700.0,186.72999572753906,186.72999572753906,185.22555541992188
26-06-2020,179.1300048828125,185.38999938964844,588900.0,187.0,180.3699951171875,178.91680908203125
29-06-2020,180.8300018310547,182.02999877929688,212100.0,187.2100067138672,184.86000061035156,183.37062072753906
30-06-2020,184.94000244140625,185.24000549316406,245800.0,191.11000061035156,189.7100067138672,188.18154907226562
01-07-2020,184.60000610351562,190.80999755859375,188500.0,190.80999755859375,185.50999450683594,184.015380859375
02-07-2020,181.75,188.0800018310547,263500.0,189.75999450683594,186.14999389648438,184.6502227783203
06-07-2020,187.89999389648438,189.74000549316406,886300.0,190.0,189.72000122070312,188.19146728515625
07-07-2020,186.88999938964844,189.0500030517578,372500.0,190.0,187.00999450683594,185.5032958984375
08-07-2020,185.36000061035156,189.39999389648438,181400.0,189.39999389648438,187.52999877929688,186.01910400390625
09-07-2020,184.6699981689453,188.4499969482422,313300.0,189.08999633789062,186.92999267578125,185.42393493652344
10-07-2020,185.02000427246094,187.39999389648438,180900.0,187.69000244140625,186.3800048828125,184.87835693359375
13-07-2020,184.72000122070312,188.22000122070312,200400.0,189.91000366210938,185.00999450683594,183.5194091796875
14-07-2020,184.6300048828125,185.5399932861328,165400.0,189.75,189.39999389648438,187.87403869628906
15-07-2020,188.83999633789062,189.89999389648438,358400.0,192.94000244140625,192.2899932861328,190.74075317382812
16-07-2020,190.0800018310547,192.44000244140625,358400.0,192.4499969482422,191.3000030517578,189.75872802734375
17-07-2020,190.24000549316406,191.36000061035156,230900.0,192.75999450683594,190.50999450683594,188.97509765625
20-07-2020,184.02000427246094,190.2100067138672,281800.0,191.0800018310547,189.66000366210938,188.1319580078125
21-07-2020,190.27999877929688,191.58999633789062,450900.0,193.80999755859375,192.27000427246094,190.72091674804688
22-07-2020,190.47999572753906,192.0500030517578,285900.0,194.1699981689453,192.9499969482422,191.3954315185547
23-07-2020,193.11000061035156,193.57000732421875,461000.0,197.83999633789062,196.47999572753906,194.89698791503906
24-07-2020,191.7899932861328,196.00999450683594,219500.0,196.00999450683594,192.22999572753906,190.68124389648438
27-07-2020,191.25999450683594,192.42999267578125,163900.0,195.8800048828125,195.33999633789062,193.76617431640625
28-07-2020,192.11000061035156,194.64999389648438,130500.0,195.24000549316406,192.33999633789062,190.7903594970703
29-07-2020,191.6699981689453,193.4199981689453,175100.0,197.49000549316406,196.82000732421875,195.23426818847656
30-07-2020,191.72999572753906,193.66000366210938,158500.0,195.00999450683594,193.91000366210938,192.3477020263672
31-07-2020,189.80999755859375,193.72999572753906,239800.0,193.72999572753906,193.6300048828125,192.06996154785156
03-08-2020,194.0,195.0,248600.0,197.9600067138672,196.58999633789062,195.006103515625
04-08-2020,193.3699951171875,196.5500030517578,204000.0,196.58999633789062,194.3000030517578,192.73455810546875
05-08-2020,194.25,195.0,242600.0,199.0399932861328,197.69000244140625,196.0972442626953
06-08-2020,195.02999877929688,197.9600067138672,175900.0,198.5,196.19000244140625,194.60934448242188
07-08-2020,196.2899932861328,196.2899932861328,398600.0,201.22000122070312,199.4499969482422,197.8430633544922
10-08-2020,198.6199951171875,200.0,217000.0,202.75999450683594,201.63999938964844,200.0154266357422
11-08-2020,201.1699981689453,202.5,207400.0,207.5500030517578,204.6300048828125,202.98133850097656
12-08-2020,205.02000427246094,206.60000610351562,201300.0,208.3699951171875,206.83999633789062,205.17352294921875
13-08-2020,204.3699951171875,205.74000549316406,151300.0,207.83999633789062,206.4600067138672,204.79660034179688
14-08-2020,205.32000732421875,206.41000366210938,296700.0,207.3000030517578,206.6699981689453,205.00489807128906
17-08-2020,205.8699951171875,207.41000366210938,273200.0,208.32000732421875,206.97000122070312,205.30247497558594
18-08-2020,205.27999877929688,207.0,219300.0,208.3000030517578,205.66000366210938,204.0030517578125
19-08-2020,203.8000030517578,206.9199981689453,312700.0,207.0,204.13999938964844,202.4952850341797
20-08-2020,186.88999938964844,193.30999755859375,563600.0,194.30999755859375,191.00999450683594,189.47105407714844
21-08-2020,188.3699951171875,191.0,234900.0,191.47999572753906,189.07000732421875,187.5467071533203
24-08-2020,186.8699951171875,190.94000244140625,253800.0,191.19000244140625,188.24000549316406,187.10934448242188
25-08-2020,186.02999877929688,188.72000122070312,301900.0,189.25999450683594,188.66000366210938,187.52682495117188
26-08-2020,187.8699951171875,188.61000061035156,244900.0,192.47000122070312,192.41000366210938,191.25430297851562
27-08-2020,188.63999938964844,192.6300048828125,285500.0,194.14999389648438,189.1199951171875,187.98403930664062
28-08-2020,187.3800048828125,189.64999389648438,149800.0,190.58999633789062,187.9600067138672,186.83103942871094
31-08-2020,186.2899932861328,188.25999450683594,212300.0,188.27000427246094,186.49000549316406,185.369873046875
01-09-2020,185.05999755859375,186.85000610351562,240500.0,190.47999572753906,189.77999877929688,188.6400909423828
02-09-2020,190.22999572753906,190.63999938964844,204300.0,197.88999938964844,197.11000061035156,195.9260711669922
03-09-2020,187.41000366210938,196.52000427246094,195100.0,196.52000427246094,188.57000732421875,187.4373779296875
04-09-2020,184.2100067138672,190.9199981689453,192900.0,191.86000061035156,186.8800048828125,185.75750732421875
08-09-2020,182.6199951171875,186.25999450683594,294700.0,187.41000366210938,185.94000244140625,184.8231658935547
09-09-2020,188.16000366210938,188.16000366210938,194300.0,191.8800048828125,189.82000732421875,188.67987060546875
10-09-2020,189.38999938964844,189.88999938964844,227200.0,192.52000427246094,190.82000732421875,189.67384338378906
11-09-2020,189.5500030517578,191.33999633789062,198000.0,192.66000366210938,191.6699981689453,190.5187530517578
14-09-2020,192.64999389648438,192.97999572753906,156600.0,197.1300048828125,195.10000610351562,193.9281463623047
15-09-2020,195.52000427246094,195.52000427246094,182600.0,199.6300048828125,198.47999572753906,197.28782653808594
16-09-2020,197.88999938964844,199.57000732421875,200100.0,201.42999267578125,198.1999969482422,197.009521484375
17-09-2020,193.69000244140625,195.4600067138672,287200.0,197.88999938964844,194.75,193.5802459716797
18-09-2020,189.72999572753906,195.1699981689453,709800.0,195.61000061035156,192.0,190.84677124023438
21-09-2020,184.8800048828125,188.6999969482422,261700.0,190.0,187.72000122070312,186.59246826171875
22-09-2020,183.91000366210938,187.5500030517578,218700.0,188.2899932861328,186.07000732421875,184.952392578125
23-09-2020,182.72999572753906,186.55999755859375,149600.0,188.22000122070312,182.77999877929688,181.68212890625
24-09-2020,180.1300048828125,182.6999969482422,285200.0,183.5800018310547,181.17999267578125,180.09173583984375
25-09-2020,180.00999450683594,181.00999450683594,417200.0,184.4499969482422,183.67999267578125,182.57672119140625
28-09-2020,183.74000549316406,186.08999633789062,175000.0,192.1300048828125,189.8000030517578,188.65997314453125
29-09-2020,189.2100067138672,189.77000427246094,206400.0,192.33999633789062,191.4199981689453,190.27024841308594
30-09-2020,190.5399932861328,192.7899932861328,225500.0,195.25999450683594,191.82000732421875,190.6678466796875
01-10-2020,191.11000061035156,191.58999633789062,147100.0,193.42999267578125,191.72000122070312,190.5684356689453
02-10-2020,187.19000244140625,188.7100067138672,124700.0,191.6999969482422,190.47999572753906,189.33587646484375
05-10-2020,192.1300048828125,192.1300048828125,127000.0,196.47999572753906,196.25999450683594,195.0811767578125
06-10-2020,195.83999633789062,197.47999572753906,202800.0,202.0,197.74000549316406,196.5522918701172
07-10-2020,197.9199981689453,200.3800048828125,215200.0,202.5399932861328,200.52000427246094,199.31558227539062
08-10-2020,200.3800048828125,201.8300018310547,164200.0,202.8300018310547,200.57000732421875,199.3652801513672
09-10-2020,200.0,201.1999969482422,126900.0,202.7899932861328,201.19000244140625,199.9815673828125
12-10-2020,201.6999969482422,202.47999572753906,108200.0,204.92999267578125,204.00999450683594,202.7846221923828
13-10-2020,201.99000549316406,202.33999633789062,127200.0,204.9199981689453,203.1999969482422,201.97947692871094
14-10-2020,201.9199981689453,203.25,157500.0,205.83999633789062,202.47999572753906,201.26380920410156
15-10-2020,198.8000030517578,200.05999755859375,138100.0,207.27999877929688,206.94000244140625,205.697021484375
16-10-2020,206.55999755859375,206.55999755859375,132900.0,209.9499969482422,208.55999755859375,207.3072967529297
19-10-2020,206.58999633789062,207.07000732421875,192100.0,209.5,207.3300018310547,206.08468627929688
20-10-2020,207.8300018310547,208.94000244140625,142600.0,210.86000061035156,208.74000549316406,207.48622131347656
21-10-2020,208.0800018310547,208.30999755859375,154100.0,210.30999755859375,208.33999633789062,207.08860778808594
22-10-2020,208.22000122070312,209.33999633789062,177200.0,211.61000061035156,211.1699981689453,209.901611328125
23-10-2020,207.08999633789062,212.89999389648438,157000.0,212.99000549316406,207.55999755859375,206.31329345703125
26-10-2020,201.66000366210938,202.41000366210938,212700.0,204.88999938964844,203.0500030517578,201.83038330078125
27-10-2020,197.38999938964844,202.97999572753906,127400.0,203.02999877929688,197.75,196.56222534179688
28-10-2020,191.05999755859375,194.89999389648438,161000.0,196.1999969482422,191.22000122070312,190.0714569091797
29-10-2020,188.7100067138672,190.05999755859375,182400.0,195.85000610351562,195.1999969482422,194.0275421142578
30-10-2020,192.16000366210938,194.25,208400.0,197.10000610351562,193.42999267578125,192.26817321777344
02-11-2020,193.58999633789062,193.58999633789062,156100.0,198.47000122070312,197.0,195.8167266845703
03-11-2020,197.67999267578125,200.72000122070312,221300.0,201.9199981689453,200.30999755859375,199.10684204101562
04-11-2020,196.5500030517578,201.0,155500.0,204.3699951171875,202.6699981689453,201.45266723632812
05-11-2020,205.67999267578125,205.67999267578125,119200.0,209.77999877929688,208.47000122070312,207.21783447265625
06-11-2020,202.38999938964844,209.55999755859375,139600.0,212.19000244140625,210.66000366210938,209.39468383789062
09-11-2020,201.25,215.39999389648438,381400.0,216.8699951171875,201.77999877929688,200.56800842285156
10-11-2020,195.11000061035156,202.25999450683594,479300.0,202.67999267578125,197.17999267578125,195.9956512451172
11-11-2020,195.97000122070312,199.58999633789062,274400.0,203.11000061035156,202.24000549316406,201.0252685546875
12-11-2020,197.25,203.42999267578125,156400.0,203.42999267578125,199.24000549316406,198.04327392578125
13-11-2020,199.3300018310547,201.1999969482422,168900.0,203.67999267578125,201.9199981689453,200.70718383789062
16-11-2020,201.3000030517578,204.0399932861328,293600.0,206.83999633789062,206.8300018310547,205.58767700195312
17-11-2020,202.8000030517578,205.75999450683594,199900.0,206.52999877929688,203.94000244140625,202.71505737304688
18-11-2020,201.35000610351562,204.6999969482422,191200.0,205.35000610351562,201.5,200.28970336914062
19-11-2020,200.05999755859375,201.99000549316406,137700.0,202.94000244140625,202.30999755859375,201.09483337402344
20-11-2020,200.39999389648438,202.86000061035156,140500.0,203.61000061035156,202.10000610351562,200.8861083984375
23-11-2020,201.27000427246094,203.6199951171875,155300.0,203.9199981689453,201.5,200.28970336914062
24-11-2020,201.17999267578125,203.3000030517578,215700.0,205.22999572753906,204.52999877929688,203.30149841308594
25-11-2020,201.11000061035156,204.0,187200.0,204.0,202.52999877929688,201.31350708007812
27-11-2020,201.63999938964844,202.00999450683594,95700.0,204.6199951171875,204.3699951171875,203.14244079589844
30-11-2020,203.0,204.14999389648438,413900.0,206.1199951171875,203.80999755859375,202.5858154296875
01-12-2020,202.50999450683594,205.99000549316406,339500.0,206.67999267578125,203.75999450683594,202.53611755371094
02-12-2020,196.77999877929688,203.0,196100.0,204.22999572753906,197.52999877929688,196.34353637695312
03-12-2020,193.08999633789062,193.08999633789062,183500.0,199.66000366210938,195.30999755859375,194.1368865966797
04-12-2020,195.4600067138672,195.4600067138672,276100.0,201.07000732421875,200.4199981689453,199.2161865234375
07-12-2020,198.14999389648438,201.19000244140625,143500.0,201.52999877929688,199.02000427246094,197.82460021972656
08-12-2020,198.0500030517578,198.75999450683594,200500.0,200.0,198.92999267578125,197.73512268066406
09-12-2020,198.0,199.33999633789062,263000.0,200.22000122070312,198.52999877929688,197.33753967285156
10-12-2020,196.24000549316406,198.94000244140625,304700.0,198.94000244140625,198.0,196.8107147216797
11-12-2020,195.72999572753906,197.38999938964844,228100.0,198.5,197.7899932861328,196.60198974609375
14-12-2020,197.74000549316406,199.4199981689453,228700.0,200.25,199.72000122070312,198.5203857421875
15-12-2020,200.44000244140625,201.5399932861328,285200.0,204.32000732421875,201.91000366210938,200.69723510742188
16-12-2020,189.8800048828125,198.9499969482422,610000.0,198.9600067138672,193.99000549316406,192.82481384277344
17-12-2020,191.9199981689453,195.3000030517578,365000.0,197.32000732421875,196.91000366210938,196.12155151367188
18-12-2020,196.58999633789062,200.4199981689453,719100.0,200.69000244140625,198.72999572753906,197.9342498779297
21-12-2020,193.3300018310547,194.6699981689453,283200.0,197.8699951171875,195.82000732421875,195.03591918945312
22-12-2020,194.60000610351562,196.16000366210938,208300.0,199.58999633789062,198.63999938964844,197.84461975097656
23-12-2020,196.9199981689453,199.7899932861328,128700.0,200.85000610351562,198.35000610351562,197.55580139160156
24-12-2020,196.8000030517578,197.1199951171875,50600.0,199.24000549316406,198.9499969482422,198.15338134765625
28-12-2020,197.97999572753906,200.39999389648438,125000.0,202.6300048828125,198.41000366210938,197.6155548095703
29-12-2020,195.35000610351562,198.6300048828125,121400.0,201.83999633789062,196.89999389648438,196.11158752441406
30-12-2020,197.8699951171875,197.8699951171875,133700.0,199.8800048828125,198.8300018310547,198.03387451171875
31-12-2020,197.77999877929688,198.14999389648438,190500.0,202.3000030517578,200.9499969482422,200.14537048339844
04-01-2021,194.3800048828125,201.5800018310547,183600.0,203.5,196.55999755859375,195.77294921875
05-01-2021,194.89999389648438,195.8800048828125,297400.0,200.7899932861328,199.2899932861328,198.4920196533203
06-01-2021,200.27999877929688,200.27999877929688,308500.0,206.49000549316406,204.9499969482422,204.12936401367188
07-01-2021,202.25,206.05999755859375,572900.0,206.85000610351562,205.2899932861328,204.46800231933594
08-01-2021,200.30999755859375,204.75,338700.0,206.52999877929688,203.27000427246094,202.4561004638672
11-01-2021,200.72000122070312,201.22999572753906,226400.0,205.00999450683594,204.22999572753906,203.4122314453125
12-01-2021,202.33999633789062,202.33999633789062,165600.0,207.75999450683594,207.33999633789062,206.50978088378906
13-01-2021,203.47999572753906,206.27000427246094,280700.0,208.8300018310547,203.61000061035156,202.7947235107422
14-01-2021,200.2899932861328,204.60000610351562,152500.0,205.02000427246094,202.02999877929688,201.22105407714844
15-01-2021,192.25,200.61000061035156,357300.0,203.69000244140625,193.25,192.4761962890625
19-01-2021,188.8300018310547,195.50999450683594,941300.0,195.89999389648438,189.5,188.7412109375
20-01-2021,189.52999877929688,190.13999938964844,563700.0,194.3699951171875,193.8699951171875,193.09371948242188
21-01-2021,191.50999450683594,194.39999389648438,287600.0,194.86000061035156,192.10000610351562,191.330810546875
22-01-2021,189.75999450683594,191.6699981689453,286500.0,192.52999877929688,191.99000549316406,191.22125244140625
25-01-2021,186.44000244140625,191.02000427246094,402600.0,192.7899932861328,188.1199951171875,187.3667449951172
26-01-2021,186.00999450683594,189.88999938964844,291000.0,191.3000030517578,187.49000549316406,186.73927307128906
27-01-2021,179.88999938964844,184.8800048828125,347600.0,186.35000610351562,183.58999633789062,182.85488891601562
28-01-2021,184.1300048828125,186.1300048828125,221700.0,187.16000366210938,184.33999633789062,183.6018829345703
29-01-2021,178.61000061035156,183.72000122070312,414400.0,186.49000549316406,178.99000549316406,178.27330017089844
01-02-2021,179.61000061035156,180.22000122070312,266500.0,183.00999450683594,182.5800018310547,181.84893798828125
02-02-2021,182.67999267578125,183.3000030517578,192000.0,184.02000427246094,183.58999633789062,182.85488891601562
03-02-2021,182.25999450683594,182.86000061035156,321000.0,185.10000610351562,183.74000549316406,183.00428771972656
04-02-2021,184.02000427246094,184.02000427246094,351700.0,186.9600067138672,186.02000427246094,185.27516174316406
05-02-2021,185.3300018310547,187.6699981689453,225300.0,189.83999633789062,188.07000732421875,187.31695556640625
08-02-2021,189.3000030517578,189.7899932861328,360800.0,192.05999755859375,190.0,189.23922729492188
09-02-2021,187.27000427246094,190.35000610351562,167300.0,190.35000610351562,188.33999633789062,187.5858612060547
10-02-2021,186.99000549316406,188.67999267578125,149300.0,190.22000122070312,189.92999267578125,189.16949462890625
11-02-2021,187.00999450683594,189.6199951171875,373300.0,191.5,189.13999938964844,188.38265991210938
12-02-2021,187.30999755859375,188.42999267578125,123000.0,188.97999572753906,188.27000427246094,187.51614379882812
16-02-2021,185.83999633789062,189.80999755859375,223400.0,189.91000366210938,186.24000549316406,185.49427795410156
17-02-2021,183.33999633789062,185.4600067138672,136900.0,186.75,183.75999450683594,183.02420043945312
18-02-2021,182.52000427246094,183.32000732421875,168000.0,186.77000427246094,185.6699981689453,184.92654418945312
19-02-2021,186.97000122070312,187.08999633789062,327100.0,190.44000244140625,187.8800048828125,187.12770080566406
22-02-2021,183.52999877929688,186.19000244140625,414400.0,187.5800018310547,184.3800048828125,184.0237274169922
23-02-2021,185.3000030517578,187.75,587700.0,191.0,187.82000732421875,187.4570770263672
24-02-2021,187.6199951171875,188.10000610351562,440300.0,197.17999267578125,196.74000549316406,196.35983276367188
25-02-2021,191.6199951171875,196.30999755859375,293500.0,196.30999755859375,193.1999969482422,192.82667541503906
26-02-2021,191.67999267578125,194.08999633789062,385100.0,196.3699951171875,192.41000366210938,192.0382080078125
01-03-2021,193.25,195.0500030517578,264700.0,196.58999633789062,193.77999877929688,193.40554809570312
02-03-2021,190.27000427246094,193.88999938964844,225200.0,195.44000244140625,192.9600067138672,192.58714294433594
03-03-2021,191.86000061035156,192.75999450683594,231600.0,197.63999938964844,194.60000610351562,194.22396850585938
04-03-2021,189.74000549316406,194.19000244140625,333400.0,196.0500030517578,191.47000122070312,191.1000213623047
05-03-2021,190.42999267578125,193.64999389648438,199000.0,196.49000549316406,196.0,195.6212615966797
08-03-2021,195.0,196.47000122070312,222300.0,200.30999755859375,196.52999877929688,196.15023803710938
09-03-2021,195.94000244140625,197.38999938964844,391000.0,198.3000030517578,197.1999969482422,196.81893920898438
10-03-2021,197.02000427246094,198.36000061035156,213100.0,202.11000061035156,201.72000122070312,201.33021545410156
11-03-2021,200.02000427246094,201.22000122070312,148600.0,202.6999969482422,200.8699951171875,200.48184204101562
12-03-2021,199.4499969482422,200.92999267578125,195900.0,202.97999572753906,201.7100067138672,201.3202362060547
15-03-2021,200.32000732421875,202.17999267578125,230300.0,208.2100067138672,207.24000549316406,206.8395538330078
16-03-2021,202.60000610351562,207.0,247100.0,207.0,206.14999389648438,205.75164794921875
17-03-2021,202.82000732421875,204.7100067138672,187800.0,208.74000549316406,205.72999572753906,205.33245849609375
18-03-2021,203.91000366210938,205.75999450683594,160900.0,207.9199981689453,205.24000549316406,204.84341430664062
19-03-2021,201.14999389648438,204.6300048828125,567900.0,205.3699951171875,202.16000366210938,201.7693634033203
22-03-2021,197.6999969482422,201.75,257900.0,203.1300048828125,201.7100067138672,201.3202362060547
23-03-2021,197.00999450683594,200.24000549316406,201700.0,200.9499969482422,198.1300048828125,197.7471466064453
24-03-2021,199.02999877929688,199.6300048828125,225600.0,202.2899932861328,199.7100067138672,199.3240966796875
25-03-2021,197.32000732421875,199.52000427246094,158400.0,202.0500030517578,201.32000732421875,200.9309844970703
26-03-2021,198.9600067138672,202.16000366210938,221500.0,203.9600067138672,203.58999633789062,203.19659423828125
29-03-2021,202.10000610351562,202.69000244140625,276900.0,207.6199951171875,202.9600067138672,202.5678253173828
30-03-2021,201.1699981689453,203.5399932861328,176300.0,204.02999877929688,204.02999877929688,203.6357421875
31-03-2021,198.3000030517578,202.8300018310547,259600.0,204.55999755859375,198.67999267578125,198.29608154296875
01-04-2021,198.07000732421875,199.5399932861328,162400.0,203.61000061035156,202.3800048828125,201.9889373779297
05-04-2021,201.92999267578125,203.05999755859375,140700.0,204.8000030517578,202.52000427246094,202.12867736816406
06-04-2021,200.22999572753906,202.57000732421875,200300.0,204.49000549316406,202.99000549316406,202.59776306152344
07-04-2021,199.75999450683594,203.7899932861328,151400.0,203.7899932861328,201.6699981689453,201.28030395507812
08-04-2021,198.55999755859375,201.97999572753906,175000.0,203.88999938964844,201.02999877929688,200.64154052734375
09-04-2021,200.13999938964844,201.25999450683594,107100.0,204.0399932861328,203.1199951171875,202.72750854492188
12-04-2021,202.9199981689453,203.13999938964844,93700.0,204.55999755859375,203.5800018310547,203.18661499023438
13-04-2021,201.13999938964844,203.47999572753906,112900.0,203.82000732421875,201.91000366210938,201.5198516845703
14-04-2021,201.1699981689453,201.1699981689453,123600.0,203.97000122070312,203.47000122070312,203.0768280029297
15-04-2021,201.5,203.6999969482422,129000.0,205.2899932861328,204.58999633789062,204.1946563720703
16-04-2021,204.89999389648438,205.89999389648438,127300.0,206.97000122070312,206.22000122070312,205.82151794433594
19-04-2021,205.00999450683594,205.8699951171875,151300.0,207.1199951171875,205.92999267578125,205.53207397460938
20-04-2021,204.75,206.1199951171875,143800.0,208.0399932861328,206.1999969482422,205.8015594482422
21-04-2021,206.3699951171875,207.1999969482422,169500.0,210.8000030517578,209.52000427246094,209.11514282226562
22-04-2021,208.6999969482422,208.99000549316406,173300.0,213.13999938964844,210.7899932861328,210.38267517089844
23-04-2021,211.1199951171875,212.22000122070312,217300.0,215.0,213.92999267578125,213.51661682128906
26-04-2021,213.47000122070312,214.97999572753906,319000.0,217.9499969482422,213.6300048828125,213.2172088623047
27-04-2021,212.39999389648438,214.0,138100.0,214.9199981689453,214.10000610351562,213.68629455566406
28-04-2021,212.85000610351562,213.91000366210938,88500.0,215.0,213.61000061035156,213.19723510742188
29-04-2021,212.86000061035156,213.30999755859375,279100.0,223.3699951171875,214.89999389648438,214.4847412109375
30-04-2021,210.24000549316406,213.85000610351562,209200.0,213.85000610351562,211.41000366210938,211.00149536132812
03-05-2021,208.14999389648438,212.72999572753906,216700.0,213.3699951171875,208.61000061035156,208.20689392089844
04-05-2021,208.0500030517578,208.72999572753906,156600.0,212.02000427246094,211.3000030517578,210.89170837402344
05-05-2021,207.50999450683594,211.55999755859375,188200.0,211.97000122070312,208.5,208.09710693359375
06-05-2021,207.8699951171875,209.50999450683594,260400.0,210.52000427246094,208.5800018310547,208.1769561767578
07-05-2021,206.60000610351562,206.60000610351562,125900.0,210.67999267578125,208.8300018310547,208.4264678955078
10-05-2021,208.13999938964844,209.6699981689453,108000.0,211.67999267578125,208.67999267578125,208.27674865722656
11-05-2021,205.50999450683594,207.22000122070312,173300.0,208.72999572753906,207.4199981689453,207.01919555664062
12-05-2021,199.85000610351562,208.02000427246094,145800.0,208.02000427246094,200.02999877929688,199.6434783935547
13-05-2021,200.61000061035156,200.61000061035156,215200.0,206.8800048828125,205.42999267578125,205.0330352783203
14-05-2021,204.7100067138672,206.22999572753906,134100.0,207.5,205.8699951171875,205.47218322753906
17-05-2021,201.9499969482422,205.97000122070312,112500.0,206.97999572753906,203.99000549316406,203.5958251953125
18-05-2021,200.5399932861328,203.17999267578125,132500.0,204.30999755859375,200.69000244140625,200.3022003173828
19-05-2021,197.1999969482422,199.22999572753906,122000.0,199.4499969482422,198.97999572753906,198.5955047607422
20-05-2021,198.27999877929688,198.97999572753906,218100.0,200.77999877929688,199.4499969482422,199.06459045410156
21-05-2021,199.50999450683594,200.25999450683594,369700.0,202.75999450683594,201.8300018310547,201.44000244140625
24-05-2021,200.08999633789062,201.80999755859375,274900.0,203.83999633789062,202.47000122070312,202.47000122070312
25-05-2021,213.0,219.0,567300.0,220.47999572753906,216.8300018310547,216.8300018310547
26-05-2021,211.67999267578125,216.2899932861328,478800.0,217.24000549316406,215.8000030517578,215.8000030517578
27-05-2021,214.35000610351562,215.3300018310547,623900.0,223.49000549316406,223.42999267578125,223.42999267578125
28-05-2021,218.85000610351562,223.2899932861328,221400.0,223.2899932861328,221.69000244140625,221.69000244140625
01-06-2021,221.17999267578125,223.5399932861328,188900.0,224.83999633789062,221.6699981689453,221.6699981689453
02-06-2021,218.2899932861328,222.75,166000.0,223.66000366210938,221.52999877929688,221.52999877929688
03-06-2021,219.35000610351562,220.72999572753906,243800.0,222.7899932861328,220.50999450683594,220.50999450683594
04-06-2021,220.27000427246094,221.8800048828125,197500.0,224.8800048828125,224.16000366210938,224.16000366210938
07-06-2021,221.64999389648438,224.3699951171875,279100.0,224.7100067138672,222.55999755859375,222.55999755859375
08-06-2021,221.00999450683594,222.0,159200.0,223.77999877929688,222.32000732421875,222.32000732421875
09-06-2021,220.74000549316406,222.1300048828125,202900.0,222.50999450683594,222.10000610351562,222.10000610351562
10-06-2021,221.63999938964844,224.32000732421875,143500.0,224.32000732421875,223.1699981689453,223.1699981689453
11-06-2021,221.11000061035156,223.72000122070312,125300.0,223.86000061035156,222.39999389648438,222.39999389648438
14-06-2021,220.94000244140625,221.85000610351562,161800.0,222.91000366210938,221.2899932861328,221.2899932861328
15-06-2021,220.32000732421875,222.4199981689453,122500.0,223.61000061035156,223.02000427246094,223.02000427246094
16-06-2021,219.0500030517578,223.02000427246094,184600.0,223.3000030517578,219.42999267578125,219.42999267578125
17-06-2021,216.38999938964844,219.75,145800.0,219.75,217.77000427246094,217.77000427246094
18-06-2021,212.52000427246094,214.77999877929688,417700.0,217.10000610351562,215.25999450683594,215.25999450683594
21-06-2021,216.33999633789062,217.30999755859375,151200.0,220.67999267578125,219.55999755859375,219.55999755859375
22-06-2021,218.02999877929688,219.2899932861328,126200.0,220.1199951171875,219.02000427246094,219.02000427246094
23-06-2021,217.55999755859375,218.89999389648438,150900.0,220.39999389648438,217.89999389648438,217.89999389648438
24-06-2021,217.47000122070312,218.85000610351562,333600.0,220.16000366210938,218.10000610351562,218.10000610351562
25-06-2021,218.19000244140625,218.99000549316406,1381500.0,223.1199951171875,220.6699981689453,220.6699981689453
28-06-2021,218.00999450683594,221.6300048828125,243600.0,222.33999633789062,218.69000244140625,218.69000244140625
29-06-2021,218.74000549316406,219.38999938964844,197100.0,221.52999877929688,219.60000610351562,219.60000610351562
30-06-2021,218.74000549316406,219.60000610351562,205400.0,220.47000122070312,219.50999450683594,219.50999450683594
01-07-2021,218.13999938964844,219.88999938964844,215900.0,221.64999389648438,218.41000366210938,218.41000366210938
02-07-2021,217.58999633789062,218.69000244140625,120700.0,220.67999267578125,220.1999969482422,220.1999969482422
06-07-2021,217.5399932861328,221.4199981689453,226400.0,221.4199981689453,218.1300048828125,218.1300048828125
07-07-2021,215.49000549316406,217.6199951171875,297000.0,221.5,221.07000732421875,221.07000732421875
08-07-2021,215.22000122070312,217.8300018310547,319600.0,219.32000732421875,216.3800048828125,216.3800048828125
09-07-2021,217.3800048828125,218.35000610351562,189300.0,221.49000549316406,221.3000030517578,221.3000030517578
12-07-2021,219.39999389648438,220.50999450683594,160800.0,222.02999877929688,221.2899932861328,221.2899932861328
13-07-2021,219.8000030517578,220.5800018310547,134900.0,221.8800048828125,219.99000549316406,219.99000549316406
14-07-2021,219.9600067138672,220.42999267578125,162300.0,222.9499969482422,220.80999755859375,220.80999755859375
15-07-2021,219.99000549316406,219.99000549316406,128700.0,223.3699951171875,222.25,222.25
16-07-2021,221.7100067138672,223.14999389648438,175800.0,224.16000366210938,221.8699951171875,221.8699951171875
19-07-2021,216.80999755859375,219.3300018310547,135200.0,219.97999572753906,218.5,218.5
20-07-2021,219.25999450683594,219.25999450683594,229300.0,225.44000244140625,223.9199981689453,223.9199981689453
21-07-2021,223.69000244140625,224.99000549316406,113400.0,226.75999450683594,224.52000427246094,224.52000427246094
22-07-2021,221.92999267578125,224.32000732421875,106500.0,224.97000122070312,222.67999267578125,222.67999267578125
23-07-2021,222.22999572753906,223.85000610351562,75100.0,225.0,224.99000549316406,224.99000549316406
26-07-2021,222.52000427246094,224.99000549316406,145100.0,225.0,224.3000030517578,224.3000030517578
27-07-2021,221.0,224.3000030517578,118000.0,224.3000030517578,221.39999389648438,221.39999389648438
28-07-2021,220.39999389648438,221.77999877929688,94100.0,223.9199981689453,222.6999969482422,222.6999969482422
29-07-2021,223.1699981689453,223.89999389648438,106300.0,227.0,225.0399932861328,225.0399932861328
30-07-2021,223.97999572753906,223.97999572753906,213600.0,226.85000610351562,226.1300048828125,226.1300048828125
02-08-2021,,,,,,
03-08-2021,226.75,227.60000610351562,137200.0,229.27999877929688,228.16000366210938,228.16000366210938
04-08-2021,226.32000732421875,227.89999389648438,10650000.0,228.6999969482422,226.50999450683594,226.50999450683594
05-08-2021,224.60000610351562,226.77999877929688,13670000.0,227.5,225.5,225.5
06-08-2021,224.3000030517578,225.82000732421875,8490000.0,227.35000610351562,224.9199981689453,224.9199981689453
09-08-2021,220.74000549316406,224.17999267578125,12980000.0,224.17999267578125,222.14999389648438,222.14999389648438
10-08-2021,221.0,223.0800018310547,15920000.0,224.3800048828125,221.6300048828125,221.6300048828125
11-08-2021,222.14999389648438,223.2100067138672,11290000.0,224.5800018310547,223.3699951171875,223.3699951171875
12-08-2021,222.07000732421875,223.83999633789062,14820000.0,227.42999267578125,226.55999755859375,226.55999755859375
13-08-2021,225.6999969482422,226.9499969482422,15950000.0,229.1199951171875,228.58999633789062,228.58999633789062
16-08-2021,225.7899932861328,227.94000244140625,9550000.0,229.80999755859375,229.5500030517578,229.5500030517578
17-08-2021,226.1300048828125,227.83999633789062,10160000.0,229.16000366210938,228.8800048828125,228.8800048828125
18-08-2021,226.64999389648438,228.14999389648438,8290000.0,229.6999969482422,227.07000732421875,227.07000732421875
19-08-2021,225.77000427246094,225.9499969482422,11210000.0,228.5,226.13999938964844,226.13999938964844
20-08-2021,225.6300048828125,226.63999938964844,12590000.0,230.5800018310547,230.25999450683594,230.25999450683594
23-08-2021,230.07000732421875,231.07000732421875,13990000.0,232.66000366210938,231.02000427246094,231.02000427246094
24-08-2021,230.88999938964844,230.88999938964844,13880000.0,234.47000122070312,233.36000061035156,233.36000061035156
25-08-2021,232.2899932861328,234.1999969482422,16360000.0,235.0399932861328,233.52999877929688,233.52999877929688
26-08-2021,231.64999389648438,233.00999450683594,13110000.0,234.99000549316406,232.5,232.5
27-08-2021,232.63999938964844,233.47999572753906,15930000.0,235.77999877929688,233.5399932861328,233.5399932861328
30-08-2021,233.0500030517578,233.27000427246094,329080.0,239.32000732421875,238.82000732421875,238.82000732421875
